9 12 11 9 12 4 15 14 11 13 10 12 0 7 1 15 9 2 8 0 13 16 14 3 10 2 3 12 4 15 15 0 2 4 15 4 0 15 15 2 1 14 0 15 6 8 7 15 4 1 3 10 16 7 9 7 11 2 4 0 0 11 13 7 13 1 6 0 7 10 7 14 2 6 4 16 5 12 5 16
4 6 16 6 16 5 16 15 6 7 15 15 12 12 1 12 14 8 2 11 2 14 9 10 10 11 14 0 11 13 11 14 5 5 15 2 13 5 2 15 1 15 6 0 7 0 5 8 16 7 5 10 16 4 10 11 4 3 3 3 7 10 6 5 10 1 5 7 0 15 10 14 11 7 0 12 9 12 4 4
16 15 0 5 11 5 9 11 11 10 16 10 16 14 12 11 0 12 16 2 1 11 10 15 15 12 4 10 1 15 12 11 5 13 15 1 5 13 6 4 4 4 1 5 7 4 15 7 7 6 4 1 16 1 10 10 11 9 7 0 13 9 5 12 0 14 2 5 15 8 2 16 12 3 8 8 12 8 5 14
10 11 7 9 13 6 0 11 8 14 7 12 0 7 15 10 9 10 9 12 0 1 0 3 12 10 15 0 14 1 4 2 4 12 1 2 13 15 7 7 14 3 0 14 0 3 9 16 7 1 7 10 16 2 11 11 11 6 10 9 5 5 1 9 5 1 1 15 3 15 7 16 6 12 16 11 7 3 15 6
2 0 5 4 5 4 7 8 15 16 12 13 9 14 11 10 12 1 16 2 15 2 16 14 11 3 15 0 1 12 0 14 2 0 5 6 0 4 0 15 14 7 5 3 6 7 3 1 9 7 1 16 3 8 10 11 2 7 7 4 1 4 7 1 3 2 15 10 7 15 1 9 15 3 0 5 1 12 1 2
6 12 9 5 16 5 15 13 7 6 16 9 7 11 1 10 12 0 2 16 9 3 9 3 10 15 3 16 12 1 2 13 15 5 0 13 1 16 2 1 5 16 2 16 1 15 5 9 5 5 8 16 7 9 4 10 5 8 4 4 3 3 8 8 6 3 7 16 16 11 8 11 4 4 11 3 5 15 3 11
8 4 6 14 14 15 8 9 8 11 10 1 1 7 1 10 15 2 2 2 13 13 10 11 15 15 13 1 2 4 4 1 15 12 14 1 5 13 14 15 1 7 3 6 3 16 8 7 7 7 5 7 8 4 0 11 3 0 10 12 5 11 10 13 3 16 11 12 2 10 1 7 7 15 9 2 3 8 13 10
2 11 6 4 5 8 16 0 11 14 8 8 6 0 12 16 16 11 11 2 2 12 14 0 10 1 12 4 15 12 1 4 14 14 3 16 4 1 5 4 2 2 7 14 16 5 4 3 16 15 5 2 1 5 4 7 3 9 0 8 3 1 11 12 10 9 6 10 15 16 11 13 5 1 12 1 1 5 1 10
7 13 0 16 13 5 10 9 11 0 15 7 11 15 8 10 0 0 12 11 2 10 13 2 16 10 13 16 14 0 14 15 13 5 14 1 0 15 3 0 16 7 2 1 7 1 15 0 16 15 4 10 7 1 6 1 8 8 1 11 7 0 12 12 11 9 2 2 3 15 3 1 4 10 0 12 1 12 10 8
13 0 8 12 10 12 5 8 13 14 6 10 14 0 1 1 1 8 16 2 15 15 16 10 12 16 0 14 15 3 15 15 13 14 14 1 6 14 1 4 4 4 3 16 5 16 9 0 2 16 6 6 10 6 10 9 1 1 12 2 11 4 10 2 5 3 3 0 3 0 14 6 4 10 13 13 12 1 16 7
