12 4 6 9 16 20 19 14 11 13 10 9 11 1 1 19 1 2 17 2 20 17 13 3 17 3 0 20 16 3 20 4 13 13 13 5 13 18 15 5 19 16 2 16 8 6 16 19 8 16 20 4 2 18 0 18 10 19 20 8 0 8 11 6 1 1 4 8 4 13 1 8 8 1 11 7 10 15 16 4 1 19 15 19 14 13 19 3 2 6 16 14 16 20 0 9 3 1 1 2
13 16 6 5 18 9 20 8 8 10 13 14 14 0 11 11 20 14 2 13 12 12 3 3 13 13 12 18 19 2 13 14 4 3 18 19 6 7 2 2 15 5 0 0 17 5 1 20 1 17 19 10 19 6 0 8 11 19 2 5 12 9 2 6 14 9 2 2 0 10 5 7 3 16 13 12 2 8 0 16 20 12 20 18 16 17 4 11 0 3 7 6 16 9 4 9 19 2 14 3
7 7 11 8 11 18 5 15 16 8 18 16 1 18 1 14 17 15 14 16 2 14 1 11 18 3 18 20 19 2 17 15 2 18 14 17 20 14 6 14 15 0 20 5 7 3 6 4 9 18 9 9 4 20 18 4 9 10 4 8 1 19 9 2 3 20 11 8 11 9 9 11 13 9 7 16 1 17 0 13 18 19 4 15 20 3 19 19 17 1 1 9 14 13 16 5 20 11 15 10
13 6 13 5 8 10 15 14 16 10 16 11 0 1 14 1 16 15 0 1 12 1 11 3 10 12 11 0 17 1 14 12 5 1 18 19 19 6 1 14 15 15 0 7 18 18 19 6 16 2 8 5 10 18 2 18 18 18 6 20 3 10 8 7 6 11 8 9 13 14 5 7 8 9 7 15 15 4 0 10 16 16 16 20 5 19 2 12 11 2 7 3 8 19 8 13 2 5 9 10
12 8 13 20 0 7 17 6 15 9 14 16 14 1 8 8 11 20 16 9 0 14 19 12 13 14 19 4 4 17 16 5 3 3 14 6 2 14 14 1 4 1 0 18 1 9 16 19 0 20 18 17 8 11 6 18 6 19 11 19 1 2 0 9 20 5 6 2 9 1 1 7 3 8 10 17 13 2 20 19 19 20 2 19 8 19 2 1 18 0 1 2 12 16 9 2 6 17 2 19
8 12 13 7 11 18 17 14 9 9 0 13 8 0 10 14 16 1 0 2 20 2 16 10 11 2 3 18 3 16 1 20 12 1 5 19 1 4 14 16 14 0 16 3 1 15 8 2 17 0 7 6 10 17 7 7 18 11 5 12 20 19 3 12 20 7 20 1 9 15 15 3 2 12 5 13 4 12 1 14 13 20 11 6 20 19 5 5 20 2 19 20 9 19 9 20 9 1 20 3
13 19 13 16 10 8 10 10 16 12 10 7 13 14 1 9 9 1 14 20 9 18 3 14 15 3 18 12 11 2 15 18 12 16 17 4 1 3 0 6 19 17 2 17 20 5 17 20 4 20 9 6 7 4 8 18 3 18 0 6 1 9 3 20 9 2 4 7 13 14 14 8 10 14 14 12 17 17 8 19 8 19 7 10 0 8 14 13 3 6 15 5 18 20 1 10 6 20 12 3
9 12 18 9 9 0 0 14 0 7 15 14 1 1 0 1 19 9 18 17 2 20 13 3 20 14 19 18 12 2 0 3 6 16 6 20 19 3 6 16 0 5 1 16 20 6 19 17 19 10 6 6 7 11 11 3 10 4 2 20 5 12 3 20 3 0 11 12 5 5 5 15 6 16 6 7 7 9 20 15 19 7 14 19 6 20 15 20 12 0 1 6 19 16 2 3 4 2 11 1
18 19 18 11 0 11 7 14 10 10 15 7 14 19 1 10 0 18 9 15 15 11 13 16 3 12 18 1 17 1 15 18 18 1 13 15 17 17 4 7 19 1 16 16 0 17 20 9 20 18 7 17 19 3 10 6 9 2 2 1 12 9 3 20 1 11 14 20 13 12 7 13 1 15 5 0 15 0 3 19 20 2 12 13 1 14 16 20 10 20 17 11 0 5 19 20 1 0 9 16
17 9 12 17 14 18 10 11 8 10 14 7 1 7 1 12 19 12 2 18 2 1 3 20 19 11 11 18 4 11 12 19 5 16 1 4 16 1 1 5 7 20 8 8 16 0 1 16 9 4 4 3 19 18 10 11 7 9 12 11 0 10 9 7 20 8 1 12 1 12 12 2 1 7 6 12 17 13 2 20 19 19 20 20 9 20 20 20 18 4 13 11 5 16 12 8 5 0 7 14
