19 4 4 6 15 15 12 18 13 22 14 19 22 23 10 20 17 9 0 10 16 17 2 18 16 11 0 16 5 24 3 5 1 23 4 4 6 19 23 3 7 15 2 16 16 22 1 4 0 9 21 10 4 0 10 22 9 11 19 1 9 5 4 9 4 1 0 9 22 3 8 11 13 24 12 15 7 4 0 24 0 7 24 14 14 7 9 5 7 13 2 5 17 13 17 24 16 15 24 14 15 6 23 16 23 16 19 19 20 12 21 6 5 0 4 13 23 12 10 18
13 20 16 13 6 14 6 8 17 9 0 8 1 1 22 1 13 10 13 2 10 10 12 13 18 17 19 3 17 18 19 4 19 17 17 0 19 24 17 7 5 15 7 18 4 2 19 22 7 1 10 7 18 10 6 3 1 1 5 20 2 20 5 24 11 24 22 7 22 15 15 23 24 13 23 10 14 15 10 24 17 3 11 10 14 18 5 7 7 1 7 4 18 12 24 3 23 21 15 23 17 2 5 24 23 5 23 1 19 2 19 23 6 9 7 16 7 11 8 6
20 15 8 17 7 13 9 11 12 22 21 7 22 15 20 12 19 11 2 22 2 19 1 12 22 14 15 0 24 20 1 4 0 2 24 0 14 6 4 6 19 15 3 1 20 17 3 9 18 2 19 20 9 8 3 21 8 4 5 12 10 22 12 23 7 23 5 24 22 0 12 4 10 7 8 23 9 6 24 5 17 3 18 0 16 5 15 20 12 13 21 12 19 24 23 14 23 10 4 12 23 11 16 17 13 18 3 23 17 11 18 18 7 22 15 23 13 5 20 9
11 18 7 4 17 21 21 24 9 21 0 0 9 0 1 18 10 2 16 17 14 12 18 3 23 11 2 13 15 4 16 23 5 20 13 2 20 24 15 5 6 16 2 6 16 8 18 4 24 17 3 4 0 23 23 4 19 24 6 2 12 0 21 6 7 21 14 13 8 1 22 7 24 11 6 15 9 6 24 16 2 17 12 14 6 19 5 5 4 6 15 20 1 15 15 13 24 10 24 4 10 16 9 9 18 12 18 6 24 19 23 18 0 0 17 0 5 24 3 8
17 20 12 9 7 15 13 22 8 12 0 13 21 10 11 24 11 2 21 2 2 10 20 10 15 23 2 13 21 1 5 4 5 18 23 14 19 18 2 4 20 0 16 7 17 1 3 6 8 18 1 3 1 8 0 0 6 24 11 2 20 5 11 21 21 10 13 11 12 14 5 1 3 5 8 23 4 12 12 14 24 15 7 0 1 7 2 9 17 1 1 11 7 14 23 7 23 18 2 24 4 24 16 6 14 14 23 14 0 13 24 15 9 14 0 2 24 22 16 22
15 5 24 5 15 9 7 23 10 18 14 20 7 1 21 8 10 12 2 12 10 21 3 22 14 3 21 3 1 4 15 20 5 23 0 15 6 1 14 7 5 23 21 20 21 20 22 21 3 19 4 4 3 5 9 11 0 22 7 20 23 3 13 5 2 22 21 7 14 22 2 7 4 11 16 11 1 3 0 11 17 1 13 1 18 15 9 17 11 17 5 7 13 12 23 11 19 23 20 18 14 24 15 11 13 6 9 6 22 7 4 2 14 13 8 10 20 5 21 22
5 12 16 16 19 14 17 0 0 16 8 11 13 1 9 14 18 2 2 2 20 0 15 22 15 19 19 17 4 16 17 13 19 16 5 20 18 6 3 5 4 15 1 8 8 8 8 20 21 6 24 18 10 1 2 21 5 7 22 6 8 8 7 11 23 23 5 22 7 22 14 13 23 8 16 11 11 9 3 15 24 0 4 0 6 5 19 14 8 6 0 20 11 4 23 21 10 24 4 20 23 6 5 23 18 20 8 24 1 13 7 24 12 24 23 1 5 23 4 15
20 13 14 7 7 8 16 8 15 12 7 21 7 0 1 24 1 9 1 18 21 15 20 2 20 11 17 4 2 13 20 2 17 13 5 23 6 6 18 20 6 18 19 16 19 8 8 1 24 1 6 8 20 5 8 9 10 24 22 22 20 4 2 10 10 2 11 8 14 12 5 11 22 0 14 13 15 10 14 5 24 0 7 13 11 2 7 4 15 2 1 0 2 10 6 16 23 2 23 1 23 18 24 24 16 24 24 1 5 10 24 20 19 2 3 20 24 18 12 24
15 13 15 21 24 19 7 10 15 6 20 12 11 1 15 1 23 9 13 22 18 3 3 15 3 11 20 4 12 15 15 3 14 15 14 19 6 16 15 2 3 4 22 2 8 16 19 16 7 3 7 0 10 6 11 24 11 10 23 24 21 6 7 1 23 13 3 7 11 3 24 24 11 11 24 6 4 24 0 14 3 16 17 6 13 18 13 15 14 20 6 13 24 23 23 24 12 23 8 24 0 24 24 8 17 13 23 20 8 8 20 24 20 23 4 0 5 1 19 4
8 0 23 11 0 11 23 9 24 11 10 19 19 10 10 19 1 19 2 20 1 2 1 10 22 14 13 19 13 21 21 5 13 5 13 24 15 18 15 17 23 2 22 16 0 17 17 21 1 10 22 5 10 5 4 19 10 22 23 2 5 9 12 9 13 7 5 11 22 2 15 5 23 7 12 3 24 3 2 3 1 16 14 0 10 11 16 19 4 2 17 21 6 24 14 23 2 24 7 22 24 1 23 16 20 23 23 24 23 24 9 12 23 23 9 23 23 11 22 3
