13 17 15 24 14 8 28 6 11 20 28 9 8 21 1 19 21 20 2 17 1 2 23 11 22 18 20 23 4 16 15 5 5 15 5 4 16 20 3 4 20 0 7 28 8 8 8 18 7 18 0 3 18 4 20 27 11 20 5 8 20 27 5 11 25 0 22 3 26 3 23 15 12 24 24 27 24 6 28 27 28 17 26 27 10 26 27 9 13 1 0 2 28 16 2 14 7 4 13 20 3 7 13 23 5 13 7 23 27 25 27 28 28 2 28 2 28 21 23 27 28 28 15 27 16 28 22 1 20 19 13 3 1 0 27 12 7 26 8 3
21 10 23 9 14 11 12 27 18 10 14 15 27 1 28 24 1 0 2 13 0 2 16 18 2 12 2 28 12 3 2 5 21 20 15 16 24 25 27 16 7 6 7 23 3 27 1 1 28 25 20 25 10 24 5 26 11 20 28 4 3 7 3 24 22 22 2 14 28 23 6 11 2 28 0 8 13 25 6 12 27 5 27 18 14 1 7 27 2 17 16 28 20 19 28 9 15 8 21 0 9 12 7 20 5 19 11 28 27 2 27 26 27 28 28 14 27 3 2 27 2 12 27 8 16 24 27 19 1 7 19 28 11 28 19 3 15 23 7 2
22 12 28 19 23 11 14 19 0 9 16 27 21 1 9 17 23 25 2 1 17 18 1 17 21 4 12 20 19 4 12 0 2 28 17 5 6 23 23 4 0 7 6 17 22 5 27 7 19 9 6 25 3 28 6 21 23 28 25 25 10 21 9 0 13 2 22 12 22 6 0 8 8 28 9 8 28 5 25 27 16 16 5 15 27 18 5 17 15 27 2 15 20 1 5 16 7 20 0 15 8 11 7 4 4 5 18 9 28 19 27 6 12 27 25 21 27 1 6 17 27 6 26 4 9 9 12 17 26 13 11 10 26 0 15 28 14 17 8 4
4 8 23 10 8 7 14 8 17 13 7 21 15 1 1 19 19 2 11 28 1 3 21 17 3 17 22 0 18 4 20 23 5 16 21 14 28 3 18 0 27 6 27 26 1 25 8 24 24 26 24 23 19 10 9 21 24 22 24 10 21 28 22 26 13 4 2 9 25 24 26 1 10 24 8 10 16 16 12 13 1 26 14 10 18 18 2 27 16 9 15 10 28 6 21 17 18 21 17 19 6 16 1 22 11 2 10 27 27 18 27 25 27 27 28 27 27 27 20 11 27 17 14 21 27 25 25 25 27 5 24 4 10 1 18 4 8 28 2 18
26 22 23 11 9 18 12 23 11 9 0 24 0 1 16 12 18 14 2 18 14 25 26 13 18 12 26 4 14 23 17 3 1 27 15 6 23 15 21 18 16 17 18 8 27 28 9 3 18 24 24 9 7 0 8 25 24 8 28 26 10 10 12 5 13 22 25 23 6 6 1 11 2 14 25 16 16 26 13 5 16 26 7 11 3 2 16 13 27 8 9 18 6 10 11 9 19 4 17 2 13 21 13 23 0 8 9 11 27 27 24 2 27 19 27 28 27 1 16 8 28 9 20 27 18 11 7 4 4 15 10 10 16 4 16 1 26 22 12 24
13 23 28 19 18 0 11 16 10 10 9 10 14 1 18 1 1 2 2 16 2 13 22 1 3 11 0 4 0 4 3 4 16 27 16 3 5 24 22 6 6 22 22 3 27 22 23 28 3 1 5 9 23 0 10 2 28 0 6 23 3 12 26 2 11 28 26 22 12 24 2 14 27 8 11 11 7 9 14 25 17 4 11 8 6 10 7 13 15 19 17 0 28 2 7 28 15 0 19 11 12 22 0 19 4 7 25 3 27 8 27 27 24 15 3 27 16 5 23 27 4 0 27 3 20 18 20 28 1 11 4 26 24 5 26 5 13 20 17 17
23 16 13 23 27 7 9 12 17 8 17 13 12 17 14 8 12 14 17 2 2 28 21 18 11 25 4 2 15 27 5 4 25 15 5 24 14 14 21 5 15 7 27 2 20 4 22 18 19 9 8 2 8 22 3 0 23 20 26 10 20 26 0 2 5 27 13 27 13 12 4 23 24 10 5 3 13 3 17 15 26 17 8 10 8 2 7 9 16 27 28 7 13 6 16 10 8 12 12 16 16 4 20 7 10 4 14 8 9 27 10 27 18 27 12 0 6 27 27 27 28 28 23 1 4 7 21 16 4 4 4 13 26 20 8 7 8 20 9 2
26 20 22 16 14 9 11 6 25 10 8 27 11 1 23 1 16 0 14 21 2 20 17 25 3 13 3 11 2 1 3 23 20 25 0 19 2 6 15 24 19 1 6 1 18 24 8 3 8 20 1 23 0 26 4 23 1 8 21 20 4 12 26 13 13 8 22 2 8 7 12 28 11 15 1 0 6 10 26 17 12 15 15 6 13 26 7 0 27 0 7 6 16 15 17 2 1 8 12 21 2 0 15 4 10 19 0 10 16 27 27 13 28 27 27 28 11 27 8 9 28 21 27 20 28 13 14 27 27 17 4 25 24 27 6 24 6 26 4 16
15 13 0 17 19 19 16 12 25 21 13 11 1 15 17 1 17 2 17 2 24 27 21 3 19 28 13 17 5 13 5 28 16 25 22 6 19 3 27 27 22 8 16 8 18 8 27 22 0 27 19 10 2 4 3 20 11 6 27 23 11 23 13 0 0 10 9 28 23 7 6 14 27 0 9 10 25 11 10 13 4 11 13 5 3 27 17 3 16 28 20 28 16 2 19 12 19 16 5 18 5 9 1 22 14 27 27 27 28 27 27 25 27 1 15 27 10 25 27 9 28 28 7 27 25 27 6 4 28 22 27 27 26 28 20 3 27 8 28 19
9 15 11 19 21 27 11 15 17 0 16 12 8 1 11 15 14 22 2 28 13 11 2 21 23 11 3 19 4 17 24 14 4 14 18 22 28 14 26 25 19 1 7 26 6 17 25 7 27 2 1 18 10 7 28 5 2 28 22 1 24 22 28 12 24 21 23 0 26 25 7 25 11 10 10 1 27 24 26 26 8 5 18 17 1 9 27 12 18 7 27 19 20 17 20 11 3 22 0 13 2 11 22 22 12 5 15 13 21 17 12 27 0 20 27 24 1 27 20 27 19 13 2 8 4 26 8 19 22 26 9 4 17 13 2 4 13 27 8 27
