8 29 0 5 27 25 26 6 12 26 32 27 22 14 26 19 10 19 18 2 22 11 31 15 25 32 12 25 15 4 23 13 4 1 31 25 14 26 26 17 6 28 6 18 21 0 5 32 5 9 8 2 25 9 4 19 7 21 9 25 22 3 27 32 11 5 12 23 23 23 28 14 28 12 5 13 27 16 5 13 13 26 32 0 26 17 8 1 10 17 8 8 1 31 18 20 15 30 2 7 32 21 20 16 31 9 31 14 7 1 32 8 32 16 18 22 25 27 9 13 8 6 12 12 7 32 0 32 15 31 31 28 31 0 31 7 24 32 22 14 31 31 3 29 25 5 31 14 30 23 3 12 14 24 23 13 31 16 13 5
7 29 28 8 18 15 7 16 20 29 12 8 20 8 10 1 19 1 1 26 32 0 28 2 32 3 0 16 19 4 5 1 1 5 16 29 19 30 22 26 31 31 27 8 24 0 8 21 18 18 18 30 30 26 30 10 25 3 9 4 13 13 5 26 13 23 0 12 32 25 32 8 9 12 26 10 4 11 4 14 4 12 11 17 30 31 10 3 20 2 20 11 7 30 1 17 20 22 20 31 11 31 18 19 18 19 17 16 15 15 0 9 3 20 26 15 23 32 32 17 32 1 19 31 8 31 25 9 21 31 15 1 32 31 19 31 19 29 31 32 31 31 27 31 6 8 29 1 22 0 4 11 7 27 4 16 18 11 2 20
26 7 30 30 30 29 13 11 13 24 10 1 29 1 12 18 17 2 25 2 12 1 3 23 31 26 17 4 22 23 16 29 6 0 6 17 15 4 28 1 31 17 8 27 2 17 25 31 21 19 24 10 4 2 21 22 2 12 10 9 12 29 29 8 4 12 14 14 9 28 14 32 24 6 30 2 29 28 4 29 5 6 32 3 30 19 3 0 0 12 0 1 29 18 2 8 21 30 6 3 10 21 9 21 32 9 17 5 23 19 8 24 6 3 22 5 3 0 19 5 6 32 31 13 31 17 31 23 32 29 31 26 31 13 28 31 10 31 29 31 11 29 31 31 0 13 32 32 30 14 5 10 24 19 24 21 9 31 17 9
31 8 25 10 13 10 22 19 20 15 24 21 13 24 9 31 20 14 2 13 1 2 3 3 3 22 3 13 4 15 31 21 4 32 15 31 6 21 15 2 15 3 27 26 8 18 18 18 22 1 5 10 7 8 31 31 10 6 22 12 0 12 12 22 28 25 0 29 28 5 1 25 27 6 25 1 12 0 17 11 17 13 31 2 0 28 0 19 31 28 0 20 18 8 3 4 17 30 23 31 5 31 4 22 23 32 8 22 19 8 8 25 14 4 20 12 16 26 13 2 32 32 32 32 19 31 7 31 11 31 31 31 31 31 5 32 17 27 32 17 19 25 22 31 18 24 6 14 5 30 16 25 27 32 22 23 27 2 2 11
5 27 30 13 15 13 31 22 7 0 16 13 31 11 24 12 29 9 2 2 1 2 19 13 13 0 15 12 4 4 28 4 25 22 22 14 15 21 6 21 1 18 3 24 24 22 6 31 31 9 9 9 9 28 1 32 2 21 21 28 11 21 21 21 7 10 0 23 13 32 23 26 14 25 4 31 12 16 2 0 31 26 13 18 18 7 14 18 2 13 6 6 9 30 30 32 30 20 2 30 21 21 5 31 13 1 12 32 12 32 16 14 19 24 7 3 14 6 16 6 17 12 24 8 32 31 22 20 21 22 31 23 10 31 30 31 0 31 6 16 31 26 31 31 7 23 31 29 31 23 23 10 24 17 31 16 5 17 28 25
16 4 12 27 20 12 30 30 15 0 15 15 0 21 1 0 22 1 10 28 18 12 12 3 0 3 14 12 30 26 1 14 5 5 14 5 5 16 15 7 26 23 7 23 20 30 32 6 9 19 22 0 9 28 19 2 7 7 5 21 7 12 0 12 22 32 10 32 14 4 28 12 14 31 25 1 0 16 11 0 16 12 5 27 8 32 28 5 17 16 8 9 4 29 14 2 15 8 13 30 18 10 0 3 3 32 15 3 0 17 2 6 13 5 14 26 5 24 7 0 29 32 31 13 31 10 31 6 30 31 2 28 31 28 32 10 31 26 31 21 31 12 31 1 21 23 31 8 0 30 9 31 26 9 25 31 23 16 32 30
17 16 29 6 13 29 16 22 24 15 7 13 30 1 13 1 13 27 27 16 14 21 3 3 24 3 22 23 4 24 3 24 16 4 21 6 5 6 18 32 30 26 18 20 18 29 2 30 28 1 27 24 19 19 0 5 0 10 4 21 4 9 13 23 28 10 30 5 23 10 25 0 16 0 25 14 16 29 30 29 32 27 2 7 6 17 8 5 29 20 29 30 9 20 30 4 4 12 13 9 22 1 32 18 1 11 1 12 25 5 20 12 5 15 17 27 26 2 25 31 32 31 31 12 1 31 27 12 31 23 24 31 19 9 32 8 30 31 7 30 30 9 4 23 21 21 24 14 30 30 25 17 17 19 11 9 21 1 28 12
27 9 30 10 25 7 26 31 25 22 30 32 13 31 1 9 15 2 20 2 32 11 27 1 3 0 4 4 24 4 13 15 16 3 26 6 6 17 6 22 16 24 6 4 8 25 7 28 28 31 20 29 32 10 32 7 32 10 1 10 3 22 24 11 23 8 8 27 1 7 15 6 2 0 25 4 17 0 17 29 29 6 27 27 7 5 19 5 13 3 3 16 0 7 0 11 16 16 20 31 18 5 18 23 17 9 17 13 13 9 14 3 20 2 21 5 15 4 15 28 19 7 31 8 31 22 29 6 31 23 31 30 27 32 19 5 7 31 7 21 0 6 2 23 10 31 28 31 22 22 3 11 31 1 8 14 3 11 9 14
8 15 4 8 30 18 16 32 13 30 27 15 27 1 26 15 2 26 2 13 18 16 2 14 22 27 4 12 32 20 4 17 31 14 22 5 19 19 30 7 24 32 28 7 2 26 30 5 30 24 30 32 10 7 20 5 3 10 10 23 23 0 30 31 27 31 23 27 23 0 23 15 3 10 2 2 30 11 11 16 26 18 7 18 8 12 18 28 9 10 18 13 20 18 5 15 6 30 14 21 12 31 17 23 32 3 4 12 20 19 14 8 23 14 15 15 3 25 11 5 32 31 9 12 31 30 12 31 32 31 7 31 29 31 31 31 27 31 2 7 31 26 30 31 27 32 1 31 12 15 31 8 1 32 20 32 3 31 19 2
11 24 13 12 17 14 8 8 10 10 17 22 29 10 22 1 17 22 25 25 16 0 26 3 22 18 19 3 26 13 13 13 19 31 5 19 0 6 7 29 7 26 17 20 8 21 27 29 27 19 10 7 22 10 3 21 22 21 26 4 21 12 12 30 29 32 10 31 24 29 5 14 24 16 30 16 9 15 4 32 12 13 13 6 9 15 19 3 28 0 2 5 17 0 10 8 13 10 19 8 22 31 9 3 13 32 4 19 16 18 0 6 5 13 5 25 26 28 14 5 31 8 31 20 31 4 32 29 31 12 31 31 32 32 3 31 29 6 31 19 32 29 31 27 31 27 12 32 32 31 31 30 23 31 14 18 11 27 7 0
