n,sample_index,max_fidelity,ttime,cpu_time,generations
8,0,0.9936428351851566,35.00000000,8.98631835,11
8,1,0.9910149469332471,36.00000000,6.78783965,10
8,2,0.993535254953667,36.00000000,7.55354333,11
8,3,0.990315034433765,36.00000000,6.17288351,9
8,4,0.9902992297456886,38.00000000,6.19513106,9
8,5,0.9942188723330295,37.00000000,8.23913383,12
8,6,0.9916908119549814,35.00000000,5.42259741,8
8,7,0.9905473549870362,35.00000000,7.06467199,10
8,8,0.992213540772714,35.00000000,7.60563016,11
8,9,0.9908321867229016,36.00000000,6.89196062,10
8,10,0.9945604433301705,35.00000000,6.30857587,9
8,11,0.9910140591786362,35.00000000,6.89471340,10
8,12,0.9913543033189618,35.00000000,6.18627286,9
8,13,0.9900586481510141,38.00000000,7.65610862,11
8,14,0.9915730764792458,35.00000000,7.64297557,11
8,15,0.9907840143598647,36.00000000,7.64097929,11
8,16,0.9920493566062764,35.00000000,6.89201593,10
8,17,0.9905745723067092,35.00000000,7.58470845,11
8,18,0.9908597798564479,35.00000000,7.85357475,11
8,19,0.9908920989850826,35.00000000,5.84530997,8
8,20,0.9927355591238926,36.00000000,8.14269066,11
8,21,0.9902457199206052,37.00000000,7.28949380,10
8,22,0.9943477534456522,35.00000000,9.85222697,11
8,23,0.9918022222789076,36.00000000,7.37099028,10
8,24,0.9913276416020831,36.00000000,7.45323396,10
8,25,0.9918929235261533,35.00000000,8.18299842,11
8,26,0.9902905746820295,35.00000000,8.20861888,11
8,27,0.9910375590062847,37.00000000,7.31974530,10
8,28,0.9912031288662625,35.00000000,7.28341842,10
8,29,0.9954470511562223,35.00000000,7.32947302,10
8,30,0.9922363889457865,35.00000000,6.51750016,9
8,31,0.9953142196210124,35.00000000,9.42446470,13
8,32,0.9901933567678108,35.00000000,7.26169443,10
8,33,0.9906510988256677,35.00000000,8.66293669,12
8,34,0.9908068580494913,35.00000000,7.21236110,10
8,35,0.9901350352851029,35.00000000,8.04312730,11
8,36,0.9905984383386159,35.00000000,6.88776827,10
8,37,0.9911439309777359,35.00000000,6.82613230,10
8,38,0.9939915716635848,35.00000000,6.92219043,10
8,39,0.9927791922792214,35.00000000,8.26835632,12
8,40,0.9909230181758265,37.00000000,6.13145518,9
8,41,0.9913384544101268,35.00000000,6.11339426,9
8,42,0.9918836158222805,37.00000000,7.56442499,11
8,43,0.9965758248316953,35.00000000,6.87239146,10
8,44,0.9928674751305144,37.00000000,7.48210931,11
8,45,0.9930603238971761,35.00000000,6.78531790,10
8,46,0.9909543953319182,37.00000000,7.61603069,11
8,47,0.990074078680317,36.00000000,7.55579066,11
8,48,0.9924050003689261,38.00000000,7.55659270,11
8,49,0.9917434310824749,35.00000000,7.65716124,11
8,50,0.9933331974670647,35.00000000,7.61750484,11
8,51,0.9907148394707822,35.00000000,6.92429757,10
8,52,0.9921690191542909,35.00000000,8.29463315,12
8,53,0.9907898216163086,35.00000000,8.30767679,12
8,54,0.9907902458708745,36.00000000,7.72885489,11
8,55,0.9933583110074831,35.00000000,7.79143929,11
8,56,0.9917817638849344,36.00000000,8.33973765,12
8,57,0.9902578300179675,36.00000000,6.99464631,10
8,58,0.9902061135351263,35.00000000,6.94655156,10
8,59,0.990755910653867,35.00000000,7.72106314,11
8,60,0.9924733286700742,36.00000000,6.90144897,10
8,61,0.9918461720136952,35.00000000,6.93840408,10
8,62,0.9920066431499568,36.00000000,7.62206697,11
8,63,0.9929642947797452,37.00000000,6.25110126,9
8,64,0.9912576994983788,35.00000000,7.80001450,11
8,65,0.9903946255538637,35.00000000,7.68268728,11
8,66,0.9935263773956341,36.00000000,8.42427301,12
8,67,0.9918136644129397,35.00000000,4.83923960,7
8,68,0.9934335429248591,36.00000000,8.44146323,12
8,69,0.9901270987736275,35.00000000,7.02237773,10
8,70,0.9901412071156375,35.00000000,7.76330185,11
8,71,0.9929861224991086,35.00000000,7.73255372,11
8,72,0.9904785475406739,35.00000000,7.72103453,11
8,73,0.9918163563991583,35.00000000,7.03246093,10
8,74,0.9946674933707694,36.00000000,7.71211362,11
8,75,0.990941623464778,35.00000000,8.46246505,12
8,76,0.9913603763078978,36.00000000,6.16340423,9
8,77,0.9907775420829928,37.00000000,8.25012684,12
8,78,0.9912588655727069,35.00000000,5.50065804,8
8,79,0.9900098138222979,35.00000000,5.56034756,8
8,80,0.9931995692747407,35.00000000,7.57333755,11
8,81,0.9935347472269264,35.00000000,6.95700979,10
8,82,0.9905965434542324,35.00000000,6.86598611,10
8,83,0.9922935570603578,36.00000000,8.37698174,12
8,84,0.9901556912670058,35.00000000,7.70640469,11
8,85,0.9912366558772864,36.00000000,6.93933558,10
8,86,0.9929987835945259,35.00000000,6.92540407,10
8,87,0.9902005819440877,35.00000000,6.21712160,9
8,88,0.9903494239624655,35.00000000,8.34262323,12
8,89,0.9911272854098142,37.00000000,6.29618073,9
8,90,0.991482866110805,38.00000000,9.16322136,13
8,91,0.9909956476906795,38.00000000,8.33975816,12
8,92,0.9923695489711347,35.00000000,7.68145609,11
8,93,0.9944162841561411,35.00000000,5.52532196,8
8,94,0.9920160601466108,36.00000000,8.32830048,12
8,95,0.9931298792516566,35.00000000,7.66851139,11
8,96,0.9904077119377116,35.00000000,5.56308913,8
8,97,0.9906557367696842,36.00000000,6.25401449,9
8,98,0.9903529495673922,38.00000000,8.49081278,12
8,99,0.9908617987230991,35.00000000,7.00713515,10
8,100,0.9911232495978739,36.00000000,7.82907677,11
8,101,0.9902629734572784,36.00000000,7.05806446,10
8,102,0.990781741563314,36.00000000,7.80132771,11
8,103,0.9908633108216939,35.00000000,6.33927751,9
8,104,0.9901157627971767,36.00000000,6.33509111,9
8,105,0.9919970474616208,36.00000000,7.01336598,10
8,106,0.9919853321265242,35.00000000,7.99619007,11
8,107,0.9917111306948458,36.00000000,7.93712592,11
8,108,0.990792751807855,36.00000000,7.83054018,11
8,109,0.9911441215981646,35.00000000,7.04989076,10
8,110,0.9955226022252819,36.00000000,7.08991814,10
8,111,0.9911094220756284,35.00000000,7.76811361,11
8,112,0.9915386185674988,35.00000000,6.30877662,9
8,113,0.9909676478037746,35.00000000,9.12288713,13
8,114,0.9949098787439097,35.00000000,7.68692088,11
8,115,0.9922074384452233,35.00000000,8.33198977,12
8,116,0.9920677121499428,38.00000000,7.63893914,11
8,117,0.9909911738711,35.00000000,7.61739922,11
8,118,0.9926110826896066,35.00000000,7.67757678,11
8,119,0.9909970710326584,38.00000000,6.95947790,10
8,120,0.990139053307844,35.00000000,7.58383703,11
8,121,0.9905614423506859,35.00000000,6.20789433,9
8,122,0.9935081435806162,35.00000000,6.91474152,10
8,123,0.9909961861251715,35.00000000,7.72402024,11
8,124,0.990649841609812,36.00000000,7.75295115,11
8,125,0.9923622659487049,35.00000000,8.40116477,12
8,126,0.9930897948381028,35.00000000,9.05892682,13
8,127,0.995068834154163,35.00000000,8.45311594,12
8,128,0.9908231363589108,36.00000000,6.99499774,10
8,129,0.9921597785250276,36.00000000,6.84786320,10
8,130,0.9904818753973534,35.00000000,6.19954872,9
8,131,0.9922773091860752,35.00000000,5.44769573,8
8,132,0.9927467440524428,35.00000000,6.89055657,10
8,133,0.9921296293632158,35.00000000,6.18572021,9
8,134,0.9915930738861558,35.00000000,6.30736589,9
8,135,0.9928604210951159,38.00000000,8.39062786,12
8,136,0.9923493367379631,36.00000000,7.86049414,11
8,137,0.9912920556522682,37.00000000,7.73843288,11
8,138,0.9901189971902441,35.00000000,6.90207076,10
8,139,0.9902008281944575,35.00000000,8.45483065,12
8,140,0.9923581662681933,35.00000000,7.69179916,11
8,141,0.9902164939202314,36.00000000,4.86897254,7
8,142,0.9918294991160845,35.00000000,7.04581690,10
8,143,0.9917395817602208,35.00000000,6.92838550,10
8,144,0.9920568909044674,35.00000000,6.27845573,9
8,145,0.9904718804707605,36.00000000,7.72337532,11
8,146,0.99087767728417,35.00000000,7.69446087,11
8,147,0.9904458946610886,35.00000000,7.71538210,11
8,148,0.9917471787840869,35.00000000,6.26472974,9
8,149,0.9906197121683049,37.00000000,6.21558642,9
8,150,0.990729207372226,36.00000000,5.57086229,8
8,151,0.9929274649987067,35.00000000,4.79519510,7
8,152,0.9928929371747056,35.00000000,7.58931637,11
8,153,0.9922041440353782,37.00000000,8.94245124,13
8,154,0.99031904492058,37.00000000,7.72047687,11
8,155,0.9918608757872919,35.00000000,7.60219169,11
8,156,0.9901102649461879,37.00000000,5.49611688,8
8,157,0.990514137367049,36.00000000,4.79619241,7
8,158,0.9919818966461136,36.00000000,7.61695004,11
8,159,0.9936660484807697,35.00000000,7.53722525,11
8,160,0.9901944396935226,35.00000000,5.50098777,8
8,161,0.9904713787868754,36.00000000,7.65966725,11
8,162,0.9917707588098226,35.00000000,6.17982650,9
8,163,0.993323266937641,35.00000000,8.23572373,12
8,164,0.9925073239862069,35.00000000,6.20181012,9
8,165,0.9934533896364945,38.00000000,7.59631777,11
8,166,0.9928304247141423,36.00000000,6.94611788,10
8,167,0.9934208990194879,36.00000000,6.19023299,9
8,168,0.991105025933962,36.00000000,6.24473739,9
8,169,0.9910581101697477,35.00000000,6.14690661,9
8,170,0.9943003213748095,38.00000000,6.87364388,10
8,171,0.9944335675019665,36.00000000,5.44604945,8
8,172,0.993725765230646,36.00000000,8.29690671,12
8,173,0.9913806653856693,35.00000000,6.88899565,10
8,174,0.9906419753715823,35.00000000,6.79627919,10
8,175,0.9910204690827296,38.00000000,7.60480404,11
8,176,0.9912218555779807,36.00000000,6.93054414,10
8,177,0.9905540274830117,35.00000000,6.24563694,9
8,178,0.9937628299472494,35.00000000,9.03825521,13
8,179,0.9901669086862708,35.00000000,7.84463477,11
8,180,0.9900644004299953,37.00000000,6.56642270,9
8,181,0.9940057627150166,35.00000000,8.85711384,12
8,182,0.9920285762612672,36.00000000,8.81026864,12
8,183,0.9926013736650495,35.00000000,7.30839872,10
8,184,0.9929149950312588,35.00000000,7.31231165,10
8,185,0.9951592581448617,35.00000000,8.13536406,11
8,186,0.9900550698956958,36.00000000,8.09192824,11
8,187,0.9924037283225005,35.00000000,7.34428358,10
8,188,0.9901161486397484,36.00000000,9.55856204,13
8,189,0.9914029914804224,37.00000000,8.77512670,12
8,190,0.9900421704365063,35.00000000,8.01733041,11
8,191,0.9919855721192378,36.00000000,8.73939323,12
8,192,0.991491857146839,36.00000000,7.01923895,10
8,193,0.9905575905410318,36.00000000,4.10804033,6
8,194,0.990192958748772,35.00000000,6.17793870,9
8,195,0.9922942856581309,35.00000000,6.88797212,10
8,196,0.992229467274997,37.00000000,8.41390634,12
8,197,0.9903915533754674,35.00000000,8.36078119,12
8,198,0.9910869516935374,35.00000000,5.54204106,8
8,199,0.9949503638220905,37.00000000,7.73163056,11
8,200,0.9941003724780265,36.00000000,7.67688632,11
8,201,0.9903745803123318,36.00000000,6.94401479,10
8,202,0.9906645049995311,35.00000000,6.89296389,10
8,203,0.9909841338072458,35.00000000,7.73127866,11
8,204,0.9901302410243036,35.00000000,6.94118690,10
8,205,0.9919776822787578,36.00000000,5.52678323,8
8,206,0.992996331938514,36.00000000,8.36119580,12
8,207,0.9925078354603291,35.00000000,6.94375443,10
8,208,0.9902648445634965,35.00000000,6.17005920,9
8,209,0.9901974459344085,35.00000000,5.53759170,8
8,210,0.9952927094244735,35.00000000,6.93810678,10
8,211,0.9917532688656219,36.00000000,6.80967617,10
8,212,0.9914739339155577,35.00000000,6.92695189,10
8,213,0.9934628199003425,35.00000000,8.28392100,12
8,214,0.9916316975670185,35.00000000,8.28250551,12
8,215,0.9935645112590662,35.00000000,6.97949839,10
8,216,0.9919265949855054,38.00000000,6.88807750,10
8,217,0.9920493061140798,35.00000000,6.92642808,10
8,218,0.9928471342088719,37.00000000,6.84347415,10
8,219,0.9919970313994368,36.00000000,7.65238333,11
8,220,0.9927008805650138,35.00000000,7.54695702,11
8,221,0.9914614579095452,36.00000000,9.00679135,13
8,222,0.9916210147418943,35.00000000,6.13555551,9
8,223,0.9904118830291272,38.00000000,7.56513977,11
8,224,0.9939174807111528,36.00000000,7.57136273,11
8,225,0.991313938062762,35.00000000,8.29111528,12
8,226,0.9919575983731093,35.00000000,6.18810797,9
8,227,0.9905267837239635,35.00000000,6.81558251,10
8,228,0.9915378112323998,35.00000000,6.84890676,10
8,229,0.99089174271513,35.00000000,5.46155047,8
8,230,0.9908756439403007,35.00000000,6.95554543,10
8,231,0.9912576571595332,36.00000000,5.51281476,8
8,232,0.9936292671898878,35.00000000,9.00007844,13
8,233,0.990741043538232,35.00000000,7.61572766,11
8,234,0.991967277242373,35.00000000,6.24004722,9
8,235,0.9902247304041162,35.00000000,7.65938902,11
8,236,0.9908007307905746,35.00000000,7.71254134,11
8,237,0.9900833337275688,35.00000000,6.95227623,10
8,238,0.9931388292134928,35.00000000,6.27520967,9
8,239,0.9917226393476596,36.00000000,7.66362810,11
8,240,0.9914365823474236,37.00000000,6.89875579,10
8,241,0.9940023161575061,37.00000000,7.75309324,11
8,242,0.992896624650512,35.00000000,8.28412724,12
8,243,0.9900573606270631,36.00000000,5.52895069,8
8,244,0.9911701187555305,37.00000000,8.33182716,12
8,245,0.994271308665086,35.00000000,7.62957811,11
8,246,0.9902899406027823,35.00000000,6.95162964,10
8,247,0.99556164224962,35.00000000,7.59865618,11
8,248,0.9922814945544172,36.00000000,8.35683298,12
8,249,0.9910542874435778,36.00000000,8.36457109,12
8,250,0.9908522866836392,35.00000000,6.16958427,9
8,251,0.9900567822079513,37.00000000,6.22498989,9
8,252,0.9922290617719591,37.00000000,6.92012835,10
8,253,0.9910563719221765,35.00000000,7.57900548,11
8,254,0.992031801161986,39.00000000,7.75138330,11
8,255,0.9908955908005787,35.00000000,7.64031982,11
8,256,0.9912518837541873,36.00000000,5.55734444,8
8,257,0.9904730506666408,35.00000000,6.28952527,9
8,258,0.9920431905769193,35.00000000,6.93982315,10
8,259,0.9945941909690132,36.00000000,7.63066959,11
8,260,0.9916640703358428,35.00000000,5.55200171,8
8,261,0.9938171821303475,35.00000000,7.77881813,11
8,262,0.9906733729146032,35.00000000,7.67301488,11
8,263,0.9911633004505401,36.00000000,6.18972063,9
8,264,0.9941764459681497,36.00000000,7.65597320,11
8,265,0.9914697924423268,37.00000000,6.92899656,10
8,266,0.990152468907121,35.00000000,7.49760556,11
8,267,0.9912449972721429,35.00000000,6.83510971,10
8,268,0.9918675892904181,35.00000000,7.62243056,11
8,269,0.9910817147748503,36.00000000,4.76314020,7
8,270,0.994307012668987,35.00000000,7.59124422,11
8,271,0.9913984688297592,37.00000000,8.41199517,12
8,272,0.9908734240354085,35.00000000,7.97204852,11
8,273,0.993570551087952,35.00000000,7.65058517,11
8,274,0.9901401745831806,35.00000000,6.86121988,10
8,275,0.9941555691855659,36.00000000,8.37685013,12
8,276,0.9904729212740235,37.00000000,6.93147087,10
8,277,0.991019723088718,36.00000000,7.60926485,11
8,278,0.994269093902329,36.00000000,8.32967353,12
8,279,0.990711357391161,40.00000000,7.59434247,11
8,280,0.9924622147906762,35.00000000,7.63188624,11
8,281,0.991538269154504,37.00000000,7.59766483,11
8,282,0.990249103366771,35.00000000,7.66805935,11
8,283,0.9914717676965339,36.00000000,7.71010351,11
8,284,0.9901607883823027,35.00000000,6.14930534,9
8,285,0.9905026092908751,36.00000000,7.58386230,11
8,286,0.9911182987123673,35.00000000,7.65304971,11
8,287,0.9909179291363254,37.00000000,8.95770597,13
8,288,0.9904970614504949,37.00000000,8.29197383,12
8,289,0.9917717026519501,35.00000000,8.21930718,12
8,290,0.9913922186400065,36.00000000,8.24012733,12
8,291,0.9906068472022069,35.00000000,5.42781329,8
8,292,0.9905179904434571,35.00000000,7.52292347,11
8,293,0.9939868036935765,35.00000000,6.78514719,10
8,294,0.9920851745837639,37.00000000,5.44433808,8
8,295,0.9913999428181093,35.00000000,6.81160712,10
8,296,0.9901839952425091,35.00000000,6.80462003,10
8,297,0.9901744309662818,35.00000000,6.17152762,9
8,298,0.9933532607454683,37.00000000,6.84474421,10
8,299,0.9910059772876884,35.00000000,7.57621169,11
8,300,0.9910508331106929,35.00000000,6.87486148,10
8,301,0.9957064808261221,35.00000000,5.60734344,8
8,302,0.9920665816995344,35.00000000,7.47876644,11
8,303,0.9932715408167064,35.00000000,6.78050613,10
8,304,0.9935754108898308,36.00000000,8.37069440,12
8,305,0.9901827154956166,35.00000000,7.60672998,11
8,306,0.991814030737839,35.00000000,6.26215029,9
8,307,0.9920497139915925,36.00000000,7.56755161,11
8,308,0.9924648944802585,36.00000000,7.67745805,11
8,309,0.990165923921574,35.00000000,7.83387756,11
8,310,0.9968408081179456,40.00000000,6.91600657,10
8,311,0.9923614462228754,35.00000000,6.97198439,10
8,312,0.9902747163080683,36.00000000,6.89229608,10
8,313,0.9904458399033634,36.00000000,7.62113070,11
8,314,0.9920135303069512,35.00000000,8.32176661,12
8,315,0.9914122138763473,40.00000000,6.84166479,10
8,316,0.9905462686923625,37.00000000,7.58379054,11
8,317,0.9932202594016617,35.00000000,8.36510491,12
8,318,0.9928893211167715,37.00000000,8.97353411,13
8,319,0.9911232639811273,38.00000000,6.89241743,10
8,320,0.9903177750920797,35.00000000,7.54896450,11
8,321,0.9911917924498925,35.00000000,5.48883009,8
8,322,0.9921864946547085,35.00000000,8.23473597,12
8,323,0.9918258000487641,35.00000000,8.29120874,12
8,324,0.9914951113692665,36.00000000,7.52037215,11
8,325,0.9937067723163846,35.00000000,6.16802073,9
8,326,0.9913308466185308,37.00000000,9.08389592,13
8,327,0.9931678246856542,36.00000000,4.84821677,7
8,328,0.990247775909738,35.00000000,6.89178514,10
8,329,0.9901417805797508,38.00000000,9.05828404,13
8,330,0.9943376047904375,35.00000000,4.80961204,7
8,331,0.9932329304686589,36.00000000,5.50001001,8
8,332,0.9927718803061709,35.00000000,4.84163404,7
8,333,0.9905011932432328,36.00000000,7.56624031,11
8,334,0.990853949093642,36.00000000,6.89427972,10
8,335,0.9900371084618754,35.00000000,6.36766839,9
8,336,0.991017981885758,36.00000000,7.61240888,11
8,337,0.9913262030665514,35.00000000,7.68493676,11
8,338,0.9901942741906794,35.00000000,8.03199768,11
8,339,0.9917454394480716,35.00000000,8.66647840,12
8,340,0.9914669778684241,35.00000000,7.12676024,10
8,341,0.9936200379314197,35.00000000,7.27909255,10
8,342,0.9904172052865107,35.00000000,6.50933385,9
8,343,0.9908087871664814,40.00000000,5.78826046,8
8,344,0.9912730796735044,35.00000000,6.52161098,9
8,345,0.9901613120469527,36.00000000,8.79951668,12
8,346,0.9916491310831124,37.00000000,6.62856817,9
8,347,0.9927648894081595,36.00000000,6.53828716,9
8,348,0.9911519128693901,35.00000000,8.91909838,12
8,349,0.9914136544861735,35.00000000,8.92894197,12
8,350,0.9919298106582781,35.00000000,7.72208667,11
8,351,0.9902793303198489,35.00000000,7.62345719,11
8,352,0.9923149935005218,35.00000000,7.73992801,11
8,353,0.9914605300427751,35.00000000,6.28022480,9
8,354,0.9925341849136655,35.00000000,6.95683002,10
8,355,0.9900948300592401,35.00000000,6.94097281,10
8,356,0.9922317394462317,36.00000000,7.62099051,11
8,357,0.9917446066654846,36.00000000,6.19971037,9
8,358,0.9908721387270483,35.00000000,7.01341176,10
8,359,0.9914548700660241,35.00000000,9.03654933,13
8,360,0.9912328455513773,36.00000000,6.88730860,10
8,361,0.9904898666604359,35.00000000,7.60100889,11
8,362,0.9902524783251367,36.00000000,7.64074373,11
8,363,0.990895923342803,37.00000000,6.93778157,10
8,364,0.9909697263211827,35.00000000,6.19707155,9
8,365,0.9924971559654533,35.00000000,7.68750954,11
8,366,0.9915888400259186,35.00000000,7.59236884,11
8,367,0.9926688520534556,35.00000000,6.86364579,10
8,368,0.9908807359795122,37.00000000,8.33124447,12
8,369,0.9941529502982304,35.00000000,7.80374074,11
8,370,0.9908441862401813,35.00000000,6.61827207,9
8,371,0.9922749968817393,35.00000000,7.31601143,10
8,372,0.9900467862411764,36.00000000,8.67090583,12
8,373,0.9913032804180052,35.00000000,6.23763943,9
8,374,0.9943321351984409,35.00000000,8.38112974,12
8,375,0.9913151711765511,35.00000000,8.44476414,12
8,376,0.9903911208983919,35.00000000,6.99636626,10
8,377,0.9928455348998803,36.00000000,7.56848669,11
8,378,0.9906661149716798,35.00000000,7.68771911,11
8,379,0.990279048705576,35.00000000,6.16682029,9
8,380,0.9907855084351047,35.00000000,7.60886860,11
8,381,0.9903093090143849,35.00000000,8.23678446,12
8,382,0.9901713503978123,35.00000000,7.57438731,11
8,383,0.9921971034815814,35.00000000,6.89173770,10
8,384,0.9924350574359984,35.00000000,6.86913538,10
8,385,0.9934479192197412,36.00000000,8.31773067,12
8,386,0.9901217868834666,35.00000000,7.60722733,11
8,387,0.9906958944277028,35.00000000,6.14971519,9
8,388,0.9907830315581767,37.00000000,6.93390656,10
8,389,0.9905430354163973,35.00000000,6.21021581,9
8,390,0.9909077439789971,35.00000000,6.94400024,10
8,391,0.9923272418110265,36.00000000,7.72464371,11
8,392,0.993409512100629,35.00000000,7.66984177,11
8,393,0.9951275360338838,35.00000000,7.59441900,11
8,394,0.9923094430827517,35.00000000,6.89891648,10
8,395,0.9946645906590097,37.00000000,7.83996511,11
8,396,0.9921440532991253,35.00000000,7.69205952,11
8,397,0.9914800030818013,36.00000000,7.74535966,11
8,398,0.9900989511124776,35.00000000,7.08478522,10
8,399,0.9929626552311459,35.00000000,7.00222230,10
8,400,0.9904715866866871,36.00000000,6.97539973,10
8,401,0.992148682699531,35.00000000,8.43746305,12
8,402,0.9911666804679784,35.00000000,7.03425503,10
8,403,0.9914521561271995,35.00000000,6.29855204,9
8,404,0.9948886234450012,35.00000000,7.78347516,11
8,405,0.9900580475986192,35.00000000,6.93305635,10
8,406,0.9925110716697456,35.00000000,9.07934999,13
8,407,0.9904086269053239,35.00000000,6.24484897,9
8,408,0.9913094881177974,37.00000000,8.59737849,12
8,409,0.990146810678289,35.00000000,6.95931482,10
8,410,0.99160560300192,35.00000000,7.75583816,11
8,411,0.9900979579410344,37.00000000,7.70419002,11
8,412,0.9927889475285169,35.00000000,6.94467640,10
8,413,0.9904084545485842,35.00000000,6.92728209,10
8,414,0.9928825050321238,35.00000000,8.27376723,12
8,415,0.9926277732109734,35.00000000,9.03027725,13
8,416,0.991430545597931,36.00000000,6.21735263,9
8,417,0.9921132586957965,35.00000000,8.43939877,12
8,418,0.9908883546953704,36.00000000,8.51581621,12
8,419,0.9933232902408619,36.00000000,7.00651217,10
8,420,0.993281861546327,35.00000000,6.96678638,10
8,421,0.9904039974407234,35.00000000,7.70204782,11
8,422,0.9921698874633513,37.00000000,7.67083001,11
8,423,0.9925938717595898,35.00000000,7.61842322,11
8,424,0.9920844635650519,35.00000000,5.52450871,8
8,425,0.9926208018934192,35.00000000,7.02383661,10
8,426,0.9910240918474862,40.00000000,7.00475287,10
8,427,0.9925520038879007,35.00000000,6.93670321,10
8,428,0.9905038897457885,40.00000000,6.27252793,9
8,429,0.9911997139137374,37.00000000,7.02795124,10
8,430,0.9942716925683929,35.00000000,6.96918631,10
8,431,0.9906771302876849,36.00000000,7.62801552,11
8,432,0.9921707586754159,37.00000000,8.33407164,12
8,433,0.9908940641190951,35.00000000,6.87239933,10
8,434,0.9917021127121289,35.00000000,6.90646505,10
8,435,0.9945067851697393,37.00000000,8.65285420,12
8,436,0.9926826743837907,37.00000000,7.65370750,11
8,437,0.9903330080502737,36.00000000,6.28512144,9
8,438,0.991301896337054,36.00000000,9.67622042,13
8,439,0.9930829554468978,36.00000000,7.35646343,10
8,440,0.9907919741162459,35.00000000,6.55563784,9
8,441,0.9906212857205625,38.00000000,8.13675070,11
8,442,0.990627566305777,36.00000000,8.15395021,11
8,443,0.990697187677118,36.00000000,7.14665794,10
8,444,0.9920068019115881,35.00000000,6.97920871,10
8,445,0.9920088847287184,35.00000000,5.58261752,8
8,446,0.9902850638110121,38.00000000,7.70601273,11
8,447,0.9923746178672088,38.00000000,9.09664893,13
8,448,0.9901763421994632,35.00000000,5.58707285,8
8,449,0.994872950656047,36.00000000,6.89290404,10
8,450,0.9935525193643225,37.00000000,9.17237091,13
8,451,0.9956204831492486,39.00000000,8.35614824,12
8,452,0.9902527487401324,37.00000000,5.49025083,8
8,453,0.9911743747302628,37.00000000,7.65528512,11
8,454,0.9921358135297795,38.00000000,6.82871389,10
8,455,0.9930755695125106,39.00000000,6.70786834,10
8,456,0.9907991359108581,35.00000000,6.10679889,9
8,457,0.9915771098510183,36.00000000,7.48080826,11
8,458,0.992313921004959,35.00000000,8.26190233,12
8,459,0.9910942458827817,35.00000000,8.30390286,12
8,460,0.9939250105366212,35.00000000,6.77709031,10
8,461,0.9922281234536223,35.00000000,6.84575915,10
8,462,0.9948376094642511,37.00000000,8.91968107,13
8,463,0.990504978725516,36.00000000,6.80053806,10
8,464,0.9900526054894137,35.00000000,8.21279693,12
8,465,0.9907040035460252,35.00000000,6.79158497,10
8,466,0.9904050601388177,35.00000000,8.16338539,12
8,467,0.9917115162746954,35.00000000,6.13766980,9
8,468,0.9907522257264982,37.00000000,6.13027644,9
8,469,0.991295207575045,35.00000000,7.48783779,11
8,470,0.9903063827881597,35.00000000,6.80916905,10
8,471,0.9952091056623827,35.00000000,6.91309047,10
8,472,0.9912500385987196,35.00000000,8.38075948,12
8,473,0.9949319750713267,36.00000000,6.23556256,9
8,474,0.9908941249648949,36.00000000,6.94704771,10
8,475,0.9923858550173926,36.00000000,7.71044922,11
8,476,0.990506368799866,37.00000000,8.40338111,12
8,477,0.9914357788209536,35.00000000,7.04083848,10
8,478,0.9906092822098852,35.00000000,6.95901752,10
8,479,0.9916950748597769,35.00000000,7.05709243,10
8,480,0.9926093662362421,35.00000000,6.25765967,9
8,481,0.9909205431390185,35.00000000,6.29865932,9
8,482,0.9910312015353054,39.00000000,9.28318954,13
8,483,0.9914407493754224,37.00000000,7.74401999,11
8,484,0.9952655503789835,36.00000000,7.67704463,11
8,485,0.9901363466889412,37.00000000,6.90960383,10
8,486,0.9901088336246459,36.00000000,9.12413979,13
8,487,0.9930154687339479,35.00000000,7.65189672,11
8,488,0.9905363651459365,37.00000000,5.46085310,8
8,489,0.9909781294804957,36.00000000,7.52493572,11
8,490,0.9928446722810097,35.00000000,4.75098777,7
8,491,0.9922644752967179,36.00000000,7.54821086,11
8,492,0.9929610993316202,35.00000000,6.83868551,10
8,493,0.9917220781686975,35.00000000,8.46848631,12
8,494,0.9937959658175116,36.00000000,7.57206988,11
8,495,0.9940347400903977,36.00000000,8.27049184,12
8,496,0.9907634531925381,35.00000000,7.58754325,11
8,497,0.9913288272839926,36.00000000,7.61827350,11
8,498,0.9902299288387306,37.00000000,7.66799378,11
8,499,0.9904632129401243,39.00000000,6.92083883,10
8,500,0.9924506062178118,37.00000000,9.00318956,13
8,501,0.9914447799914715,35.00000000,6.90987849,10
8,502,0.9913618906596329,39.00000000,8.42024994,12
8,503,0.9913081365479286,36.00000000,6.17703557,9
8,504,0.9902350990212806,35.00000000,7.73561859,11
8,505,0.9917505500366686,35.00000000,8.02118254,11
8,506,0.9909022569827903,36.00000000,7.27885985,10
8,507,0.9904464920148731,35.00000000,7.99238753,11
8,508,0.9908515803207253,36.00000000,8.11121368,11
8,509,0.9921516935593353,36.00000000,8.11643600,11
8,510,0.9905634725420918,36.00000000,8.06655025,11
8,511,0.9910882757027333,35.00000000,8.58345437,12
8,512,0.9903369802373544,35.00000000,6.25707507,9
8,513,0.9920082317582157,36.00000000,7.62287474,11
8,514,0.991681353455698,37.00000000,6.88926291,10
8,515,0.9923789354106449,35.00000000,6.91752768,10
8,516,0.9924315547577838,36.00000000,7.66752601,11
8,517,0.9922686968498662,35.00000000,6.25567555,9
8,518,0.9900185132935134,35.00000000,6.85052800,10
8,519,0.9914287106963039,35.00000000,6.96325350,10
8,520,0.9907479043339582,35.00000000,6.94857836,10
8,521,0.9908975385835952,37.00000000,6.16715312,9
8,522,0.9915921295848548,35.00000000,7.67573881,11
8,523,0.9911764477588514,35.00000000,7.61600304,11
8,524,0.9923758504522637,35.00000000,7.62991238,11
8,525,0.9931836587875543,36.00000000,7.57186508,11
8,526,0.9934272241580341,35.00000000,8.38316059,12
8,527,0.9902318905653957,35.00000000,6.93336868,10
8,528,0.9926587890126248,37.00000000,7.61571097,11
8,529,0.9913226066019285,36.00000000,8.28920984,12
8,530,0.9902705030503777,35.00000000,6.95960021,10
8,531,0.9920721951037177,38.00000000,7.59025693,11
8,532,0.9902377117749432,36.00000000,7.59829354,11
8,533,0.9902983289505858,35.00000000,8.34021115,12
8,534,0.9914683838460358,36.00000000,7.66580510,11
8,535,0.9926976531957278,36.00000000,7.66471028,11
8,536,0.9918715336101076,36.00000000,7.64722180,11
8,537,0.9915470152714947,37.00000000,7.67680645,11
8,538,0.9936893351870116,35.00000000,7.69270682,11
8,539,0.9903829754850371,37.00000000,9.12923741,13
8,540,0.9930059882480875,36.00000000,7.64954591,11
8,541,0.9903123408584498,35.00000000,6.92951965,10
8,542,0.9941163756270205,35.00000000,6.94125247,10
8,543,0.9925473273556632,35.00000000,7.82559562,11
8,544,0.99192029320909,35.00000000,5.50559688,8
8,545,0.9906041406127716,35.00000000,7.68640637,11
8,546,0.9903264278761468,35.00000000,7.06721258,10
8,547,0.9915429085336677,35.00000000,4.12505102,6
8,548,0.9908841716168619,35.00000000,5.54450822,8
8,549,0.9934273258212898,35.00000000,6.95197201,10
8,550,0.994340353099262,36.00000000,6.97411847,10
8,551,0.9925490314946808,35.00000000,6.96263218,10
8,552,0.9949900089728795,35.00000000,7.66210437,11
8,553,0.9940098856451594,38.00000000,8.30256033,12
8,554,0.9921630519028364,36.00000000,7.62119365,11
8,555,0.9920226035944186,37.00000000,7.59532881,11
8,556,0.9927318304154222,35.00000000,8.52465105,12
8,557,0.9907499702504796,35.00000000,7.62620044,11
8,558,0.9902033972762503,36.00000000,7.62700891,11
8,559,0.9905987930942101,36.00000000,9.00869179,13
8,560,0.9934625374667954,37.00000000,6.90291286,10
8,561,0.9901526827468392,35.00000000,6.20574355,9
8,562,0.9900241611328632,35.00000000,6.18471932,9
8,563,0.9909816325111896,35.00000000,8.21410131,12
8,564,0.9915628279827379,37.00000000,8.24837565,12
8,565,0.99259824313317,35.00000000,6.90683699,10
8,566,0.9921303420495448,35.00000000,7.06663322,10
8,567,0.9909398451597399,36.00000000,6.93809581,10
8,568,0.99396592257175,36.00000000,8.40512562,12
8,569,0.9910786001933993,36.00000000,7.75954938,11
8,570,0.9936273996871094,35.00000000,8.39418006,12
8,571,0.9916768080109722,35.00000000,8.57172561,12
8,572,0.9916406077643047,37.00000000,5.58263755,8
8,573,0.9915526790293312,35.00000000,8.45749879,12
8,574,0.9915109660337763,37.00000000,6.85250139,10
8,575,0.9913791580861965,38.00000000,6.82918906,10
8,576,0.9913530245380123,35.00000000,6.14732289,9
8,577,0.9914314764825664,35.00000000,6.85432887,10
8,578,0.9930586602396088,35.00000000,6.15398860,9
8,579,0.9925611744287823,36.00000000,7.63937449,11
8,580,0.9932709618684059,37.00000000,6.81202221,10
8,581,0.9904945264438655,35.00000000,7.53431106,11
8,582,0.9917775259342738,35.00000000,6.13620996,9
8,583,0.993346590332327,35.00000000,7.52701712,11
8,584,0.9941428599912036,35.00000000,6.92903018,10
8,585,0.991698797264169,35.00000000,6.20331240,9
8,586,0.9904540757958082,38.00000000,6.84468174,10
8,587,0.9905937656661009,37.00000000,7.56898570,11
8,588,0.9927416348956659,35.00000000,8.51064086,12
8,589,0.990756058979529,35.00000000,6.98358560,10
8,590,0.9920724253108858,35.00000000,9.30493999,13
8,591,0.9911255205555101,37.00000000,6.98177528,10
8,592,0.9904243002128807,35.00000000,7.86708021,11
8,593,0.9919673213003312,35.00000000,7.91388297,11
8,594,0.9903858672216392,35.00000000,7.27058649,10
8,595,0.9913080893161172,35.00000000,8.16002798,11
8,596,0.9912081126039831,35.00000000,7.34220004,10
8,597,0.9901576303347653,36.00000000,7.29201698,10
8,598,0.9902653550498447,35.00000000,8.80817986,12
8,599,0.9957877984022085,36.00000000,6.50901604,9
8,600,0.9940034977320382,35.00000000,8.80068016,12
8,601,0.9919300387271567,35.00000000,6.56640768,9
8,602,0.9902104889513225,35.00000000,7.42316580,10
8,603,0.9916994614693827,35.00000000,8.02633357,11
8,604,0.9925011014846024,35.00000000,8.80815554,12
8,605,0.9933044981086248,35.00000000,8.06754732,11
8,606,0.9914696126587438,35.00000000,6.51114249,9
8,607,0.9934630729168183,36.00000000,6.15360427,9
8,608,0.9925152615663688,35.00000000,7.52182150,11
8,609,0.9927181412348782,35.00000000,7.57431889,11
8,610,0.9924980209580215,37.00000000,6.15631199,9
8,611,0.9917650007857325,35.00000000,6.84745884,10
8,612,0.9917662362026046,36.00000000,6.17770696,9
8,613,0.9931830466317112,35.00000000,6.84830117,10
8,614,0.9918524807899394,36.00000000,8.69396830,12
8,615,0.9922702266940395,35.00000000,8.83543611,12
8,616,0.9949807498847442,35.00000000,6.54096675,9
8,617,0.990448178283369,37.00000000,5.80575633,8
8,618,0.9900843677829188,38.00000000,8.82144690,12
8,619,0.9945675500498403,35.00000000,8.09929538,11
8,620,0.9927507516171584,35.00000000,8.10021091,11
8,621,0.9900215697837446,35.00000000,7.64639568,11
8,622,0.9911335790322957,37.00000000,7.66384172,11
8,623,0.9915430295968335,36.00000000,8.34798861,12
8,624,0.9916115440811143,40.00000000,5.51125717,8
8,625,0.9931131271673649,36.00000000,6.96041250,10
8,626,0.9912089998168256,35.00000000,7.61556125,11
8,627,0.9934803168423754,35.00000000,7.71319008,11
8,628,0.9929722162846898,37.00000000,6.97786832,10
8,629,0.9935132596913305,36.00000000,8.40575218,12
8,630,0.9908884284930105,35.00000000,6.31023121,9
8,631,0.9921144125215914,35.00000000,7.68945193,11
8,632,0.9911038956344009,39.00000000,7.76980233,11
8,633,0.9929867444742955,35.00000000,8.30252957,12
8,634,0.9900736305919077,36.00000000,7.55848169,11
8,635,0.9905846048059568,35.00000000,6.21931887,9
8,636,0.9901202696210706,36.00000000,6.92139149,10
8,637,0.9912157601265529,38.00000000,8.31798673,12
8,638,0.9915538030319951,35.00000000,7.51060534,11
8,639,0.9910441576220963,35.00000000,6.92492700,10
8,640,0.992144644607419,35.00000000,8.30261111,12
8,641,0.9909942974230419,35.00000000,8.24983597,12
8,642,0.9934680927096119,36.00000000,5.47340775,8
8,643,0.993027580871041,36.00000000,8.24250746,12
8,644,0.9918292296129166,35.00000000,6.89678478,10
8,645,0.9949045286406704,36.00000000,8.32757068,12
8,646,0.9913037570930702,35.00000000,8.31432390,12
8,647,0.990083194182962,35.00000000,6.97111320,10
8,648,0.9916379728267735,36.00000000,8.38436532,12
8,649,0.9902286185175908,35.00000000,7.64673328,11
8,650,0.9913437377255995,35.00000000,5.39290977,8
8,651,0.9930646887379557,35.00000000,8.17806268,12
8,652,0.9927559173126663,36.00000000,7.63225842,11
8,653,0.9900224844016527,35.00000000,6.97111797,10
8,654,0.9902204042067857,35.00000000,6.89464593,10
8,655,0.9918209630727629,36.00000000,7.64288187,11
8,656,0.9907243448333423,36.00000000,6.89174867,10
8,657,0.9919598257278434,36.00000000,6.20505142,9
8,658,0.992528755926652,35.00000000,7.58624148,11
8,659,0.9920491608626294,36.00000000,7.61966705,11
8,660,0.9911866277572512,38.00000000,8.31643009,12
8,661,0.9917232786301489,35.00000000,8.19318509,12
8,662,0.9936919866245998,35.00000000,8.24234557,12
8,663,0.9906852355795202,35.00000000,6.88344693,10
8,664,0.9931362172643187,39.00000000,6.83414006,10
8,665,0.9911118862673133,35.00000000,6.83856535,10
8,666,0.9924695723858774,35.00000000,7.54004312,11
8,667,0.9906046877234579,38.00000000,6.07780504,9
8,668,0.9911825457984927,35.00000000,7.58951545,11
8,669,0.9970854643253053,38.00000000,6.93112683,10
8,670,0.9927283585917277,35.00000000,6.22577405,9
8,671,0.9925207849731337,36.00000000,8.49903369,12
8,672,0.9904605383938075,35.00000000,6.95790386,10
8,673,0.9914196901435188,35.00000000,6.92541194,10
8,674,0.9901473780795912,35.00000000,6.25496984,9
8,675,0.9930895152308389,35.00000000,6.94600058,10
8,676,0.9910030497395287,35.00000000,7.74356437,11
8,677,0.9913500656656409,36.00000000,7.64395785,11
8,678,0.9907965011170184,35.00000000,7.65568328,11
8,679,0.9926750815315326,35.00000000,5.55925345,8
8,680,0.9933855556316151,36.00000000,9.17586637,13
8,681,0.9955410483068604,35.00000000,6.25106907,9
8,682,0.9902460346305988,35.00000000,7.04337311,10
8,683,0.9922607135558624,35.00000000,8.52573490,12
8,684,0.9937207683176749,35.00000000,6.21614909,9
8,685,0.9906763988884263,36.00000000,6.98330069,10
8,686,0.9920014045735549,36.00000000,6.19746041,9
8,687,0.9902560322553187,36.00000000,7.06105638,10
8,688,0.9930128905321696,35.00000000,8.61504769,12
8,689,0.9905215808446701,37.00000000,6.93170500,10
8,690,0.9906143865434989,35.00000000,6.98332787,10
8,691,0.9912292278759303,35.00000000,7.00290084,10
8,692,0.9923968648959316,35.00000000,7.66486025,11
8,693,0.9922471440507213,39.00000000,6.96544075,10
8,694,0.9913135145193435,35.00000000,6.23758030,9
8,695,0.9906374734471557,38.00000000,8.39037561,12
8,696,0.9912295139369024,35.00000000,7.72180200,11
8,697,0.9931879616409565,37.00000000,5.56768608,8
8,698,0.9916203488334075,35.00000000,9.14911294,13
8,699,0.9917992994491077,35.00000000,8.38791656,12
8,700,0.9919479578336986,35.00000000,6.99796677,10
8,701,0.9903815287676242,35.00000000,7.01198435,10
8,702,0.9945360815662744,35.00000000,6.96667790,10
8,703,0.995318332160635,37.00000000,7.01955080,10
8,704,0.9902923350983396,35.00000000,8.37753224,12
8,705,0.9910703194828023,35.00000000,7.63257170,11
8,706,0.9901809118158639,36.00000000,7.79478908,11
8,707,0.990719380301761,36.00000000,8.42881083,12
8,708,0.9919434146640734,35.00000000,8.50290847,12
8,709,0.9940228784334502,36.00000000,7.07991552,10
8,710,0.9908677446280785,35.00000000,7.00735545,10
8,711,0.991698042678116,35.00000000,7.80624366,11
8,712,0.9943664797128124,35.00000000,6.99807763,10
8,713,0.9909880087748522,37.00000000,8.36601686,12
8,714,0.9947688061110487,37.00000000,6.32153273,9
8,715,0.9908938443571786,35.00000000,7.01545668,10
8,716,0.9920682017565767,35.00000000,7.04302979,10
8,717,0.992559179356893,36.00000000,6.98470163,10
8,718,0.9910670576144861,38.00000000,7.67676115,11
8,719,0.9902279391381399,36.00000000,6.99667668,10
8,720,0.9909464818009357,39.00000000,7.75218225,11
8,721,0.9914790434399954,37.00000000,6.27747226,9
8,722,0.9919754307004445,36.00000000,7.72650361,11
8,723,0.9918414190554867,36.00000000,7.04020262,10
8,724,0.9948943338000972,36.00000000,8.46588397,12
8,725,0.990224913578758,35.00000000,7.77445817,11
8,726,0.9901377360673079,35.00000000,7.76676869,11
8,727,0.9913846681662689,35.00000000,7.81427860,11
8,728,0.9903844254383612,36.00000000,7.72406936,11
8,729,0.9932914561455249,35.00000000,6.99392653,10
8,730,0.9918251448980624,36.00000000,6.26248670,9
8,731,0.9929523888282488,36.00000000,6.32786679,9
8,732,0.9922779991318982,35.00000000,8.45576715,12
8,733,0.991612614493244,35.00000000,7.05519891,10
8,734,0.9902605896492449,35.00000000,7.66245365,11
8,735,0.9900491337913138,35.00000000,7.72051191,11
8,736,0.992292421202669,36.00000000,6.27406979,9
8,737,0.9917071936306165,36.00000000,9.08948851,13
8,738,0.9917283893349821,37.00000000,6.92839360,10
8,739,0.9929541791419076,35.00000000,8.47929645,12
8,740,0.9900272380444228,37.00000000,8.25046659,12
8,741,0.9918999101323264,35.00000000,7.65590692,11
8,742,0.9919774009863631,35.00000000,6.91695786,10
8,743,0.9918758081379869,35.00000000,7.63414860,11
8,744,0.9901058644282906,35.00000000,8.46592593,12
8,745,0.9934803262501515,37.00000000,7.69488192,11
8,746,0.9952574869876025,35.00000000,8.34389448,12
8,747,0.9915296038374433,36.00000000,6.90790915,10
8,748,0.9909471378157657,36.00000000,6.81885362,10
8,749,0.9946540203506634,38.00000000,8.17244673,12
8,750,0.9924334091502058,35.00000000,7.49480319,11
8,751,0.9934327130455424,36.00000000,7.60021329,11
8,752,0.99123702575589,40.00000000,8.30340648,12
8,753,0.9914537228772553,38.00000000,7.63170552,11
8,754,0.9922265747630532,37.00000000,7.61326456,11
8,755,0.990524295906582,36.00000000,7.82913446,11
8,756,0.9923602291592355,35.00000000,6.90068507,10
8,757,0.991439763116443,35.00000000,6.92432070,10
8,758,0.9902058141918902,35.00000000,7.71414995,11
8,759,0.9900298736015144,36.00000000,7.74078488,11
8,760,0.9908799496382164,35.00000000,6.82312155,10
8,761,0.9926854291073484,37.00000000,6.82082510,10
8,762,0.9932578232590592,36.00000000,6.83738112,10
8,763,0.9938586573345799,35.00000000,7.54786110,11
8,764,0.9902840536020241,35.00000000,7.53393102,11
8,765,0.9916634115800227,35.00000000,7.59458327,11
8,766,0.9909480426624923,35.00000000,6.25946331,9
8,767,0.9902727682066812,36.00000000,6.17889285,9
8,768,0.9947779967946653,37.00000000,7.57756257,11
8,769,0.9940851621409975,36.00000000,6.93770409,10
8,770,0.9913730640106324,35.00000000,7.70872974,11
8,771,0.9919459207857998,35.00000000,7.70632243,11
8,772,0.9930921581771951,37.00000000,7.69606256,11
8,773,0.9933161079040227,35.00000000,7.61136556,11
8,774,0.9918190266607939,35.00000000,6.18456531,9
8,775,0.9907318125025751,35.00000000,6.94295049,10
8,776,0.9910417823495855,35.00000000,6.95283413,10
8,777,0.9900028420213998,36.00000000,7.70790243,11
8,778,0.9945296532578509,36.00000000,7.06286788,10
8,779,0.9900085359697551,35.00000000,7.11865616,10
8,780,0.9902689226869229,35.00000000,6.31662202,9
8,781,0.9904765877634495,36.00000000,7.74060988,11
8,782,0.9905602088289274,35.00000000,6.30993104,9
8,783,0.9920073289465596,37.00000000,7.65389490,11
8,784,0.9919399402266118,35.00000000,7.76743317,11
8,785,0.9903531128505253,35.00000000,7.69024944,11
8,786,0.990524634723304,35.00000000,8.44099998,12
8,787,0.9911174043975325,35.00000000,7.01217651,10
8,788,0.9914439960004675,36.00000000,6.31589770,9
8,789,0.9912939523461884,35.00000000,7.78200340,11
8,790,0.9909481874312425,38.00000000,8.48261309,12
8,791,0.9914927310651817,35.00000000,7.05688977,10
8,792,0.9929351714180273,35.00000000,7.76326060,11
8,793,0.9909700436753657,36.00000000,6.34568310,9
8,794,0.9922637140982167,35.00000000,7.13863349,10
8,795,0.9916218639089893,36.00000000,7.01658440,10
8,796,0.9919371497152697,36.00000000,8.54790568,12
8,797,0.9902742464604236,35.00000000,7.70388937,11
8,798,0.9900650693097274,35.00000000,7.78163123,11
8,799,0.9912812830552548,35.00000000,9.15146923,13
8,800,0.9904425485686498,36.00000000,5.57297611,8
8,801,0.9916998161668731,35.00000000,7.02257347,10
8,802,0.9909953576419624,35.00000000,6.99423027,10
8,803,0.9938490051133233,35.00000000,7.68745756,11
8,804,0.9903057007540917,35.00000000,7.03497744,10
8,805,0.9920034586810272,35.00000000,7.05853772,10
8,806,0.9908007299775264,35.00000000,6.30278206,9
8,807,0.9907895899661188,35.00000000,7.85929990,11
8,808,0.9927684504640887,35.00000000,5.64787507,8
8,809,0.9905810368843153,35.00000000,7.07813644,10
8,810,0.9942242894264203,35.00000000,7.84437323,11
8,811,0.9919619778729915,36.00000000,6.31275082,9
8,812,0.991295697362863,35.00000000,7.74813247,11
8,813,0.9917211270905524,37.00000000,6.39549780,9
8,814,0.9900711433863848,38.00000000,7.75743079,11
8,815,0.9911787220211858,35.00000000,7.87920785,11
8,816,0.9955441828691488,35.00000000,7.13153887,10
8,817,0.9902444553595134,35.00000000,7.04196072,10
8,818,0.9901071228917998,35.00000000,7.77818179,11
8,819,0.9911935663994479,37.00000000,7.01301885,10
8,820,0.9905169721012556,35.00000000,7.05981088,10
8,821,0.9902907700169296,35.00000000,6.97274375,10
8,822,0.9953935258316353,35.00000000,7.03159928,10
8,823,0.9905905506355989,38.00000000,6.21408153,9
8,824,0.991825718326157,35.00000000,7.69667745,11
8,825,0.9919303872584786,35.00000000,7.70699310,11
8,826,0.9903758078860654,38.00000000,6.27709055,9
8,827,0.9914209719694373,35.00000000,7.00049782,10
8,828,0.9908798046439523,35.00000000,6.35048628,9
8,829,0.9925786099356259,36.00000000,9.21755672,13
8,830,0.9908154390593248,35.00000000,6.20334148,9
8,831,0.9900267862836266,36.00000000,7.72591758,11
8,832,0.9901035433622651,36.00000000,7.71133637,11
8,833,0.9902125131315452,35.00000000,4.88588715,7
8,834,0.9901813211145898,35.00000000,7.78950882,11
8,835,0.9924683413802041,35.00000000,7.72662091,11
8,836,0.9937337785432037,35.00000000,7.85087657,11
8,837,0.9901821878896008,36.00000000,5.61823487,8
8,838,0.9920247341816826,35.00000000,6.25666714,9
8,839,0.9938871012136532,37.00000000,7.81762815,11
8,840,0.9926578490592379,38.00000000,7.74498200,11
8,841,0.9913347851153042,38.00000000,7.05307889,10
8,842,0.9913802715155248,35.00000000,7.64035654,11
8,843,0.9900353770359153,35.00000000,6.18190145,9
8,844,0.990774761829134,36.00000000,6.24147534,9
8,845,0.9926758740424487,36.00000000,8.36693549,12
8,846,0.9943808825748757,35.00000000,6.85940170,10
8,847,0.9904293691646662,37.00000000,5.43755770,8
8,848,0.9924862947191574,38.00000000,6.20692778,9
8,849,0.9908871801253633,35.00000000,6.17387986,9
8,850,0.9909222386546284,35.00000000,7.65558362,11
8,851,0.9927303211194816,37.00000000,7.52369690,11
8,852,0.9904178928738071,35.00000000,6.84995151,10
8,853,0.992192614351422,35.00000000,6.89403296,10
8,854,0.9916462480570681,35.00000000,8.27937293,12
8,855,0.9903650256837706,37.00000000,6.11867261,9
8,856,0.9902422937186545,35.00000000,7.09053421,10
8,857,0.9924362356841658,35.00000000,8.49182725,12
8,858,0.9933141288185894,36.00000000,7.65695405,11
8,859,0.9909216013308378,40.00000000,6.89551282,10
8,860,0.9915912497290736,35.00000000,8.21807313,12
8,861,0.9908748103465278,35.00000000,6.74798369,10
8,862,0.9928676905900399,35.00000000,6.11245513,9
8,863,0.9910674142419997,35.00000000,7.58162379,11
8,864,0.9904875908575989,35.00000000,6.18744040,9
8,865,0.9911364883354086,36.00000000,6.95501447,10
8,866,0.9909400882251944,37.00000000,7.72073030,11
8,867,0.9909027064415347,35.00000000,6.26129365,9
8,868,0.9928847720265606,36.00000000,9.01046753,13
8,869,0.9907156282785454,35.00000000,7.63357210,11
8,870,0.9932889371070353,35.00000000,7.61994886,11
8,871,0.9910573287349739,38.00000000,9.05423284,13
8,872,0.9905802373889067,35.00000000,8.39185357,12
8,873,0.9910814809783681,35.00000000,5.49784040,8
8,874,0.9929468342451258,35.00000000,7.59979892,11
8,875,0.9911502767223537,35.00000000,6.88617873,10
8,876,0.9927908582236504,35.00000000,5.56382680,8
8,877,0.9905886741114871,35.00000000,6.90047669,10
8,878,0.9908589843212994,35.00000000,8.38795400,12
8,879,0.9922169993772303,35.00000000,7.00710821,10
8,880,0.993908311707758,35.00000000,7.04584932,10
8,881,0.9936090475615659,36.00000000,8.34320068,12
8,882,0.9907267223666454,35.00000000,7.65111136,11
8,883,0.9919009048709451,35.00000000,6.87930965,10
8,884,0.9917924382895804,38.00000000,7.16173387,10
8,885,0.9904036665462258,35.00000000,7.37936020,10
8,886,0.9900198148428744,35.00000000,5.11350107,7
8,887,0.991218186335068,35.00000000,7.40041494,10
8,888,0.9929341021947108,35.00000000,6.66067839,9
8,889,0.9942821877332318,35.00000000,6.70837808,9
8,890,0.990653632998266,35.00000000,7.95075059,11
8,891,0.9942295238606236,36.00000000,6.23516059,9
8,892,0.9932598912595065,36.00000000,8.39731336,12
8,893,0.9903319519602285,37.00000000,8.37935185,12
8,894,0.9918414253027933,36.00000000,7.68053436,11
8,895,0.9909761414886405,37.00000000,6.23021412,9
8,896,0.992025635434531,35.00000000,7.63393426,11
8,897,0.9914445693044563,36.00000000,8.41716385,12
8,898,0.9922032150630528,36.00000000,7.65497303,11
8,899,0.9903505864327949,35.00000000,6.17471290,9
8,900,0.9934666215312357,36.00000000,8.31216741,11
8,901,0.9927978029468567,35.00000000,10.29789686,14
8,902,0.9930714884529392,36.00000000,7.35745716,10
8,903,0.9926509928394862,35.00000000,8.07378340,11
8,904,0.9914204550017861,35.00000000,8.11192465,11
8,905,0.9928614075624773,35.00000000,8.30003452,11
8,906,0.9906990128200188,37.00000000,8.51565433,12
8,907,0.9923918449080419,38.00000000,7.74679899,11
8,908,0.990277520873246,36.00000000,7.72622490,11
8,909,0.9904773143965854,36.00000000,5.63008690,8
8,910,0.9930323427023509,35.00000000,7.82662749,11
8,911,0.9922213574467343,35.00000000,7.04234600,10
8,912,0.9936538159864916,35.00000000,7.82450247,11
8,913,0.9914745564606499,35.00000000,7.10030389,10
8,914,0.991056827626314,35.00000000,7.06305194,10
8,915,0.9920965324752355,38.00000000,8.51684666,12
8,916,0.9906182650827192,35.00000000,7.09672666,10
8,917,0.9902890660963254,36.00000000,4.15908027,6
8,918,0.9935295536449326,35.00000000,6.98784399,10
8,919,0.9912059554381155,35.00000000,7.67733383,11
8,920,0.9916680615672394,35.00000000,7.83405328,11
8,921,0.990181597550808,35.00000000,6.97435665,10
8,922,0.9948025467963582,35.00000000,7.64812946,11
8,923,0.9906763423166113,36.00000000,9.66758943,13
8,924,0.9900916101474762,39.00000000,7.41996789,10
8,925,0.9906566723140993,36.00000000,7.44058371,10
8,926,0.9908783958488876,35.00000000,7.86074996,11
8,927,0.9918701923202418,36.00000000,7.10609412,10
8,928,0.993456395573015,35.00000000,6.34573770,9
8,929,0.9901504903127083,35.00000000,8.46458936,12
8,930,0.9920749413980569,35.00000000,7.11179018,10
8,931,0.9920085786856753,35.00000000,5.89295363,8
8,932,0.9912324105444379,40.00000000,5.89070868,8
8,933,0.9901410406214537,37.00000000,6.61460638,9
8,934,0.9905341988980755,38.00000000,8.93571806,12
8,935,0.9907378506280207,35.00000000,8.08413815,11
8,936,0.9902441036325718,35.00000000,6.56217527,9
8,937,0.9910921564423962,39.00000000,5.79520130,8
8,938,0.9927559319012843,35.00000000,8.91621971,12
8,939,0.9906052792244648,35.00000000,6.53775382,9
8,940,0.994701009776195,35.00000000,8.07471490,11
8,941,0.9904264831307955,36.00000000,6.58720922,9
8,942,0.9931377191176962,35.00000000,7.30661297,10
8,943,0.9910280125827434,35.00000000,9.51118183,13
8,944,0.9922513775636524,35.00000000,6.90287018,10
8,945,0.9918717716383526,36.00000000,7.72052479,11
8,946,0.9913331774745752,36.00000000,7.06892538,10
8,947,0.9901775081142569,39.00000000,6.92636800,10
8,948,0.9906051508241288,36.00000000,7.60190940,11
8,949,0.9902438948948592,35.00000000,7.08268356,10
8,950,0.9908657909692733,38.00000000,6.29883575,9
8,951,0.9902304639875953,37.00000000,6.94123435,10
8,952,0.991005076467184,36.00000000,7.68323898,11
8,953,0.9910131181302667,35.00000000,6.98977065,10
8,954,0.9920525046837119,36.00000000,7.85473084,11
8,955,0.9925116844406859,35.00000000,6.32298708,9
8,956,0.9900643001835397,36.00000000,6.92269397,10
8,957,0.9909703095471555,36.00000000,6.96382213,10
8,958,0.9903124162855286,35.00000000,7.66187859,11
8,959,0.9945516352218462,35.00000000,7.01789093,10
8,960,0.9905671493421553,35.00000000,6.98684072,10
8,961,0.9901170260340073,35.00000000,7.65305805,11
8,962,0.9931329456041782,36.00000000,7.59746909,11
8,963,0.9906721198132618,36.00000000,8.41495776,12
8,964,0.9920961781777717,35.00000000,7.00395894,10
8,965,0.9900714611641499,35.00000000,7.67693186,11
8,966,0.9904552180028169,35.00000000,8.39722466,12
8,967,0.99020236122978,35.00000000,9.82615733,14
8,968,0.9904361653076357,35.00000000,7.69856739,11
8,969,0.9903464527615852,35.00000000,7.71302176,11
8,970,0.9943491344108493,35.00000000,7.65041637,11
8,971,0.9928508073447039,35.00000000,6.95949697,10
8,972,0.9926880030738866,36.00000000,7.64883947,11
8,973,0.991940382343724,35.00000000,6.24802542,9
8,974,0.9910534847612701,35.00000000,6.90249038,10
8,975,0.9909662064089215,36.00000000,7.67862844,11
8,976,0.9926850293586601,37.00000000,7.74028587,11
8,977,0.9908548339689209,35.00000000,6.98514986,10
8,978,0.9921363044677941,35.00000000,7.85815120,11
8,979,0.9923588590623909,37.00000000,7.73877645,11
8,980,0.9901875491628723,35.00000000,6.23462081,9
8,981,0.993619606211438,37.00000000,8.51805234,12
8,982,0.9906433047601133,36.00000000,8.47852159,12
8,983,0.9922017597095707,38.00000000,9.24723220,13
8,984,0.9919146828251584,35.00000000,8.58279872,12
8,985,0.9926079818898854,35.00000000,7.01753783,10
8,986,0.9917314233106749,35.00000000,5.58741570,8
8,987,0.9936612785899592,35.00000000,7.85858774,11
8,988,0.9903905830322484,38.00000000,6.32482743,9
8,989,0.991719177634565,35.00000000,7.74388719,11
8,990,0.9937774442076148,35.00000000,6.48185182,9
8,991,0.990062302803471,38.00000000,7.74335814,11
8,992,0.9905622013207076,37.00000000,7.76232266,11
8,993,0.9911062384173289,36.00000000,7.65436316,11
8,994,0.9919117271493809,35.00000000,9.37075758,13
8,995,0.9905330210392299,35.00000000,7.04919243,10
8,996,0.9907881001813306,40.00000000,7.05875015,10
8,997,0.9906815804671769,35.00000000,5.57404518,8
8,998,0.9923327602867024,35.00000000,7.82362056,11
8,999,0.9900987894265529,35.00000000,6.98238397,10
