8 4 4 0 0 0 0 0 0 0 0 15 0 1 13 13 13 13 3 3 3 1 1 4 4 4 4 4 4 5 5 5 4 4 4 0 0 0 0 0
11 11 8 9 8 8 8 8 8 11 15 13 13 1 13 1 13 11 3 3 3 3 3 7 7 7 7 7 7 5 5 11 10 4 4 6 0 0 0 0
8 12 12 11 11 0 11 11 0 0 0 9 9 15 1 13 13 1 0 3 2 3 3 4 4 4 7 7 7 4 6 11 10 4 4 4 0 0 0 0
3 11 11 11 11 11 11 13 13 13 13 13 13 13 1 13 13 0 3 3 3 3 7 4 7 7 4 0 0 7 0 11 10 7 7 7 0 0 0 0
4 4 4 11 10 10 0 0 0 0 0 15 0 1 13 13 13 13 2 2 2 3 0 6 6 6 6 6 6 6 6 4 4 4 4 0 0 0 0 0
4 4 4 0 8 8 0 0 0 0 0 15 0 1 13 13 13 13 3 3 3 1 1 6 1 7 7 1 1 6 6 6 4 4 4 0 0 0 0 0
3 9 9 14 14 14 10 10 9 9 9 9 9 1 9 1 9 9 2 2 2 2 2 6 6 6 6 2 3 5 11 10 3 7 7 7 0 0 0 0
12 4 4 0 0 0 0 0 0 0 0 15 0 1 13 13 13 13 3 3 3 1 3 4 4 4 4 5 7 5 5 5 7 4 4 0 0 0 0 0
15 12 8 8 8 8 8 8 9 13 13 13 13 1 13 1 9 13 3 3 3 3 3 4 4 7 7 7 7 7 5 11 10 15 15 15 0 0 0 0
11 11 11 11 11 8 11 11 11 11 10 15 13 1 9 1 9 9 3 3 3 2 2 2 7 2 2 2 2 2 7 11 10 7 15 15 0 0 0 0
