16 16 14 6 16 5 13 16 8 9 9 14 16 1 11 1 15 0 9 2 11 13 10 3 15 3 0 14 4 4 1 12 12 5 16 13 15 6 2 3 14 3 5 8 8 15 8 7 0 16 2 5 10 10 0 10 9 0 2 0 6 11 10 6 13 15 15 16 15 16 16 15 15 16 15 1 15 4 4 16
4 16 9 7 11 13 6 8 14 15 8 0 16 8 1 9 15 0 2 2 2 0 14 13 3 11 16 0 4 16 12 2 12 15 14 13 6 6 5 14 7 16 16 6 15 8 4 8 2 16 5 8 9 0 5 8 0 11 4 9 4 12 5 12 16 16 16 15 11 16 16 0 15 13 15 16 8 14 16 3
10 16 4 5 16 14 8 9 7 8 11 16 0 13 1 10 8 1 13 2 14 15 2 10 3 16 11 2 4 15 1 12 13 13 5 13 6 6 5 14 0 7 2 2 15 8 4 4 7 16 9 5 10 9 2 11 0 1 2 5 2 8 10 12 16 15 1 16 15 15 14 15 4 15 16 16 15 6 15 13
15 14 5 4 16 0 8 8 8 0 12 15 8 15 1 8 16 8 2 2 14 2 12 3 10 13 15 16 16 4 3 0 16 3 2 2 13 14 3 6 14 14 7 4 0 15 8 9 6 9 16 9 9 2 7 3 4 9 8 5 3 12 10 13 12 15 15 15 16 15 15 14 15 15 5 16 14 10 6 8
8 12 13 0 14 12 16 11 6 6 14 16 9 1 1 8 1 15 2 1 2 10 15 10 3 14 1 11 4 3 12 1 14 5 14 13 6 14 2 16 14 7 1 16 15 8 2 7 16 8 16 9 7 10 3 2 9 9 10 12 2 10 11 3 3 15 12 15 2 16 16 15 16 16 15 16 16 16 16 14
7 16 10 7 10 15 15 14 6 6 16 10 7 1 13 1 9 0 9 2 9 12 0 10 3 15 11 14 4 14 12 13 5 13 13 1 13 6 4 14 7 7 16 15 8 15 6 9 9 9 16 8 5 5 3 11 9 0 6 1 0 4 7 11 16 15 0 15 15 16 5 15 16 16 15 15 16 16 4 14
14 7 0 7 13 9 8 8 12 8 10 0 13 8 1 8 13 0 2 2 2 0 10 3 11 11 3 4 16 16 4 12 0 13 3 1 16 6 14 0 14 3 4 5 15 8 8 8 16 9 16 9 1 1 1 6 10 5 2 2 1 2 9 4 16 16 16 15 16 12 14 15 0 15 15 16 16 15 3 16
6 9 15 7 11 6 6 16 13 11 7 8 13 8 1 16 16 16 2 2 2 0 10 13 3 2 0 11 4 14 16 12 0 5 5 13 3 6 1 5 14 7 6 6 15 6 7 5 0 16 1 3 8 9 1 1 0 0 3 11 0 11 5 5 15 15 15 16 15 15 0 16 10 15 15 16 15 6 16 13
15 10 0 16 5 15 8 8 8 14 0 10 7 10 1 0 14 9 10 2 10 2 2 15 3 13 3 11 15 1 0 4 15 5 0 13 6 3 5 14 7 6 5 0 0 15 5 8 9 6 16 6 2 1 1 1 7 11 5 3 8 2 12 5 12 16 15 16 16 15 8 0 10 16 16 15 16 15 15 7
14 7 7 16 5 5 5 0 12 16 7 9 15 1 8 1 9 12 9 1 2 16 10 3 14 1 11 14 15 4 12 16 5 13 5 16 6 6 2 14 16 7 7 0 15 8 5 0 3 16 7 10 5 8 10 3 0 8 1 11 7 12 7 9 11 16 15 16 6 16 15 16 2 16 15 15 2 15 15 2
8 4 4 7 5 10 8 13 15 7 9 14 9 8 1 8 8 11 0 2 9 12 11 3 10 11 15 4 11 4 1 12 4 5 13 13 14 4 6 14 14 1 0 6 5 15 8 16 9 2 16 10 10 6 3 9 8 11 5 2 6 3 6 2 1 16 15 2 15 4 16 16 16 15 8 16 14 16 7 7
7 12 15 10 14 6 10 9 0 13 11 7 11 11 1 8 8 8 9 2 9 10 10 3 10 15 14 13 13 4 15 1 12 13 2 4 6 14 5 14 7 14 7 8 8 15 2 7 5 8 16 3 10 6 3 3 0 8 1 9 12 2 10 5 3 16 16 15 15 15 15 15 4 5 15 3 15 16 15 14
9 5 10 5 15 12 0 7 14 0 0 8 12 1 1 8 10 1 0 2 9 12 10 0 3 13 15 15 4 16 12 0 12 5 13 2 15 0 14 15 14 1 1 8 15 15 3 6 16 7 16 0 10 5 1 0 3 3 9 7 3 10 7 5 16 16 16 15 16 15 15 5 16 0 13 16 5 11 11 5
14 5 15 12 6 14 14 0 10 7 16 11 10 1 12 14 1 9 9 2 0 0 10 3 10 15 3 15 16 14 4 12 5 15 0 13 3 14 6 14 1 14 2 16 16 15 16 6 0 0 16 6 10 2 5 4 1 0 3 8 4 5 5 0 2 15 15 15 15 15 16 16 1 5 2 13 15 7 8 6
7 5 14 12 6 10 6 16 8 16 16 16 7 1 1 10 8 11 2 11 2 12 13 10 3 14 12 11 2 4 12 1 12 15 14 13 6 13 0 14 3 4 1 3 8 15 8 16 7 9 16 8 9 7 11 3 6 11 11 11 2 6 13 12 10 15 16 15 15 15 15 16 16 16 15 16 16 13 15 16
4 15 5 15 15 16 8 8 7 16 16 8 15 1 1 8 1 9 2 16 2 10 12 10 3 11 11 12 15 4 12 16 13 1 13 13 15 15 6 14 4 1 7 7 15 16 5 4 9 16 9 0 10 3 5 1 11 11 11 1 9 10 5 10 16 15 3 15 6 15 16 16 16 15 15 15 15 5 16 12
8 0 10 6 12 13 12 13 16 15 7 13 11 1 1 8 1 13 2 2 2 9 14 3 3 16 3 15 11 4 4 15 5 3 5 13 15 14 15 2 14 7 0 15 4 15 5 9 6 6 16 0 10 0 6 1 4 0 0 0 3 12 1 2 11 15 3 15 15 15 12 4 15 15 14 16 3 16 7 7
13 6 12 4 15 9 6 6 7 16 9 12 9 9 1 8 9 12 2 9 2 13 16 3 3 15 0 11 11 4 3 12 13 5 2 2 13 16 14 1 0 7 0 7 0 15 8 5 9 8 16 0 2 9 4 11 1 2 10 11 2 9 12 6 11 15 16 6 15 2 16 3 15 3 15 9 16 16 10 4
9 16 0 8 14 11 15 7 10 7 16 0 11 1 8 1 8 10 13 2 11 1 0 10 3 0 14 11 4 15 0 12 1 5 5 16 6 4 2 14 15 7 6 2 15 2 7 1 6 16 2 10 2 6 10 4 2 10 9 12 9 8 13 9 16 16 16 15 16 4 15 0 15 16 16 15 16 15 2 1
9 11 16 15 14 5 10 0 16 15 9 7 13 1 1 1 1 15 14 2 13 12 10 3 16 11 3 11 4 3 4 1 3 5 13 14 6 4 1 14 0 7 4 6 15 6 7 8 9 16 8 2 10 0 7 9 6 0 9 2 0 2 10 3 16 15 4 15 1 16 16 15 1 15 0 15 15 5 8 13
9 16 6 8 10 10 8 16 7 8 9 11 16 1 14 1 13 9 2 2 2 13 10 10 3 15 13 11 4 15 4 13 15 5 4 13 6 6 14 0 14 7 7 7 15 6 4 4 4 16 9 1 1 0 9 1 6 0 2 12 12 0 3 10 15 15 15 16 15 15 15 2 15 16 16 16 4 15 3 15
0 14 14 11 7 12 8 9 8 9 7 9 7 15 1 8 9 9 12 2 1 10 11 10 3 13 15 11 3 4 0 12 5 5 2 13 6 6 15 14 6 7 15 1 2 15 8 5 2 16 9 16 2 5 3 11 2 9 11 1 5 11 13 0 3 15 15 16 16 6 16 15 16 4 15 15 9 8 16 15
0 5 16 6 6 14 9 11 14 16 14 11 7 1 8 1 1 16 2 9 2 13 10 12 3 15 15 11 1 4 3 3 12 13 0 5 6 6 16 14 7 14 5 7 6 15 7 0 4 0 16 10 2 10 2 8 1 2 8 3 5 0 11 0 3 16 15 16 16 16 16 16 16 16 16 2 16 0 13 12
14 13 13 15 8 0 0 7 9 8 7 9 16 1 16 1 8 11 0 2 9 13 0 3 15 3 14 0 4 12 0 12 4 5 16 14 13 4 6 14 14 14 15 2 8 15 0 4 7 8 16 4 10 2 3 4 0 0 0 2 3 1 9 4 7 15 15 15 15 4 15 10 15 14 16 15 16 15 1 5
4 9 8 5 15 8 10 7 11 13 10 10 16 1 1 16 8 1 2 11 2 10 13 3 10 3 15 4 11 4 2 15 2 15 2 1 0 3 6 14 6 7 2 7 15 8 4 8 6 16 10 10 4 1 9 0 11 3 1 11 2 12 4 11 16 15 13 16 15 15 12 15 11 16 15 16 1 3 15 15
4 6 15 12 8 9 0 6 6 16 12 0 7 9 1 10 8 8 2 2 9 2 1 16 3 13 0 4 4 4 1 12 15 3 14 14 4 6 16 14 6 7 15 4 8 15 6 0 16 1 16 10 5 8 7 0 11 3 11 2 1 1 11 2 16 16 16 0 15 11 15 15 0 6 13 16 16 16 1 15
8 14 7 5 16 14 0 16 7 8 7 15 8 0 1 10 16 9 9 2 13 10 12 10 3 11 12 13 4 12 14 5 5 1 13 0 6 5 6 15 14 16 7 3 15 7 0 2 9 16 16 8 10 6 0 5 10 9 4 11 10 11 9 5 16 15 11 16 15 15 2 15 15 15 15 16 15 15 6 16
7 5 9 15 13 16 9 8 0 7 11 10 13 8 1 8 15 13 10 2 9 2 10 3 3 3 11 3 4 16 14 12 5 5 5 15 2 16 15 14 0 7 4 8 15 8 2 16 16 16 16 6 9 10 1 8 9 8 11 4 2 2 4 7 16 15 2 16 15 15 15 16 4 15 15 13 13 16 9 4
6 4 8 15 8 5 15 0 11 16 8 8 14 9 1 8 0 15 9 2 13 11 10 3 10 15 3 11 4 16 15 13 2 4 13 13 13 6 1 16 14 5 4 5 15 16 7 9 9 9 16 4 0 10 6 2 1 1 2 10 11 9 10 13 10 15 16 15 15 15 15 12 16 5 15 4 15 15 1 5
13 4 14 9 15 10 0 11 16 11 14 7 0 1 8 1 12 11 2 2 2 0 10 3 3 14 0 0 4 12 15 12 15 5 0 13 6 5 6 14 0 4 5 15 15 15 8 0 2 16 9 2 4 1 9 8 11 0 1 0 2 0 13 1 15 15 16 15 16 16 14 15 15 16 13 15 9 15 13 11
