8 14 19 18 18 8 11 16 19 7 9 18 14 14 1 9 17 11 9 2 17 11 10 3 3 20 0 17 4 12 16 3 5 15 14 14 14 6 15 6 18 19 15 7 8 16 5 8 17 9 5 7 10 8 18 11 8 11 19 7 20 2 20 7 20 4 4 8 2 1 2 3 14 5 16 1 1 17 17 19 19 20 19 19 17 19 13 20 19 19 18 19 10 19 19 20 13 19 13 2
17 15 13 14 9 6 8 8 8 11 11 8 7 1 1 11 1 17 2 10 2 19 17 13 3 1 17 20 12 4 16 2 19 17 20 17 6 14 19 5 7 20 15 7 8 2 16 7 17 17 17 18 10 20 18 5 11 10 19 2 19 11 9 20 20 20 13 14 2 14 11 13 7 6 6 6 2 5 1 19 19 19 5 19 19 4 19 14 19 0 19 15 10 19 14 19 11 2 16 9
18 0 7 7 18 19 0 15 9 7 20 0 18 1 1 9 1 13 2 2 2 10 20 3 3 11 11 20 4 17 20 2 20 5 19 14 6 20 2 15 2 7 15 17 16 1 5 8 5 17 17 2 3 0 18 11 9 11 11 19 3 12 12 20 1 20 13 14 14 11 13 10 1 11 4 5 11 10 12 19 20 20 19 19 19 19 19 19 19 19 19 19 20 19 17 19 19 19 8 17
17 13 9 6 7 20 20 6 19 7 12 9 15 1 15 1 0 11 10 2 16 11 20 14 3 20 17 15 20 15 0 4 13 5 13 20 6 14 2 15 7 0 5 3 8 16 4 9 18 9 17 1 2 18 10 18 3 10 0 19 2 10 0 1 20 9 3 9 5 0 13 14 6 9 11 4 3 16 12 19 20 20 20 19 20 14 19 19 15 19 11 19 7 19 17 20 15 7 14 5
17 7 18 20 13 6 11 18 13 13 7 9 16 1 1 0 1 0 2 2 2 10 19 20 3 20 18 20 3 12 4 15 16 5 0 14 1 6 1 2 2 15 17 4 8 8 16 5 17 17 17 6 0 4 18 6 11 4 0 19 20 12 12 1 20 8 7 4 1 7 2 11 12 14 3 1 13 3 16 11 19 8 19 19 3 19 19 4 19 6 19 20 19 16 19 1 2 9 13 16
14 13 11 16 5 11 19 14 11 16 20 9 8 1 20 1 9 10 2 2 19 18 10 3 11 19 18 19 4 13 20 13 5 15 20 20 6 14 6 16 3 15 7 19 16 16 1 20 9 17 17 10 9 10 18 10 10 11 19 7 6 8 1 20 9 13 9 1 12 2 11 10 13 10 13 6 15 16 14 19 19 20 0 20 3 20 5 19 19 19 20 19 18 19 19 20 14 1 19 15
14 0 7 7 6 11 19 11 19 11 11 9 15 13 1 20 12 17 2 2 10 13 15 3 14 2 15 12 4 17 12 13 19 5 19 4 6 14 2 1 17 15 3 16 16 8 16 5 3 2 17 8 6 19 18 0 0 7 20 19 10 12 9 5 20 8 7 6 11 1 2 5 3 3 12 6 15 4 13 19 19 20 19 17 19 11 19 7 20 0 20 20 20 1 19 0 20 5 4 18
19 15 11 15 6 11 6 19 12 14 15 12 20 8 1 19 13 9 15 2 12 11 19 11 3 15 15 0 18 4 12 1 13 5 18 16 14 19 15 15 7 15 18 8 3 16 8 5 20 4 17 6 2 4 18 9 11 19 6 19 3 0 7 8 20 1 13 4 4 10 4 3 2 9 2 3 0 0 11 19 20 19 7 19 19 19 19 6 19 4 19 14 19 19 18 20 20 18 17 3
15 5 7 8 7 8 9 18 14 18 14 20 17 1 8 1 9 10 20 2 11 0 2 3 3 12 13 4 4 20 12 19 5 13 5 4 14 6 2 4 19 7 15 16 8 16 16 8 1 7 0 19 6 3 18 6 11 0 19 2 19 2 9 1 20 5 0 2 14 11 1 15 15 3 12 3 1 7 3 20 20 20 19 10 19 2 19 19 19 20 19 3 20 1 20 9 20 19 10 11
19 9 8 18 9 20 14 19 10 7 12 19 17 1 1 1 1 20 2 10 2 10 18 12 3 0 14 4 4 12 14 16 19 5 17 20 6 14 2 20 15 6 0 7 8 16 6 8 8 17 9 1 10 4 18 10 9 0 19 8 12 12 20 20 20 10 3 0 11 14 1 14 14 11 11 16 0 8 17 19 6 19 20 19 17 19 14 19 15 20 15 20 6 19 20 20 2 20 20 19
4 4 15 0 5 18 6 9 0 12 8 10 20 13 1 16 15 15 9 2 13 12 2 3 11 3 12 4 4 2 12 20 5 13 19 19 5 18 6 3 2 15 19 0 8 4 8 4 17 17 17 17 18 0 18 18 11 6 19 19 20 2 20 13 20 20 8 9 3 13 4 10 0 2 12 8 1 4 16 20 19 19 20 20 19 19 20 18 19 16 19 6 19 3 20 3 19 17 4 0
10 18 11 9 5 11 14 9 18 16 18 7 13 20 1 0 14 15 13 2 10 18 11 11 3 2 14 12 4 12 1 4 5 13 5 5 6 14 6 5 6 7 20 1 8 16 8 20 2 17 9 7 20 10 18 10 20 19 0 19 12 20 9 12 20 0 11 5 14 0 5 11 7 10 2 1 2 13 17 19 12 19 8 19 19 19 19 19 19 5 19 7 19 8 19 19 19 19 8 2
11 18 11 19 8 14 15 17 6 7 11 14 17 1 1 1 0 10 9 2 16 1 12 12 3 11 0 13 4 12 1 12 5 14 17 5 20 6 14 19 15 15 7 5 5 8 16 6 17 7 17 17 0 10 6 18 11 2 19 20 1 12 10 13 20 4 13 4 14 12 2 9 15 13 16 14 14 5 17 20 19 0 19 0 20 20 9 19 2 3 19 7 19 20 20 19 16 19 17 10
20 10 18 19 11 15 7 6 15 9 16 19 0 8 1 15 14 9 20 2 0 14 13 16 3 18 12 2 4 18 12 15 19 5 14 18 6 14 6 6 0 19 7 8 0 8 16 8 5 17 4 6 18 20 18 10 10 2 19 9 12 10 20 1 20 0 12 12 8 1 1 10 8 9 12 4 16 2 11 20 19 19 19 20 20 19 19 16 19 10 19 1 20 17 19 19 20 17 19 18
10 7 9 5 19 0 9 15 11 10 8 8 13 12 1 0 15 9 19 2 12 12 15 3 16 0 11 15 4 20 2 18 5 14 13 19 19 0 17 0 7 4 15 7 20 16 16 2 18 17 9 0 7 19 18 6 19 7 11 19 10 9 2 13 20 7 7 14 10 4 3 8 13 6 10 3 9 16 4 19 19 19 20 19 19 19 19 20 19 19 20 19 20 6 19 20 2 16 20 4
20 5 18 13 0 13 19 7 11 19 20 13 11 1 1 1 9 1 9 2 14 10 1 12 3 3 3 12 4 1 19 4 5 13 5 20 16 6 16 17 18 15 7 20 16 3 0 1 9 3 17 6 5 18 2 11 11 10 11 19 0 20 5 0 20 20 5 1 2 7 5 15 10 11 3 12 8 17 4 19 20 19 20 20 2 14 18 19 19 17 19 19 19 10 20 19 19 1 7 4
20 9 20 7 14 0 14 20 14 13 7 10 20 1 1 1 1 9 12 2 15 17 14 3 11 3 2 0 0 4 15 19 13 5 13 3 6 6 3 20 15 7 15 20 7 16 16 2 9 1 17 9 0 1 18 0 8 20 19 11 19 10 20 0 20 5 0 4 10 4 10 10 13 7 8 3 8 13 1 19 19 20 19 19 19 19 19 19 2 19 3 19 19 19 3 19 20 19 20 16
8 6 12 6 18 18 15 8 8 10 0 13 14 1 1 1 1 13 2 2 15 2 12 3 14 11 3 4 4 4 18 13 5 5 13 4 17 6 1 16 7 15 19 7 20 16 16 6 18 9 17 7 9 8 18 10 5 3 19 19 7 12 20 9 20 10 8 2 13 11 5 10 9 8 16 11 5 1 17 20 19 19 19 19 6 19 16 18 19 16 20 19 16 19 18 19 19 19 19 9
4 16 10 11 7 19 11 12 8 8 8 11 14 8 1 13 19 14 12 2 10 2 12 3 11 3 1 4 4 12 19 13 16 5 3 14 16 6 20 15 20 15 7 16 8 2 8 6 17 3 17 20 3 18 18 20 10 11 19 8 7 10 7 20 13 0 11 6 13 1 0 7 7 10 3 10 4 0 18 19 19 20 20 19 6 19 16 19 20 20 19 7 19 1 19 11 20 4 19 4
20 14 20 9 10 10 9 8 17 12 14 14 19 1 1 1 1 18 2 2 18 11 16 3 2 3 3 15 4 12 14 2 1 5 3 6 6 6 15 6 7 7 20 18 16 8 6 5 17 1 19 8 19 18 7 3 19 1 19 6 0 12 20 0 20 9 7 1 13 3 2 8 5 11 8 2 16 3 20 19 12 20 13 20 18 19 20 19 19 19 14 20 20 7 3 20 3 20 5 5
6 12 5 16 12 13 20 13 15 18 18 0 0 1 8 1 19 9 2 12 2 2 20 3 11 11 20 3 4 17 4 2 17 13 5 14 0 18 18 20 20 7 15 16 18 1 8 1 7 9 17 4 4 18 10 18 11 5 9 19 6 9 10 6 20 12 13 7 1 10 14 9 8 3 15 11 11 10 14 19 19 20 20 19 20 19 20 19 19 11 19 20 20 15 20 13 9 20 6 11
5 0 9 0 10 19 20 6 16 0 17 16 9 1 1 1 16 1 19 2 20 14 16 12 3 1 13 4 4 12 4 12 13 5 13 14 6 19 19 6 15 20 7 4 8 5 16 8 2 17 17 6 19 9 18 7 11 11 4 19 3 5 12 20 10 20 5 12 2 10 4 15 3 1 3 0 5 2 14 19 19 20 20 20 19 19 19 20 19 19 20 20 0 20 14 20 16 10 3 14
7 0 6 20 20 12 14 6 15 14 7 0 20 1 0 1 18 9 2 11 2 10 20 3 3 3 1 13 12 4 12 14 17 5 16 2 17 6 15 17 15 15 16 18 16 8 16 0 17 17 0 18 7 18 10 11 11 19 19 19 12 12 20 12 20 11 0 8 0 11 0 12 14 8 13 0 3 2 19 19 19 20 19 17 19 10 19 18 19 19 19 14 17 19 7 8 19 20 2 9
7 15 11 19 16 12 7 19 6 0 10 13 11 1 16 1 9 12 20 2 0 10 14 20 3 12 12 2 4 17 19 17 5 1 20 3 14 6 20 19 20 15 7 3 16 1 4 8 17 9 3 10 10 18 10 8 11 19 19 19 3 12 8 20 9 6 8 1 14 10 0 13 15 5 3 5 2 15 20 20 20 20 20 20 19 8 19 17 19 19 20 20 19 19 0 19 3 19 6 1
4 18 0 0 19 18 0 14 15 15 18 0 0 1 1 8 1 19 2 2 0 10 1 3 12 3 15 14 4 12 19 2 17 13 1 1 6 5 18 16 19 5 15 18 8 7 19 20 9 17 3 7 3 10 18 11 2 11 8 19 11 5 0 20 12 20 7 14 10 10 11 8 4 15 6 10 15 6 11 16 19 15 6 19 15 1 19 4 19 19 20 13 19 13 19 17 5 6 20 7
0 4 4 7 10 13 19 19 6 12 19 20 19 13 1 8 14 18 14 2 12 11 10 3 3 3 11 4 4 1 4 12 0 5 13 14 6 6 19 6 3 7 4 5 8 20 16 17 0 19 3 6 10 8 10 18 19 20 12 12 19 12 12 20 9 20 1 9 6 14 10 4 12 1 6 1 14 8 14 20 19 12 19 4 19 19 19 19 6 20 7 20 20 20 19 19 19 17 18 7
17 17 18 11 7 19 9 9 0 18 0 18 13 1 9 1 14 15 13 2 2 2 17 11 3 11 0 11 4 4 1 14 5 13 14 20 4 1 4 7 7 15 7 4 3 7 16 19 5 17 17 9 18 8 18 0 11 2 4 19 9 4 3 12 20 12 7 4 7 3 10 12 1 1 4 2 7 12 12 20 19 8 19 2 19 0 20 7 19 19 1 19 1 19 19 20 19 19 19 8
19 12 8 16 0 9 0 20 11 13 0 9 14 14 1 17 12 12 9 2 0 14 11 14 3 14 11 12 17 14 0 5 5 13 5 5 5 14 6 1 15 7 15 18 0 16 6 18 17 17 17 9 5 10 18 7 19 19 11 19 9 8 12 5 20 9 0 2 11 2 12 14 15 13 8 13 11 4 1 19 19 19 0 19 7 19 19 20 19 19 20 20 20 19 15 19 4 4 13 9
9 17 17 6 0 19 11 14 0 19 18 0 20 1 1 0 1 9 2 12 2 10 11 19 3 1 20 18 13 12 16 4 5 15 13 19 19 15 6 16 16 15 7 4 8 8 16 1 20 9 17 7 9 5 18 18 7 11 19 8 12 20 12 8 20 11 1 12 0 8 9 15 8 9 16 0 2 8 4 20 20 20 20 19 20 12 19 2 20 12 20 10 19 20 16 20 5 8 13 9
7 15 5 9 9 6 13 19 16 9 12 13 20 19 1 9 15 9 20 2 13 10 12 3 11 3 15 4 4 13 12 4 5 13 15 16 6 6 14 0 7 19 6 7 16 8 20 8 17 8 17 5 1 10 18 6 5 10 2 19 10 12 1 13 20 13 6 5 0 2 2 7 10 3 2 11 7 4 11 19 15 19 15 19 20 20 19 19 13 19 6 20 20 20 20 7 20 19 19 3
