16 12 14 12 17 14 16 14 15 20 8 24 14 15 1 19 9 11 10 2 10 10 23 21 3 1 12 15 12 4 18 13 2 5 0 3 15 6 16 23 15 0 7 3 16 8 1 5 18 9 9 8 18 6 10 8 19 11 20 7 20 24 6 21 2 10 22 22 14 22 23 8 8 23 11 9 24 2 24 24 9 16 18 12 6 4 7 1 12 15 11 3 13 24 23 3 23 7 6 23 22 12 23 19 17 24 21 24 17 24 23 0 23 7 0 20 20 24 7 7
24 4 11 7 24 6 9 7 7 24 12 21 23 8 1 20 9 14 2 10 2 16 14 3 17 3 1 4 4 4 14 0 24 5 23 14 6 6 6 15 23 7 16 16 16 8 23 17 17 1 18 10 22 7 19 10 11 23 20 3 20 2 12 21 21 13 11 24 22 7 0 13 23 8 16 16 24 0 24 24 16 16 2 18 18 3 14 7 2 20 13 9 19 23 23 24 23 2 23 15 23 24 23 23 23 23 23 24 24 23 24 23 24 23 23 23 23 23 23 4
24 9 18 11 12 10 12 22 17 8 19 8 9 9 1 9 20 21 10 2 16 11 18 11 3 21 0 19 4 13 20 21 5 1 5 14 23 6 2 20 23 7 23 16 1 17 8 2 24 0 9 18 10 23 10 19 24 24 24 20 4 12 4 21 8 12 9 22 11 14 9 8 11 23 12 15 24 3 5 16 3 11 15 11 3 2 16 19 18 19 5 20 19 23 24 23 23 23 23 23 23 23 23 23 24 23 23 23 23 20 23 20 23 19 23 23 24 23 24 24
4 6 7 18 7 14 24 0 13 0 18 15 12 1 1 9 1 16 2 2 2 2 18 11 3 11 13 16 4 4 20 14 5 23 14 22 14 6 22 21 16 7 24 3 17 0 17 17 17 7 18 23 24 10 5 19 19 7 20 21 20 8 24 13 21 12 5 22 14 22 11 1 14 23 1 9 16 24 8 24 16 8 12 17 0 8 11 1 14 10 3 17 11 23 24 23 14 23 5 2 23 5 23 24 17 23 0 23 8 24 21 18 24 24 18 24 16 17 1 15
8 0 9 21 21 22 0 14 21 14 12 16 0 16 1 22 11 12 2 2 2 11 11 11 3 23 16 12 16 4 24 13 5 2 16 14 6 21 6 24 7 24 7 16 16 8 17 23 22 9 24 18 9 19 10 19 2 23 23 20 8 12 5 21 0 22 0 8 22 14 11 23 12 23 1 15 16 16 24 5 2 3 15 17 15 2 16 17 17 4 7 1 0 24 24 24 23 23 23 24 23 23 24 23 23 24 23 23 23 23 24 2 23 6 23 24 0 23 23 21
21 24 9 23 20 7 8 8 12 7 21 23 0 1 19 1 24 10 21 2 0 14 11 24 3 11 15 17 4 4 13 13 5 14 5 23 24 6 15 20 23 7 21 16 22 7 4 17 0 22 9 18 4 10 10 19 0 11 24 2 20 12 9 11 21 6 22 22 14 22 13 1 23 23 15 1 24 24 24 24 8 6 0 2 9 12 1 5 0 20 18 6 20 24 23 24 23 23 24 24 23 23 6 23 5 23 23 23 23 12 24 10 24 9 24 10 23 23 2 22
24 12 19 8 6 11 21 7 7 0 20 13 14 1 13 1 17 10 2 10 2 18 1 3 21 3 1 19 4 13 17 4 13 5 24 17 6 2 24 19 15 7 16 24 4 8 17 2 9 8 18 19 18 23 10 8 11 24 11 20 7 21 21 6 21 6 22 0 22 14 7 13 23 1 12 4 0 24 5 24 17 4 2 6 9 3 14 18 9 5 15 2 15 23 5 24 24 23 24 24 23 23 24 24 23 23 17 23 8 23 9 24 24 23 23 23 23 24 24 23
9 7 7 24 23 6 13 15 6 13 8 19 13 0 1 24 12 9 11 2 12 22 2 16 3 14 19 12 23 4 3 14 5 4 14 15 1 6 15 22 2 7 18 16 8 8 24 17 17 9 18 18 10 23 3 19 11 11 20 4 12 12 8 21 0 0 13 6 22 7 13 7 23 15 10 24 9 0 24 14 10 2 0 3 3 15 14 13 12 11 2 20 5 24 14 23 6 21 23 7 23 23 18 24 24 7 24 23 12 23 20 8 23 9 6 23 8 11 1 15
0 11 12 21 11 14 12 7 13 0 7 8 23 1 1 1 1 1 16 2 16 15 16 3 18 3 14 4 1 4 13 0 13 5 23 18 16 6 15 23 7 16 7 16 20 8 6 23 9 24 18 9 1 0 8 19 1 11 10 20 12 5 12 21 6 9 22 9 22 0 12 13 23 15 15 2 12 24 16 2 10 10 5 3 14 3 0 7 12 19 0 12 10 23 24 24 20 24 21 23 23 8 23 7 23 8 23 23 23 23 24 23 24 24 11 23 10 23 18 0
22 5 16 18 11 7 16 21 18 20 23 10 13 0 1 19 9 11 11 2 18 2 15 3 3 3 21 12 4 4 13 5 5 5 14 5 17 6 6 18 21 5 17 16 8 18 19 23 7 9 23 18 24 10 10 19 7 21 7 20 12 3 4 21 7 23 13 12 22 14 12 1 14 23 1 8 15 13 24 2 0 17 11 7 5 17 14 9 9 20 17 15 3 23 23 23 23 23 23 24 23 23 18 23 20 23 23 23 23 23 24 22 23 23 24 8 23 22 22 4
5 11 6 0 22 6 17 17 13 8 10 17 14 1 1 16 24 1 2 23 2 0 11 3 3 3 23 12 4 16 22 13 5 22 24 5 14 6 15 24 3 7 16 4 23 8 19 17 1 1 22 18 6 10 6 23 4 24 6 20 6 0 11 3 21 13 13 24 22 2 14 10 23 1 10 0 1 9 24 17 9 4 14 8 1 3 10 5 18 7 5 5 19 23 23 23 23 24 24 24 23 6 23 19 23 23 24 23 24 1 23 23 1 24 19 24 6 24 10 21
12 6 21 10 7 10 14 21 19 12 12 10 8 1 11 1 9 24 18 2 11 12 19 11 3 11 18 21 20 4 0 16 5 21 3 14 6 6 19 17 24 7 3 16 7 19 8 17 6 9 7 18 6 10 19 23 10 6 1 20 12 0 11 10 21 24 0 9 22 14 13 12 6 23 11 10 11 10 24 8 17 12 18 11 12 3 10 6 2 5 17 20 15 23 23 23 23 23 23 23 23 23 24 3 23 6 2 23 22 23 5 23 10 23 13 0 21 1 20 7
16 24 11 17 6 19 22 0 23 16 7 17 10 11 1 17 20 13 16 2 18 16 14 3 3 3 24 16 4 14 13 3 5 15 5 2 6 6 15 21 2 7 19 16 7 23 20 5 9 18 2 18 5 1 10 6 11 20 7 24 7 12 5 21 9 1 22 12 22 1 14 9 23 11 9 16 24 1 15 17 14 12 13 1 17 18 9 0 12 5 17 7 24 24 21 24 6 24 11 24 22 17 24 5 24 24 24 24 4 24 19 23 24 23 24 22 23 5 15 4
18 22 22 18 22 13 7 15 13 22 11 14 14 1 1 1 11 9 2 21 2 12 17 2 3 18 3 22 4 2 1 4 5 14 24 23 17 5 6 23 15 23 7 24 4 8 17 17 24 20 24 18 10 19 0 19 11 20 8 10 20 10 23 12 21 23 10 22 4 22 9 14 8 23 15 4 6 24 9 24 1 11 13 15 18 16 0 13 1 1 20 20 21 23 24 5 24 24 23 23 23 23 23 24 23 23 24 6 23 20 15 23 6 0 23 18 23 5 19 1
0 20 14 9 8 21 18 0 23 14 15 22 21 1 12 1 21 9 17 2 17 20 13 3 3 14 3 4 4 4 13 14 5 24 5 15 2 6 6 15 6 3 7 21 0 18 19 17 19 9 18 23 23 10 10 22 11 22 8 20 23 9 21 9 13 0 13 4 22 12 3 14 5 23 0 4 2 24 8 24 1 11 13 15 18 14 7 13 9 8 17 5 6 23 23 23 23 23 23 23 23 23 23 23 7 23 23 24 24 24 1 23 23 8 24 23 11 5 23 18
18 18 10 8 7 5 6 9 14 23 13 24 8 9 1 20 16 10 9 2 2 2 20 3 3 3 3 4 4 12 4 14 5 14 13 1 5 24 6 22 19 24 3 3 8 21 0 17 9 2 6 23 23 5 7 19 4 19 22 20 12 20 13 13 21 13 22 9 24 22 1 15 13 12 23 8 2 15 7 24 12 2 6 0 12 12 19 12 4 6 0 11 8 21 24 24 24 23 24 23 1 23 1 23 4 23 0 17 23 20 4 4 23 14 24 5 18 23 1 4
21 11 8 7 12 7 11 13 14 12 7 11 13 11 1 10 0 10 12 2 14 11 1 16 3 15 1 12 14 4 18 3 24 5 3 14 6 15 2 6 15 7 1 18 8 4 1 17 5 20 9 18 6 10 19 10 11 8 2 20 0 8 21 11 21 12 0 13 22 7 14 5 23 23 23 6 16 24 17 24 11 1 14 0 8 14 1 18 14 18 11 0 18 24 23 21 23 6 23 6 23 19 23 24 23 4 23 23 18 0 23 9 23 10 23 15 6 23 23 20
6 5 22 22 6 21 22 7 16 7 14 20 11 1 18 1 17 9 2 15 2 0 19 3 3 11 15 3 4 21 15 13 5 13 5 2 5 5 20 6 7 24 16 7 1 16 20 7 3 9 18 24 19 19 9 7 19 20 20 21 12 8 11 9 21 8 13 4 5 22 15 15 12 5 23 9 2 24 17 24 16 1 12 1 13 0 8 15 8 18 12 21 4 23 24 23 23 1 23 23 24 24 23 23 23 23 15 23 19 23 2 23 24 19 0 24 19 1 4 11
21 21 0 21 22 9 12 11 12 10 23 10 13 8 1 15 16 14 22 2 14 19 0 11 3 1 12 12 4 14 21 13 15 5 3 23 20 6 6 4 7 7 6 16 0 8 0 8 23 9 8 18 23 19 10 24 24 23 10 20 12 21 6 9 21 2 0 22 14 4 8 10 23 8 1 16 16 10 24 2 17 0 0 11 10 1 1 8 2 4 15 17 9 23 24 23 23 24 23 23 24 23 24 23 4 23 0 21 23 2 23 18 24 5 24 1 23 11 23 23
4 12 22 17 20 22 6 16 15 14 19 10 24 23 1 14 24 20 14 2 10 20 14 1 3 22 19 13 20 4 3 22 5 3 24 14 6 24 6 6 23 7 16 24 23 17 8 17 1 7 9 18 10 24 24 19 8 6 23 20 8 3 12 10 21 13 4 22 12 22 14 7 23 4 23 6 9 5 24 17 16 17 11 8 17 13 19 4 7 2 16 6 6 3 23 10 23 21 23 24 24 8 24 1 24 23 23 22 23 7 19 24 6 24 24 4 24 3 0 23
11 12 5 8 21 8 11 11 15 7 18 17 15 24 1 9 22 9 17 2 19 18 21 3 16 3 12 2 4 19 19 24 5 5 23 14 6 1 6 24 5 24 7 16 17 8 17 4 22 9 1 18 10 10 22 19 4 23 1 20 11 12 5 12 21 13 8 22 14 14 0 10 0 23 9 10 16 4 24 17 13 10 6 8 16 8 11 13 6 11 20 19 17 23 23 24 23 23 23 23 22 2 23 24 13 23 23 24 24 23 15 23 23 12 24 7 24 19 10 13
19 7 12 7 15 11 14 14 10 21 7 13 24 15 1 21 24 18 10 2 0 11 19 3 3 3 3 12 4 4 22 13 2 5 3 18 1 6 15 15 16 7 16 19 7 8 17 17 8 9 5 5 19 7 20 7 23 11 5 20 0 9 12 21 8 13 0 6 22 1 10 13 23 1 4 15 16 15 24 15 14 12 12 18 16 10 2 18 16 4 5 14 16 23 24 23 23 23 24 23 23 24 23 12 23 4 18 23 20 23 4 24 15 24 23 23 23 16 24 23
16 4 8 23 13 18 13 7 0 0 12 13 11 1 12 1 9 13 0 2 24 0 0 11 3 0 0 4 4 4 15 13 19 5 0 20 16 6 6 15 7 16 24 7 7 8 19 17 9 4 18 9 18 4 23 19 11 0 20 23 20 21 21 23 21 5 5 22 13 14 4 7 24 23 1 1 15 24 1 24 7 2 14 17 16 16 5 11 4 18 8 2 3 24 23 24 24 23 23 24 24 23 24 1 24 24 24 24 13 23 23 24 9 23 23 21 24 8 15 19
24 12 0 21 10 11 17 15 10 10 9 21 23 1 10 1 24 9 9 2 24 20 21 3 0 17 15 22 4 1 13 14 5 1 4 15 14 6 1 16 3 16 7 21 20 8 6 17 9 9 21 22 10 9 19 24 4 3 11 20 9 4 6 21 13 4 1 0 22 23 0 23 23 23 11 7 12 16 24 4 5 14 2 1 18 12 15 8 5 1 11 14 2 23 24 23 14 23 15 23 16 23 2 23 23 24 20 23 6 23 23 23 4 0 14 12 23 23 18 2
19 22 11 12 10 7 15 7 13 7 21 10 8 8 1 23 12 15 0 2 17 17 21 11 3 0 24 17 4 0 13 2 15 5 24 16 2 6 2 15 7 24 17 16 16 8 18 17 18 9 9 18 4 21 19 20 11 20 20 20 6 22 12 21 21 8 10 7 22 4 14 0 23 2 10 3 24 15 24 17 17 17 2 1 7 7 10 5 2 18 16 4 13 24 23 23 15 23 21 23 7 24 24 23 16 23 18 23 23 23 16 23 7 23 6 23 24 7 23 17
18 16 6 14 13 9 12 9 9 10 0 0 24 1 20 1 20 9 20 2 17 20 24 3 3 14 13 17 17 4 2 17 5 16 5 2 14 24 6 15 15 15 7 16 16 8 21 17 6 18 0 18 10 9 19 19 8 11 8 23 20 9 21 6 21 21 12 22 22 22 5 3 15 23 16 15 16 6 24 2 17 0 8 0 17 17 1 1 8 10 13 2 11 23 24 24 24 24 23 23 23 23 24 24 24 24 15 23 24 23 24 0 23 24 9 23 4 22 2 9
6 12 7 10 8 14 11 12 23 21 23 21 18 1 1 23 1 9 2 0 2 10 17 3 3 12 0 12 4 15 23 13 5 23 5 1 14 6 23 15 23 2 23 7 5 8 24 0 9 22 18 24 10 9 19 7 19 11 10 20 20 20 21 11 21 2 10 22 14 22 8 15 23 2 23 11 1 16 24 11 12 2 17 2 0 1 3 1 10 4 12 21 13 23 24 24 23 23 23 24 24 23 23 24 23 11 23 19 23 22 23 24 23 6 23 24 23 2 10 7
10 6 10 14 18 18 10 0 10 8 7 13 0 22 1 13 16 10 20 2 20 10 10 3 11 19 3 19 19 4 20 22 13 5 1 3 6 19 15 24 16 23 7 0 16 19 1 20 9 4 18 2 18 7 24 19 11 4 7 20 12 24 5 3 21 11 6 3 22 7 9 7 15 23 12 14 3 24 17 24 16 17 17 13 2 3 19 10 8 4 7 17 14 24 23 1 23 24 23 6 23 23 24 15 23 18 23 8 24 23 8 23 7 22 24 4 24 2 19 0
11 17 10 6 5 24 15 19 22 11 12 24 22 10 1 11 18 0 17 2 15 17 18 3 13 1 3 0 4 1 14 13 5 4 14 24 6 16 6 15 23 7 22 23 16 2 6 8 19 9 21 18 21 10 24 19 0 11 11 20 12 12 21 12 21 11 0 22 1 22 23 10 11 23 10 8 13 3 24 6 15 11 9 5 18 17 7 4 0 3 13 4 5 23 24 24 23 23 23 23 16 23 4 23 23 23 12 23 16 19 23 9 23 19 23 23 21 16 5 3
10 20 21 24 21 13 18 9 21 7 24 15 22 1 15 1 22 24 2 14 2 13 14 3 17 21 18 3 4 20 13 21 5 14 18 23 19 6 2 6 23 7 16 16 21 8 4 0 9 18 18 18 22 10 20 19 0 10 20 20 11 12 21 9 21 22 22 22 22 8 1 15 23 15 14 11 5 24 9 11 10 7 4 1 11 12 6 4 13 13 13 16 20 23 24 23 8 23 10 19 23 15 23 20 24 19 23 23 16 24 7 23 23 11 24 10 24 24 23 22
