23 24 22 25 6 19 25 21 8 21 22 21 21 21 1 27 10 22 2 2 2 11 27 3 13 3 20 19 13 4 14 17 5 20 25 0 6 22 24 16 7 17 7 1 17 8 21 18 19 9 18 27 8 10 1 20 26 20 26 11 21 12 2 27 22 13 28 14 11 23 14 8 8 24 6 9 14 25 16 8 15 26 17 16 12 27 27 27 7 12 10 28 5 20 2 3 20 8 3 1 15 4 5 9 19 1 28 27 9 27 6 28 28 27 27 27 4 27 28 27 28 27 8 27 26 27 27 18 27 11 27 12 28 13 28 9 28 1 28 23
21 15 13 28 13 26 25 26 15 10 27 0 23 26 1 24 21 0 18 2 18 11 2 21 3 21 17 20 0 4 23 23 5 14 5 5 4 22 6 16 7 26 16 16 25 8 7 1 18 9 9 9 10 19 27 7 21 20 11 5 12 21 21 26 12 22 13 23 23 23 23 7 15 12 24 26 16 25 5 6 17 0 26 17 16 1 17 27 16 4 15 11 28 11 16 18 14 17 18 5 21 23 5 5 23 18 9 28 27 22 27 6 25 27 17 27 27 27 17 27 13 27 27 28 27 28 28 27 28 28 28 28 27 27 24 27 16 1 23 16
0 28 7 24 12 25 21 0 19 7 14 7 8 16 1 26 11 9 14 2 15 11 16 3 12 3 12 1 4 1 4 13 21 5 1 1 2 6 15 27 2 17 7 4 8 8 8 17 2 9 22 5 8 19 19 0 11 20 1 28 21 28 8 13 13 10 13 12 12 13 23 7 2 24 24 13 13 25 27 25 3 17 26 1 19 2 19 27 15 10 15 6 28 3 9 14 12 16 8 4 3 3 1 20 5 0 3 3 27 27 28 28 27 18 27 25 27 28 27 22 27 2 27 20 27 25 27 0 15 27 15 27 0 27 17 27 13 28 13 13
24 22 5 23 15 7 23 25 25 28 27 26 20 15 1 13 11 10 15 2 12 11 19 17 3 12 23 12 4 13 14 16 1 5 17 22 6 15 26 27 7 28 7 27 8 5 21 18 20 9 1 19 19 19 10 5 11 20 11 27 22 21 12 26 22 26 2 26 9 23 24 4 15 24 15 12 16 25 3 7 17 5 26 0 7 18 27 10 1 18 4 28 2 6 3 12 14 3 18 13 14 11 19 11 11 3 25 27 28 28 23 28 25 27 27 12 27 13 27 16 22 27 5 27 28 26 27 19 5 27 18 27 27 2 27 27 0 27 23 18
6 19 12 24 28 24 23 14 10 25 23 26 20 13 1 9 20 22 19 2 24 2 17 12 3 27 12 13 4 22 4 20 5 22 14 15 6 6 0 6 19 16 7 17 8 17 24 8 0 9 26 6 10 19 10 2 11 24 11 21 12 21 26 27 28 13 1 0 23 5 23 6 15 24 15 28 25 11 25 6 17 7 26 3 1 4 27 19 27 9 28 18 17 28 3 1 3 14 16 22 20 15 12 15 15 2 5 27 28 27 27 27 27 19 27 17 27 24 28 13 27 27 27 13 27 14 27 5 28 26 27 27 27 27 27 27 27 27 7 20
26 6 22 27 24 8 24 14 10 12 15 16 26 1 19 1 9 16 25 2 21 18 0 3 3 28 12 4 4 4 20 3 5 14 4 22 15 6 27 26 5 5 16 24 8 17 17 8 9 8 9 26 19 10 3 10 20 11 9 2 21 12 11 28 22 13 27 5 26 23 8 15 24 15 24 26 3 25 26 26 17 9 26 16 15 14 27 19 17 15 5 28 8 20 0 2 12 9 20 14 16 5 5 2 3 20 18 28 25 27 7 7 27 12 25 27 27 3 28 16 28 26 27 26 27 27 21 27 4 8 27 0 18 28 28 27 27 27 10 23
17 21 16 26 16 10 28 22 12 7 18 18 26 18 1 13 10 18 2 2 2 10 28 3 24 3 13 0 4 13 4 20 1 5 28 20 6 16 5 15 0 21 7 16 28 7 20 4 18 7 9 0 3 19 9 11 21 11 20 6 11 12 8 10 22 12 22 22 23 23 11 8 15 24 16 16 0 7 25 4 17 14 26 18 12 27 27 19 27 10 9 20 28 21 3 15 18 4 12 12 23 6 5 22 5 9 15 28 27 22 27 25 27 27 27 27 7 27 16 27 3 28 28 28 27 28 28 27 0 10 27 13 8 26 27 13 6 28 24 21
7 15 25 22 28 28 22 18 9 21 23 21 26 0 1 9 18 18 0 2 23 0 18 3 3 3 12 2 4 1 4 4 5 20 14 17 6 2 16 6 27 5 27 17 8 27 8 17 27 8 25 21 9 10 19 4 27 20 23 9 28 21 25 13 22 5 13 13 23 27 23 13 15 13 24 28 5 16 25 2 16 17 26 6 26 28 27 16 27 20 20 28 15 28 0 20 17 22 12 9 11 15 13 7 19 24 11 21 27 27 28 27 27 27 28 27 8 28 25 28 21 27 28 2 28 2 25 27 4 27 0 28 0 27 28 5 21 7 28 27
10 21 8 20 15 0 0 7 15 13 23 0 21 25 1 14 17 17 20 2 11 0 16 3 3 12 27 4 4 4 27 4 23 5 14 3 6 22 6 22 16 7 16 4 4 8 3 18 20 0 18 27 25 10 6 0 20 20 8 24 21 0 12 9 22 13 13 10 14 23 6 4 24 15 1 8 11 25 16 26 17 15 26 15 1 14 19 27 1 19 5 28 16 28 19 1 12 6 6 11 13 1 15 3 1 2 23 27 28 27 27 27 28 28 4 27 3 27 19 27 12 27 18 6 27 0 8 27 8 27 10 27 12 27 16 28 28 27 23 0
25 10 17 8 23 18 26 27 16 27 11 23 11 15 1 0 14 19 10 2 13 28 17 3 3 17 3 12 4 19 27 24 14 5 14 24 20 6 27 27 16 21 7 17 21 8 17 7 18 18 8 25 19 10 23 20 25 10 11 0 23 21 26 24 13 22 13 6 23 12 14 24 13 15 6 5 25 4 15 10 0 4 26 18 18 27 18 4 16 10 13 28 13 11 13 17 2 22 14 13 0 15 6 23 6 2 28 27 25 27 24 27 25 27 2 27 27 5 27 20 27 25 28 28 27 20 27 8 27 11 5 27 24 25 27 7 13 16 27 12
5 16 19 11 25 21 27 15 20 27 16 26 8 18 1 23 16 12 19 2 11 23 14 23 3 24 20 22 4 4 13 4 16 5 22 5 6 6 6 0 16 7 25 22 27 17 27 8 9 20 18 9 28 10 10 2 27 24 11 21 24 2 12 8 27 22 2 28 14 23 5 9 24 26 9 15 11 25 8 15 11 26 4 14 8 13 27 19 8 1 19 28 9 6 7 2 20 5 5 22 21 19 9 17 23 2 5 27 28 27 16 27 25 27 8 28 28 28 28 19 27 8 25 27 20 28 27 27 28 21 28 3 27 28 28 28 0 27 12 4
26 7 28 17 6 25 15 25 27 0 8 8 10 18 1 27 22 20 20 2 11 0 13 3 3 3 23 13 4 13 18 23 21 5 20 0 6 15 22 6 7 5 16 28 19 1 8 28 1 9 18 26 19 10 10 8 11 20 27 21 22 12 3 10 26 22 25 27 14 23 26 14 5 24 12 4 16 26 25 2 16 26 4 26 6 3 18 27 7 0 10 28 13 28 12 3 19 11 2 17 8 3 14 15 24 24 8 28 27 27 27 28 28 20 27 19 27 27 27 27 7 28 10 27 27 8 27 12 27 6 26 27 26 27 28 25 2 27 11 23
9 8 13 24 0 28 8 25 17 14 8 23 26 11 1 0 19 26 15 2 23 11 28 18 3 12 13 19 4 15 13 23 4 5 14 17 19 6 22 20 7 16 17 17 8 17 8 1 6 9 1 0 19 10 25 8 26 20 26 3 21 12 11 25 22 13 27 23 4 23 23 2 24 24 24 16 8 25 16 0 8 7 26 9 1 27 18 1 19 28 17 11 28 12 12 3 21 0 21 22 17 17 20 22 12 23 3 27 28 27 27 11 27 8 27 24 27 27 27 27 9 27 27 28 24 24 27 17 23 27 16 27 27 27 27 18 27 2 27 12
0 11 28 21 14 7 8 7 10 17 8 14 27 1 28 1 11 15 0 2 17 11 0 3 21 3 15 20 4 14 13 14 5 5 14 14 6 6 5 3 16 7 17 22 27 8 8 18 9 9 3 9 19 10 19 25 21 23 25 11 21 12 12 7 0 22 8 13 23 5 7 12 15 24 7 25 8 4 25 11 28 26 10 4 18 1 27 3 10 0 9 28 19 17 21 17 12 14 8 17 18 12 5 5 19 14 4 28 27 27 8 27 24 27 26 27 7 27 24 27 28 28 28 28 27 3 27 27 27 7 27 9 11 27 1 27 8 27 27 1
22 5 5 6 22 25 28 28 17 17 12 26 11 26 1 20 14 27 25 2 23 28 11 3 3 3 1 12 4 23 2 0 5 28 0 15 6 15 6 27 7 20 16 23 8 17 2 27 18 9 24 9 8 19 20 21 10 20 11 12 12 21 12 8 4 13 22 4 23 14 23 5 6 8 15 0 7 25 16 25 5 26 16 26 15 18 14 27 17 19 13 28 14 28 8 15 15 8 8 17 9 4 22 1 1 11 19 27 27 27 28 27 28 27 27 28 13 27 2 19 27 7 28 27 27 27 27 22 27 23 27 23 27 28 28 28 27 28 27 25
22 27 5 9 5 19 11 21 16 23 24 13 8 1 1 18 1 11 28 2 11 11 19 11 3 12 20 17 4 27 27 27 5 19 5 17 6 15 0 6 7 27 17 19 8 17 17 18 25 9 18 24 20 19 0 10 20 11 11 7 21 10 1 6 13 22 12 10 23 14 0 7 25 24 4 7 0 25 3 13 7 26 26 18 6 27 1 27 28 2 17 28 3 20 3 12 19 15 13 0 16 9 11 14 23 22 9 28 25 28 0 21 28 25 23 15 27 7 11 27 11 28 6 27 14 28 27 27 28 25 28 20 27 27 14 28 3 10 10 5
5 26 6 5 9 8 0 26 16 20 11 8 9 1 10 1 10 10 2 28 2 14 12 20 3 27 19 19 4 22 13 13 1 5 5 14 20 6 6 17 7 7 17 20 0 27 6 26 4 9 18 23 10 10 20 6 2 20 11 11 6 11 21 22 12 8 2 14 7 23 9 24 26 14 24 9 2 25 14 25 17 8 0 26 17 13 14 27 10 11 11 8 28 20 11 15 21 2 3 5 10 14 1 13 22 0 13 28 27 17 28 27 27 17 27 23 27 28 28 27 27 27 27 15 24 27 20 8 27 19 28 22 27 8 27 7 26 9 1 15
0 25 10 27 26 6 26 27 19 8 10 13 16 24 1 17 10 25 2 18 2 22 11 24 3 26 0 13 4 24 18 13 5 15 5 17 6 15 20 19 7 7 7 4 17 8 7 23 27 9 18 6 19 1 0 25 21 20 5 11 27 21 21 5 22 1 6 27 14 23 5 0 24 11 24 4 25 27 25 15 8 26 17 16 6 7 27 15 19 18 20 28 13 3 9 13 9 13 12 0 4 13 5 2 1 4 18 27 28 27 27 27 27 16 27 24 27 28 27 9 27 1 27 7 27 28 27 14 27 26 27 4 28 1 28 20 27 27 12 16
23 14 24 28 21 6 6 22 25 26 24 13 26 1 13 1 11 18 10 2 13 0 25 20 3 20 28 12 25 4 19 21 5 1 5 3 6 6 16 27 18 16 16 18 8 5 19 8 8 25 9 25 8 19 21 10 2 4 0 24 12 21 10 22 13 9 22 9 13 23 1 15 24 11 24 11 5 15 25 17 0 2 26 18 2 11 10 27 16 7 5 0 28 10 20 10 5 12 14 20 5 5 14 3 5 4 20 27 28 27 7 27 18 26 27 3 28 10 27 25 27 10 28 21 27 1 27 15 27 10 27 12 27 19 26 27 25 20 13 14
26 8 13 28 8 27 6 25 20 9 17 22 22 1 17 1 15 19 2 10 2 11 1 1 3 12 25 16 4 22 13 23 3 5 26 14 6 15 15 4 28 7 16 25 20 8 18 28 9 18 28 9 8 10 27 27 20 5 6 10 11 12 0 27 3 22 3 24 14 23 26 24 3 10 12 16 16 25 14 9 13 26 18 1 18 27 16 27 19 10 28 14 28 19 2 11 21 2 15 2 13 23 5 8 19 0 21 27 28 27 28 28 21 28 25 28 28 27 13 13 27 14 10 27 20 27 28 27 27 3 27 2 12 27 4 28 28 27 5 23
21 15 23 9 0 11 26 26 8 8 0 16 19 19 1 9 16 13 19 2 0 28 15 3 12 3 15 4 13 4 24 26 20 5 0 14 24 6 23 4 26 16 7 24 28 8 18 1 0 9 19 23 10 25 19 27 8 27 11 8 9 12 21 22 24 22 27 9 23 24 23 15 15 24 3 10 11 13 25 5 17 27 26 11 1 18 16 27 27 3 2 28 19 28 19 3 19 19 22 20 14 11 23 5 0 14 24 24 27 11 27 28 28 18 28 16 27 28 28 24 27 26 27 14 27 23 27 27 28 28 28 20 27 5 27 23 27 12 26 3
8 15 6 19 21 16 14 25 25 10 14 24 19 1 1 17 1 26 16 2 10 10 18 3 11 3 28 4 19 4 27 25 13 5 14 26 6 26 27 16 25 7 7 1 26 17 8 20 19 9 9 19 4 8 10 25 22 20 11 26 5 21 5 13 12 13 27 28 5 23 14 28 8 24 8 16 14 25 25 25 17 12 10 26 14 12 27 27 0 13 15 28 20 28 13 21 18 13 15 13 12 21 13 16 0 17 13 28 28 28 28 28 21 27 26 27 19 27 27 27 1 27 27 28 27 27 0 20 27 10 27 10 27 27 10 27 2 22 19 5
14 14 8 6 16 16 24 11 28 17 15 23 15 1 19 1 26 14 26 2 11 15 27 3 3 13 12 17 4 3 17 13 24 5 16 0 15 6 15 16 22 7 16 23 17 8 18 21 9 18 27 9 28 19 24 25 10 20 11 9 1 12 12 10 22 22 13 23 11 23 14 14 7 24 27 10 16 16 25 2 14 26 5 26 9 27 14 27 19 5 28 13 28 28 21 12 6 15 11 22 6 13 20 17 5 22 3 27 28 27 27 27 28 28 28 28 28 27 28 28 9 27 27 19 27 27 28 27 28 21 27 22 27 9 16 27 7 0 2 8
0 18 12 25 26 22 16 9 0 25 18 0 10 1 9 1 9 10 10 2 19 2 14 3 3 3 12 21 4 19 22 20 5 14 14 25 1 6 19 27 23 7 26 2 4 8 17 0 18 9 27 9 8 10 4 20 20 20 11 24 21 21 9 13 22 22 28 11 23 14 5 25 6 24 0 10 8 25 2 27 26 26 10 12 18 1 27 3 19 9 8 28 14 4 6 21 8 2 0 4 3 14 9 2 4 24 20 27 28 4 16 27 26 27 28 27 27 27 8 27 27 4 27 26 27 13 27 22 27 11 8 27 5 15 28 5 28 5 9 18
28 0 8 22 6 23 16 19 21 17 26 16 16 1 0 1 26 17 19 2 13 14 18 3 13 3 12 20 19 4 28 17 5 25 5 24 6 3 6 20 7 17 1 27 8 1 17 18 28 9 27 19 21 24 10 27 20 11 11 21 2 21 11 22 13 22 4 11 11 23 28 14 7 24 8 4 7 25 3 5 26 17 26 1 18 27 3 19 10 0 0 28 0 1 13 3 15 8 11 2 14 22 5 11 2 24 28 28 22 28 9 27 27 27 28 27 27 28 27 28 6 27 1 27 2 27 23 27 2 6 27 28 27 19 27 7 27 28 14 11
21 12 24 7 22 15 16 17 27 19 27 15 24 16 1 10 18 14 15 2 17 11 12 12 3 15 15 20 4 13 13 15 5 5 22 24 6 6 27 6 16 7 26 17 1 5 8 25 7 9 27 23 19 6 10 27 3 20 6 27 21 12 21 27 27 13 27 11 12 23 3 10 24 4 8 8 16 25 25 5 17 11 26 13 1 14 27 9 5 2 9 28 17 10 3 16 17 21 20 13 13 12 5 7 14 9 7 27 28 27 25 27 6 27 27 27 19 27 26 27 28 28 28 27 28 27 27 27 27 2 27 12 12 27 27 15 28 12 28 8
28 0 23 26 10 16 23 16 27 21 0 15 15 9 1 16 9 15 28 2 15 26 14 3 3 3 26 26 4 3 4 14 5 14 5 22 20 6 23 27 27 16 7 16 28 8 17 27 18 23 20 9 23 10 24 27 20 8 6 12 8 21 6 12 22 13 1 27 23 12 10 5 28 24 5 10 25 4 17 28 17 26 2 16 15 18 27 15 3 20 28 20 28 3 20 3 5 22 13 18 0 14 15 23 16 2 20 27 28 27 4 27 25 28 28 22 27 22 27 27 27 16 27 21 27 28 27 28 3 27 18 27 27 27 22 27 11 27 28 2
5 15 24 25 20 11 11 25 26 25 14 8 25 1 24 1 26 10 11 2 11 17 0 3 3 19 27 14 4 0 26 14 27 5 14 17 28 6 15 21 7 7 28 17 8 7 8 18 21 18 19 3 10 19 20 20 11 11 11 6 21 6 27 27 22 12 26 27 23 14 5 6 24 24 15 9 15 25 1 15 13 26 14 18 18 27 27 27 8 7 11 28 0 0 1 21 15 7 11 5 5 20 3 5 2 5 28 28 28 27 27 27 24 27 24 27 5 27 24 28 28 8 27 19 26 27 2 27 28 19 28 26 27 7 6 22 28 23 12 25
23 7 13 9 24 0 15 25 24 25 8 24 0 16 1 27 0 27 10 2 14 11 12 15 3 12 13 4 26 4 13 21 13 5 14 5 6 6 6 22 6 7 27 25 4 21 17 18 9 19 8 21 28 19 10 4 20 27 20 27 7 21 22 8 3 22 13 13 14 0 23 7 15 24 10 1 16 25 25 25 17 14 26 18 18 27 19 27 27 16 28 11 28 28 7 16 16 21 18 14 7 21 12 22 10 14 15 27 27 28 27 25 27 6 17 27 22 17 27 27 28 18 27 27 2 27 11 11 27 27 28 21 27 4 21 12 28 8 17 15
24 15 12 24 23 16 0 14 17 26 10 8 28 1 15 1 26 17 17 2 17 17 26 11 3 11 21 17 4 15 20 15 14 5 24 16 22 16 5 17 16 7 16 1 1 27 8 18 21 28 19 24 9 19 10 27 21 20 7 12 21 12 12 9 13 22 13 24 10 23 13 11 15 24 24 7 16 2 25 0 8 28 26 14 1 1 27 2 19 0 28 13 28 17 17 11 13 19 6 21 16 8 3 14 23 3 22 27 27 28 27 28 26 28 25 5 28 0 26 25 26 3 28 26 27 27 23 27 12 28 10 27 8 27 13 7 27 0 13 27
