11 19 27 27 11 32 16 28 16 17 19 29 0 14 1 19 10 22 24 2 11 30 1 15 3 28 0 14 4 17 23 22 22 5 23 17 16 6 17 16 2 7 3 3 17 8 3 5 18 9 2 1 32 10 20 22 32 32 5 21 12 9 8 13 13 13 23 28 14 24 24 24 11 15 25 15 15 5 9 26 29 17 8 27 9 32 18 28 32 9 19 29 20 14 11 19 30 21 22 31 11 14 1 23 32 3 32 32 23 13 6 11 16 5 5 17 4 15 23 26 28 31 31 32 32 32 31 31 31 31 31 2 31 10 31 27 32 11 31 32 31 22 31 7 31 32 31 32 32 31 31 24 31 9 30 31 31 32 3 32
10 9 27 18 8 12 21 9 31 10 21 20 22 1 1 1 1 12 16 2 1 31 12 3 12 3 13 15 4 20 16 17 5 14 5 4 6 28 6 27 22 7 19 21 8 0 8 31 28 9 25 5 19 10 21 4 20 11 22 30 21 7 24 22 22 13 32 4 0 28 24 15 24 15 3 25 3 16 2 26 27 14 17 12 27 6 4 28 31 10 19 29 31 20 16 30 4 10 14 2 6 31 1 6 14 32 24 32 9 18 20 10 10 1 23 14 12 15 27 22 28 32 32 24 32 23 32 31 32 32 24 31 10 31 20 32 5 31 20 31 3 28 31 7 1 31 31 28 16 31 5 32 22 9 31 5 13 13 32 16
29 26 5 18 17 18 27 25 28 26 14 21 9 1 1 13 1 22 2 12 2 30 12 1 3 21 3 23 4 13 20 19 14 5 19 32 6 23 6 4 16 7 19 17 31 31 2 18 9 32 31 9 20 10 20 20 20 7 31 21 28 12 2 11 22 12 2 9 9 32 14 24 3 28 29 25 15 16 26 26 26 17 30 18 27 18 32 28 9 15 8 9 29 20 13 10 30 21 2 7 2 31 5 10 23 14 32 10 4 15 12 14 11 5 20 25 6 26 21 28 23 32 31 31 31 31 31 31 31 32 31 31 31 9 31 3 31 12 31 31 29 32 20 24 31 0 24 31 12 9 32 32 3 31 16 4 31 17 26 14
8 17 17 15 9 21 0 9 14 28 23 31 23 15 1 18 18 31 2 22 2 19 11 17 3 12 19 1 4 13 14 26 5 19 5 31 21 6 21 16 7 17 7 32 17 8 3 18 9 29 9 27 26 32 0 10 20 31 5 21 5 12 29 5 29 2 23 0 14 1 28 24 1 0 31 25 16 32 29 26 32 17 0 27 32 28 12 7 29 9 29 14 29 11 15 21 30 9 8 1 1 31 18 18 21 32 19 12 25 22 16 16 1 3 11 22 5 18 0 16 7 32 31 23 1 31 30 11 31 24 32 31 31 31 31 13 31 24 0 31 17 32 13 31 0 24 31 18 22 6 31 29 14 18 31 9 31 32 17 25
30 27 0 19 31 29 11 32 20 24 32 20 29 0 1 9 29 17 21 2 25 12 29 3 12 3 12 24 19 24 4 18 5 14 16 24 17 6 16 28 16 17 7 30 8 18 8 26 18 9 9 19 32 10 31 20 30 32 11 21 31 12 30 1 28 25 23 4 14 3 24 32 24 15 3 5 8 26 14 17 32 2 17 27 32 32 0 28 8 29 32 20 29 15 1 30 7 3 21 31 14 3 8 3 8 32 1 24 2 8 19 18 25 15 18 2 17 23 25 28 8 32 8 31 29 31 30 31 31 29 32 17 32 14 32 20 31 29 31 21 31 9 18 31 4 31 3 32 25 32 32 1 31 3 31 26 31 17 32 21
13 31 6 10 28 12 10 16 15 26 18 32 0 1 15 1 15 14 18 2 12 29 22 3 13 12 3 18 4 25 29 1 5 30 5 20 15 6 16 16 32 23 7 21 8 31 8 8 9 9 9 27 28 9 27 20 0 11 21 2 12 31 9 22 31 8 13 27 26 29 28 14 4 7 25 16 32 4 26 17 13 29 27 32 7 13 28 12 19 7 29 11 0 12 15 30 0 20 15 22 31 4 2 14 13 32 4 11 23 24 17 0 15 26 4 20 22 9 14 16 31 32 20 31 7 32 32 29 31 9 32 4 31 4 31 26 1 32 21 31 31 15 31 28 31 13 31 31 32 25 32 17 32 1 30 32 16 15 32 7
30 27 21 30 17 29 28 16 15 29 23 28 28 27 1 25 29 10 31 2 18 20 12 3 3 3 3 1 4 30 23 14 5 14 5 0 6 22 6 25 24 7 17 27 26 8 29 24 6 19 9 26 8 10 20 3 11 11 11 26 32 22 12 22 4 25 2 23 13 14 24 24 3 13 32 25 16 30 26 26 12 4 27 9 18 17 8 28 1 29 9 20 29 1 11 21 30 21 31 20 15 31 6 32 2 11 32 9 13 18 16 14 5 25 6 0 6 25 6 19 25 31 32 32 29 31 31 4 32 12 31 10 31 26 31 32 18 31 28 24 9 31 15 0 31 14 21 32 5 31 31 29 3 32 21 1 5 29 13 7
9 7 17 22 9 20 21 31 16 30 16 17 32 20 1 17 10 25 2 15 2 21 23 3 3 3 22 17 4 18 1 14 5 5 21 17 6 32 6 16 7 7 17 17 8 31 8 3 18 2 20 9 26 10 2 20 20 11 5 28 0 12 22 31 26 30 23 23 14 28 24 29 25 8 32 15 16 14 26 5 8 27 17 27 15 18 28 5 15 13 29 5 20 20 17 30 12 20 4 12 31 21 23 3 32 2 22 17 13 12 10 22 12 18 2 27 6 13 7 16 32 6 31 29 31 26 31 30 31 32 32 32 20 31 1 31 31 32 31 31 31 31 22 31 31 31 31 31 32 1 31 7 31 8 32 31 31 29 26 26
32 17 31 22 10 28 23 17 11 14 23 30 22 1 1 14 1 0 16 2 25 28 15 18 3 23 26 13 4 18 14 4 5 5 5 0 6 6 6 16 7 7 7 3 17 8 25 7 30 9 0 2 10 8 20 30 32 11 31 21 3 12 22 11 13 23 32 23 10 14 24 2 14 25 30 25 26 14 16 26 32 17 13 27 18 28 4 16 1 19 8 29 14 20 5 30 1 10 16 2 8 31 21 23 32 23 15 6 11 19 14 23 9 8 26 4 6 15 18 4 7 31 31 32 27 31 25 31 30 32 31 31 27 31 25 31 31 32 3 31 27 31 7 31 13 31 32 32 32 14 31 2 2 31 12 31 26 31 16 26
7 16 27 0 13 13 0 31 30 19 16 0 20 19 1 16 12 16 21 2 11 32 0 3 19 3 0 20 4 30 26 20 14 5 15 3 15 22 6 0 7 16 7 1 17 8 1 8 18 18 6 23 10 31 10 22 20 6 24 21 12 21 25 4 12 13 0 23 1 14 24 5 27 25 30 13 30 26 12 17 13 17 27 17 27 15 28 13 30 18 3 20 29 20 7 2 30 8 14 16 23 31 3 17 9 32 22 13 4 23 25 7 14 5 8 18 6 12 2 25 9 16 31 28 31 32 31 28 31 22 31 18 32 13 32 28 25 32 12 31 31 21 31 31 32 13 32 31 31 31 31 31 26 3 13 15 25 31 7 13
15 29 6 5 18 26 12 16 19 31 8 29 20 19 1 21 30 23 17 2 31 21 11 15 3 15 13 24 14 4 13 3 20 5 15 26 18 6 0 3 7 32 7 22 29 17 31 32 9 27 9 8 31 10 20 21 32 0 11 21 2 25 30 25 13 23 32 23 14 14 14 24 14 0 9 14 25 9 31 26 17 10 27 12 27 0 3 28 4 18 29 20 29 18 20 21 30 30 11 19 31 19 16 17 1 32 18 32 4 14 25 11 16 15 4 1 5 15 20 5 16 32 31 30 31 4 31 32 32 32 31 32 31 31 31 32 32 32 31 31 2 31 1 31 11 31 31 30 31 31 28 32 31 15 32 28 14 18 24 14
25 7 27 9 19 9 31 23 31 18 29 20 19 20 1 9 23 31 19 2 12 21 13 0 3 14 31 13 4 4 27 4 5 19 23 25 15 6 3 16 17 17 7 4 25 8 3 28 18 9 30 28 4 20 20 20 11 11 21 1 2 30 1 12 30 32 23 32 14 1 24 5 12 9 25 15 29 6 16 5 0 29 27 17 10 28 3 28 31 19 29 20 4 20 9 30 30 21 8 31 31 31 13 14 32 6 32 21 7 4 25 21 8 12 22 21 15 11 27 16 32 32 32 21 31 8 31 32 31 32 31 24 31 20 29 31 16 31 21 32 31 31 18 31 29 32 13 32 15 26 31 20 25 31 8 31 31 4 18 7
7 6 17 15 27 29 17 12 20 7 29 31 0 32 1 9 25 20 11 2 20 31 26 15 3 26 31 27 13 4 26 23 19 5 15 15 15 6 15 27 17 7 32 32 25 8 30 18 9 1 19 29 9 10 3 0 11 21 30 22 12 32 9 22 28 26 7 23 14 14 24 15 31 15 8 25 32 29 26 7 7 10 18 27 0 18 6 19 28 8 29 4 17 19 0 21 30 20 21 2 10 31 3 10 32 12 24 32 1 1 3 19 14 22 19 24 12 4 2 1 7 7 32 31 32 32 27 13 31 2 25 29 31 16 30 0 31 21 30 31 6 31 1 31 13 31 32 31 14 32 31 31 32 23 31 25 31 31 25 10
30 28 15 17 19 8 19 28 15 8 12 21 14 13 1 14 25 22 2 2 2 20 1 11 3 1 31 32 4 16 22 22 23 5 14 27 6 18 26 6 7 1 31 7 17 8 28 18 28 18 19 19 10 19 32 10 20 11 4 0 21 7 25 22 13 13 10 23 14 5 32 24 8 15 14 25 15 16 31 9 17 14 27 17 18 14 31 28 32 19 32 29 32 21 4 21 30 9 2 0 31 12 31 19 32 24 5 32 2 10 16 5 23 26 14 22 21 18 26 2 13 32 31 3 29 31 9 1 30 31 3 1 31 19 32 31 7 31 18 9 31 16 32 31 31 31 32 32 32 32 32 31 31 31 7 7 31 29 31 12
7 17 30 21 11 31 8 7 19 16 9 0 10 1 14 1 11 16 25 2 27 21 21 3 3 12 3 13 4 19 13 22 30 5 15 27 6 6 6 28 16 7 0 23 8 17 27 18 9 8 25 9 6 20 10 21 20 21 11 6 31 22 12 22 13 27 23 6 31 14 24 29 6 32 14 25 11 16 7 8 15 9 6 27 18 31 28 19 19 9 29 1 29 21 20 30 21 30 13 16 12 31 14 23 5 32 3 12 20 19 5 7 17 8 20 27 6 25 5 27 16 7 31 26 29 31 27 31 32 31 31 32 32 14 31 15 28 31 11 30 31 22 19 32 28 31 31 28 31 31 31 31 31 32 29 32 25 32 30 31
19 14 30 6 20 6 29 17 14 20 27 29 0 1 1 22 1 10 2 26 2 22 14 20 3 25 24 19 13 4 21 14 23 5 15 19 6 17 27 27 6 7 17 31 27 26 23 18 1 9 21 21 19 10 20 20 24 11 8 21 24 11 22 25 12 29 13 23 6 14 24 15 11 15 25 26 10 16 16 26 16 10 17 27 11 9 14 28 19 10 8 29 12 6 30 20 1 19 0 11 31 17 0 9 32 12 32 18 13 4 13 2 6 13 20 12 27 24 17 11 32 31 7 31 8 31 29 31 1 31 29 31 4 31 30 5 31 27 0 31 25 32 9 31 12 11 31 17 31 32 24 32 30 32 18 32 25 32 8 26
27 17 27 0 27 17 28 28 23 25 13 20 25 30 1 31 14 26 2 2 2 14 19 14 3 29 32 19 4 21 25 14 5 19 5 2 6 6 6 16 31 7 17 0 8 4 26 18 9 31 9 31 10 20 20 20 11 11 5 21 12 32 28 29 31 13 23 9 32 14 13 24 2 32 25 0 11 14 26 3 27 17 27 27 0 18 16 28 10 29 12 20 29 4 4 30 11 17 6 4 31 22 19 4 19 32 5 32 24 7 25 19 10 15 9 24 13 17 27 26 32 31 20 31 8 32 31 31 30 31 14 31 10 20 31 24 24 31 27 32 20 31 26 31 21 32 31 32 32 32 31 31 31 32 9 27 31 16 29 28
9 18 6 9 29 30 22 15 9 27 9 0 29 1 23 1 10 19 27 2 14 23 23 21 3 26 32 12 13 4 16 14 5 19 5 16 23 6 22 32 16 17 6 2 6 8 2 27 19 31 9 1 20 29 26 30 23 27 26 22 12 2 2 22 31 10 23 25 23 14 8 28 13 25 16 25 16 10 26 15 13 28 18 27 14 28 19 28 10 1 15 29 20 9 30 3 30 7 11 31 21 31 4 21 32 12 32 24 2 10 23 14 17 16 5 18 13 18 18 27 22 32 13 32 29 22 32 22 31 31 23 31 11 31 30 31 5 31 29 31 12 31 14 12 13 26 17 32 11 32 2 21 31 0 30 2 2 28 23 15
11 14 32 20 21 28 31 11 12 19 30 11 17 1 12 1 16 10 13 2 18 28 24 3 3 32 12 18 4 2 13 4 13 5 16 26 6 25 6 18 21 7 3 17 8 32 18 26 9 2 24 32 9 10 4 10 20 22 11 25 9 9 22 1 2 23 12 14 23 14 13 11 13 30 25 16 9 1 3 26 12 27 9 8 27 32 8 28 18 19 16 6 29 5 3 1 30 10 22 13 14 31 23 18 32 8 32 32 12 24 13 4 21 7 17 13 21 7 24 23 2 32 32 32 31 32 31 31 31 31 32 32 20 32 10 32 20 31 31 31 31 9 32 31 26 31 10 29 31 10 32 32 31 30 32 16 22 15 32 31
12 21 18 12 25 28 0 29 29 29 29 9 0 1 24 1 18 16 2 28 2 11 12 18 3 22 31 13 4 13 20 25 5 5 3 15 5 6 16 26 16 7 26 24 32 23 18 31 31 9 6 19 31 26 10 26 0 6 21 27 12 12 6 22 32 13 23 31 14 13 24 15 1 15 25 10 16 16 2 26 14 13 27 32 18 28 17 28 2 3 29 19 16 12 20 30 14 2 22 22 31 16 11 14 32 22 16 13 10 17 4 19 1 5 11 2 4 13 17 27 32 31 29 31 1 31 17 31 29 31 20 19 31 30 13 31 26 6 31 29 31 12 32 32 32 32 30 31 7 13 31 27 3 32 32 4 31 3 31 9
26 10 20 0 7 29 16 30 21 0 22 21 8 1 1 10 1 1 2 2 2 0 24 31 3 29 26 13 4 18 13 22 23 5 24 15 17 6 15 27 5 7 7 22 5 8 8 9 9 32 9 24 1 10 20 4 11 11 32 26 21 2 12 22 12 23 0 8 31 9 24 30 11 14 25 16 3 4 17 26 32 14 6 18 27 13 18 28 10 0 19 19 31 29 30 20 2 30 13 6 31 23 31 14 23 32 8 32 1 4 5 14 8 25 2 19 19 21 4 26 5 32 31 22 31 19 32 31 31 7 32 30 32 31 31 25 31 22 32 32 31 1 31 13 31 15 31 2 32 14 31 1 12 32 25 31 6 24 26 20
17 26 30 15 28 32 13 23 19 18 26 30 15 1 31 1 30 12 22 2 15 14 21 3 14 3 30 25 4 14 27 16 5 5 14 0 22 6 16 1 7 30 1 6 8 17 8 3 18 29 9 19 10 19 20 22 10 11 30 5 21 1 22 22 8 13 23 28 23 25 14 3 14 15 25 15 0 1 26 12 17 10 27 15 1 3 32 28 0 11 11 29 6 12 11 19 30 1 22 9 31 8 6 9 24 11 32 25 4 25 8 16 1 20 18 18 17 6 26 14 7 32 32 31 32 18 31 29 31 4 31 31 32 32 32 31 2 31 11 32 31 31 3 32 11 32 10 31 11 31 4 20 21 15 31 15 1 32 30 13
21 19 30 22 21 7 28 12 18 29 9 14 15 18 1 10 9 16 0 2 16 29 21 11 3 22 19 23 4 18 4 18 5 28 16 17 23 6 21 16 26 7 0 17 17 30 8 28 18 32 18 21 9 10 6 20 4 21 2 3 12 22 6 7 13 3 23 23 14 29 4 27 24 7 15 25 9 13 16 6 26 27 27 18 18 18 28 4 28 31 16 20 29 18 11 1 30 22 22 8 31 16 32 10 10 32 1 32 20 1 21 22 4 17 20 25 13 6 7 28 7 24 31 6 31 32 31 29 32 32 9 31 24 0 31 15 31 32 32 31 2 31 7 4 13 31 32 14 31 22 31 31 31 6 15 21 1 14 6 27
14 28 5 27 22 18 25 12 28 30 14 32 14 31 1 0 21 10 27 2 27 17 30 12 3 30 32 12 4 4 21 14 5 15 5 15 31 6 26 16 27 7 24 17 8 23 8 30 26 9 9 20 19 10 27 26 20 21 11 3 22 7 22 8 8 13 23 6 0 24 30 24 24 15 31 25 25 16 32 26 14 12 2 27 17 14 28 28 28 13 18 20 29 30 6 21 30 15 3 19 6 31 14 16 11 7 32 4 13 4 3 8 7 25 6 24 8 17 15 25 3 32 32 32 8 31 26 32 32 22 31 3 31 25 31 31 32 32 32 6 31 26 31 25 11 31 17 31 29 32 24 32 32 20 31 2 1 31 0 10
9 13 13 12 18 23 11 28 19 8 26 17 32 25 1 31 30 0 2 18 2 18 11 3 3 13 3 17 4 32 4 25 27 5 26 26 15 6 3 16 7 1 31 18 7 8 32 21 18 19 9 9 19 4 25 10 11 30 21 6 21 12 27 12 12 32 7 32 28 24 14 30 15 11 10 25 26 26 2 10 12 17 0 27 18 28 3 28 28 12 32 29 8 19 21 15 30 7 20 21 31 18 11 18 23 32 17 24 4 13 1 17 14 5 4 15 21 23 3 10 27 31 32 31 32 32 29 32 1 32 29 32 32 31 7 31 30 21 31 9 25 31 1 18 31 31 32 9 17 31 31 32 22 32 12 32 0 32 32 18
0 26 14 22 12 15 0 12 28 10 13 25 18 1 1 17 1 23 32 2 1 11 17 11 3 12 29 12 4 2 13 20 15 5 14 14 20 25 29 16 7 29 7 3 20 8 26 2 26 9 9 3 19 3 10 28 3 31 11 21 26 5 12 6 31 13 31 7 0 11 30 15 24 27 15 3 2 4 17 26 15 17 11 27 7 18 6 28 8 32 20 15 29 7 30 17 17 30 12 22 31 19 22 10 5 32 6 32 14 0 2 25 13 19 8 1 13 25 14 24 7 32 27 31 8 25 31 2 22 31 3 3 31 3 30 24 31 27 12 29 31 26 11 6 31 31 24 32 30 11 25 31 24 25 31 11 12 12 32 8
13 19 0 27 24 12 9 13 19 12 20 14 13 1 29 1 26 21 10 2 19 12 11 3 2 3 3 4 13 4 15 20 5 16 1 27 6 23 6 16 16 7 7 7 8 8 22 23 18 20 9 23 19 10 32 0 5 25 23 21 4 12 25 22 23 30 13 25 14 24 7 12 15 27 25 32 30 26 26 26 13 27 16 27 18 6 17 28 17 19 4 15 13 14 7 30 10 21 22 31 12 31 15 23 15 32 21 24 22 10 22 20 19 0 5 23 18 19 16 18 32 32 32 31 31 31 4 32 32 5 31 29 31 19 32 31 31 2 32 2 32 19 32 22 32 7 32 28 2 32 16 15 32 13 30 32 25 26 27 30
23 15 11 11 32 31 23 17 15 15 16 19 19 27 1 24 31 26 11 2 25 0 2 3 23 3 0 32 4 2 21 24 14 5 15 23 5 6 0 6 7 16 7 1 29 32 8 32 18 5 19 20 10 8 6 20 5 11 23 11 12 22 30 12 31 32 23 13 14 6 14 24 10 2 32 25 2 16 2 26 11 9 27 7 9 31 28 32 29 11 20 29 20 9 30 3 21 19 6 5 31 0 15 23 17 32 3 32 14 13 23 3 11 9 19 27 17 27 9 0 0 22 31 20 24 31 3 32 31 27 31 20 28 32 11 31 11 31 0 1 32 29 32 29 31 31 6 2 31 2 13 31 3 19 31 25 4 31 20 6
32 5 27 25 13 7 28 14 28 16 14 11 23 31 1 16 20 21 2 2 2 12 11 28 3 32 13 0 2 4 24 14 5 17 1 1 6 15 16 21 7 21 7 31 17 8 32 24 1 9 20 3 19 30 10 22 11 32 1 21 11 12 30 3 22 13 11 23 31 13 24 24 15 32 15 25 32 10 16 26 27 5 7 18 27 18 28 16 28 16 9 1 29 17 12 21 30 9 11 11 2 31 11 23 14 20 32 3 13 15 13 25 11 8 0 13 27 18 16 23 10 31 32 31 31 31 31 31 31 31 31 32 31 31 31 0 31 0 0 31 31 27 31 31 31 31 32 31 32 20 31 2 15 31 17 21 11 31 28 23
4 7 5 20 20 10 24 30 31 0 32 28 8 1 10 1 10 31 2 2 2 24 13 30 3 25 12 21 4 27 2 25 14 5 17 23 26 6 21 16 6 7 17 29 8 17 7 18 23 9 31 19 10 10 27 28 20 11 31 2 10 12 22 8 13 23 23 23 0 7 27 26 24 32 32 25 16 13 15 27 15 27 11 27 12 16 16 28 12 20 20 29 6 19 21 30 1 21 19 2 31 17 16 32 14 24 32 0 10 25 20 14 8 2 2 17 15 1 16 17 20 31 32 11 31 29 31 31 31 13 31 29 32 32 31 26 31 18 31 2 32 32 22 31 31 32 23 32 14 32 29 20 32 28 32 5 32 14 22 29
