32 25 31 35 15 26 33 33 31 21 16 16 14 9 1 33 18 24 2 33 2 13 12 3 12 3 15 4 24 14 4 19 5 24 21 15 16 6 0 16 28 25 7 17 19 8 1 5 33 9 19 6 1 5 10 34 36 11 6 28 22 12 35 35 23 13 8 28 35 24 14 7 25 15 35 26 9 16 26 27 3 32 28 28 4 28 11 3 29 19 20 30 20 7 15 7 31 14 32 22 16 20 14 9 20 33 16 11 10 34 13 2 12 25 35 17 19 4 0 36 4 1 29 3 10 28 1 30 28 6 5 25 13 15 22 35 35 36 33 36 18 36 1 35 35 35 35 36 36 35 35 36 36 35 10 35 29 36 35 10 35 27 24 16 35 4 35 36 29 35 13 6 35 17 34 35 19 12 35 19
29 31 15 13 30 36 24 8 0 24 31 9 11 25 1 11 33 17 11 2 26 29 14 19 3 15 12 15 24 4 16 20 5 35 0 15 29 6 20 35 6 31 28 7 8 33 18 1 9 9 9 27 20 35 36 10 5 11 6 36 8 12 22 5 23 23 10 36 12 14 24 36 15 10 10 28 16 26 31 34 4 36 17 18 28 16 8 29 19 29 20 7 30 13 30 17 31 20 35 4 22 32 15 4 9 10 33 6 34 3 22 17 26 36 35 22 23 21 25 24 36 15 5 13 0 29 26 26 11 7 15 11 17 32 19 36 35 35 28 36 33 36 9 35 36 36 35 35 26 35 36 36 32 35 8 35 10 8 35 29 25 35 10 34 0 35 34 33 36 36 19 1 33 35 9 6 19 14 24 34
10 25 35 36 18 14 30 20 27 22 16 8 25 17 1 19 0 10 35 2 11 20 30 3 25 3 17 4 30 4 32 14 14 5 17 34 3 6 28 30 16 7 17 28 3 4 8 5 18 2 20 9 24 10 30 20 1 7 5 31 22 12 22 25 0 13 35 33 14 24 34 28 13 25 36 15 15 16 27 5 28 33 27 16 18 32 11 30 29 30 29 8 4 6 30 21 11 31 16 19 18 32 23 17 8 14 33 35 1 14 34 10 23 26 25 35 20 14 36 8 18 36 14 5 1 5 1 12 16 30 8 17 14 26 14 35 35 35 35 35 36 35 28 35 19 34 35 2 19 35 0 34 35 26 35 21 35 31 35 4 36 33 36 18 30 36 35 35 9 35 5 35 36 16 18 36 8 28 23 34
34 20 30 18 7 26 24 30 13 15 22 25 9 1 16 1 12 33 2 31 2 16 34 3 20 3 13 27 4 25 36 14 0 5 21 35 6 6 6 23 7 17 7 18 17 8 3 28 3 9 3 35 10 21 20 32 11 33 11 22 26 22 6 13 13 7 0 1 14 24 13 29 14 25 0 16 16 9 31 16 9 27 3 13 18 18 15 32 29 10 36 12 30 14 0 21 16 31 8 2 16 17 9 23 33 11 24 6 2 34 25 5 2 3 35 2 0 27 36 20 36 15 14 14 0 18 6 1 24 10 8 19 20 18 17 36 32 36 33 36 9 35 35 36 36 35 36 33 35 17 35 25 35 30 35 3 28 35 1 34 35 14 36 36 30 35 6 35 36 36 33 36 3 28 35 28 29 35 19 14
20 10 23 23 6 0 21 31 15 20 35 32 35 35 1 15 26 10 2 2 2 20 34 3 3 3 0 13 4 13 17 30 19 5 33 26 6 31 6 25 19 7 17 24 33 8 1 35 34 9 20 1 32 10 2 32 8 6 11 32 8 31 22 34 23 7 36 13 14 24 4 14 34 0 25 30 16 36 27 15 27 27 18 33 3 28 36 19 8 29 4 20 7 30 19 6 21 31 15 35 19 32 36 20 12 18 33 24 34 17 2 1 22 35 4 35 15 36 1 16 36 16 2 19 23 5 30 9 18 24 6 10 19 14 12 35 36 35 35 34 35 2 35 36 3 35 9 23 22 35 12 31 35 23 36 35 21 35 14 29 35 29 14 35 21 35 6 34 35 0 20 35 2 30 14 0 36 13 26 3
23 30 17 20 31 21 36 13 8 31 11 17 13 22 1 33 11 33 16 2 26 26 19 24 3 34 14 13 4 36 4 14 5 19 5 19 6 23 6 27 7 17 7 18 19 8 8 19 9 9 26 28 10 2 10 21 35 11 22 4 11 22 33 5 13 13 3 2 24 14 30 25 15 25 26 32 26 16 36 34 27 27 28 18 28 29 12 29 29 12 19 30 30 1 31 21 31 31 18 32 36 10 16 23 33 3 11 4 34 10 19 7 35 12 23 25 27 13 36 27 8 9 27 19 26 10 2 10 16 24 26 19 14 36 32 35 32 32 33 35 34 28 28 35 10 21 35 15 33 35 25 9 35 11 34 35 34 36 35 35 33 27 36 34 15 36 34 34 35 2 18 35 10 0 35 9 21 9 36 17
21 29 19 35 9 15 29 12 15 24 21 15 14 1 24 1 18 25 11 2 29 33 16 12 3 26 1 28 4 28 1 15 24 14 5 30 2 6 1 16 4 7 29 25 8 8 18 8 8 19 9 6 10 20 10 33 28 11 7 28 22 12 35 9 4 2 33 35 10 24 8 31 15 32 2 26 15 16 1 35 27 1 18 28 18 28 10 7 35 29 20 30 33 34 0 18 1 31 15 32 8 23 22 19 10 33 1 24 11 34 25 4 4 12 35 5 27 5 24 36 7 18 24 24 7 11 12 2 20 17 9 7 23 28 8 35 36 35 1 35 33 35 1 36 33 36 10 36 36 12 35 33 35 36 35 33 35 7 14 35 30 35 36 35 16 35 8 35 8 35 4 35 32 28 6 5 29 33 13 29
7 31 30 25 0 9 0 31 17 22 16 19 0 21 1 0 13 14 14 2 15 12 12 26 3 12 13 16 4 26 31 14 5 23 5 25 6 16 6 25 17 17 7 3 8 27 27 18 9 32 9 33 10 9 10 2 4 21 11 35 35 22 12 1 11 23 32 36 14 35 35 25 15 10 11 15 26 0 15 27 17 16 7 18 18 28 12 19 29 35 34 5 20 30 0 9 8 31 22 22 22 32 13 36 24 24 33 33 14 2 2 25 12 23 26 35 36 22 24 27 9 17 11 19 7 25 28 26 6 4 30 17 28 4 33 35 36 35 32 35 30 35 35 35 35 35 35 30 36 35 35 32 35 7 30 35 0 23 35 31 35 29 35 10 15 35 34 0 35 34 35 16 36 34 36 0 36 35 35 4
32 15 0 24 18 21 31 34 12 32 30 8 27 1 1 1 1 18 10 2 12 1 2 3 12 3 13 24 4 1 4 22 15 5 16 15 6 26 6 18 31 7 30 20 25 8 18 26 32 9 33 22 24 10 10 21 11 21 4 33 12 30 22 35 11 13 1 14 14 24 13 8 15 25 15 6 14 26 27 16 5 15 18 12 18 28 29 33 10 7 32 2 30 0 20 21 31 19 18 1 17 32 1 22 33 33 33 24 9 4 34 18 2 19 8 35 4 16 4 36 25 25 28 8 3 19 0 3 14 5 5 23 5 22 25 35 35 35 36 35 33 35 10 30 35 34 2 35 30 36 35 35 35 8 35 35 35 5 35 24 10 35 20 34 35 3 11 35 2 35 1 35 15 35 3 33 35 29 13 6
20 0 33 30 21 21 26 21 30 19 20 11 36 28 1 0 30 21 33 2 30 13 23 12 3 12 34 29 4 25 27 22 5 5 20 15 6 5 29 21 7 3 17 7 8 1 23 33 32 9 35 20 20 10 28 35 11 21 32 11 29 12 34 32 23 13 28 5 3 14 24 35 25 1 15 30 12 35 4 17 27 3 12 34 34 28 18 10 35 29 20 30 6 11 4 21 9 31 16 36 32 11 8 20 4 33 6 10 23 34 2 25 3 4 17 35 36 4 22 8 2 8 27 14 15 15 6 18 24 30 7 20 17 7 36 35 33 31 35 16 35 36 36 35 33 35 9 13 35 0 29 35 32 34 36 34 36 29 35 35 30 35 0 25 35 30 12 36 1 35 27 35 12 34 36 34 36 33 35 29
12 20 30 25 21 13 8 27 8 29 22 18 30 16 15 1 16 23 34 2 20 22 12 18 3 21 23 19 4 36 14 28 5 1 5 15 6 27 6 17 2 7 17 23 8 8 18 8 3 9 19 35 33 10 5 4 11 4 6 27 22 36 12 7 23 13 31 24 8 14 24 25 15 30 25 7 6 16 4 8 27 11 28 32 36 18 13 29 10 35 13 20 30 3 21 31 14 6 8 32 22 35 10 16 23 33 4 23 34 2 20 20 1 12 35 0 23 19 19 36 23 24 29 1 29 26 6 19 26 27 2 31 17 31 35 36 18 36 3 36 33 35 35 35 35 4 35 26 35 27 36 35 36 7 35 31 26 35 27 34 24 35 9 36 36 33 25 36 31 33 36 11 36 35 36 35 34 35 10 35
15 24 29 20 35 36 11 32 14 22 15 16 32 23 1 31 17 19 2 28 2 33 35 3 12 3 36 27 27 4 1 14 26 5 3 1 29 6 16 27 3 32 7 33 8 18 24 8 4 9 19 32 36 10 20 6 1 27 11 35 22 12 32 23 29 35 23 13 24 14 3 25 0 15 31 35 16 26 35 0 32 27 2 28 5 17 34 19 29 19 15 20 30 20 35 36 31 9 35 22 22 5 32 23 3 4 11 19 19 19 34 14 35 3 10 26 36 17 2 28 28 5 28 28 3 1 11 6 16 27 22 21 20 33 36 35 33 35 33 35 19 35 32 35 35 36 36 36 35 35 27 35 32 35 29 35 35 35 35 36 36 35 26 35 30 35 36 26 35 30 32 35 35 36 1 36 36 19 29 35
15 35 15 28 0 13 26 35 24 36 22 20 9 1 33 1 32 36 15 2 15 31 32 26 3 20 13 4 4 4 1 14 35 5 35 29 32 6 16 2 7 30 7 17 18 8 19 25 30 9 1 2 10 10 10 20 35 11 1 21 22 33 28 22 13 23 0 13 14 24 14 0 5 5 8 31 6 26 27 17 17 15 17 34 18 28 9 0 29 3 19 12 19 30 14 17 31 19 31 22 22 32 18 1 33 9 23 24 2 25 34 15 2 26 35 21 2 27 26 36 26 14 17 12 22 29 10 18 25 31 23 21 13 3 13 36 35 28 35 31 26 35 32 35 35 35 35 35 35 36 29 35 31 35 35 35 35 35 36 0 35 14 21 35 8 16 29 1 35 17 21 20 31 35 32 22 36 36 2 12
11 22 11 31 33 21 21 20 34 36 17 8 25 33 1 14 33 11 24 2 0 27 15 3 12 3 27 13 4 36 17 14 5 15 25 5 6 6 35 6 29 33 7 3 4 8 4 26 4 9 9 19 10 1 9 35 35 11 34 35 35 12 22 25 23 8 32 13 24 24 15 15 12 25 3 30 16 26 9 1 27 9 27 8 34 18 1 29 10 19 6 18 34 30 19 31 13 32 31 18 32 32 23 20 33 6 33 5 17 34 19 23 10 15 35 13 27 26 22 36 15 23 13 15 21 16 28 28 28 6 25 19 7 10 10 35 36 35 9 35 33 35 35 36 36 35 1 35 33 33 35 12 18 25 35 34 26 36 36 35 30 36 11 10 15 36 33 24 31 35 28 9 35 19 1 16 15 27 18 2
0 21 6 36 20 0 14 35 15 9 10 21 19 1 23 1 21 16 2 11 2 34 23 35 3 16 14 1 21 4 1 14 0 5 1 15 27 6 29 3 7 17 7 4 8 34 8 34 25 5 19 9 36 10 34 35 11 4 29 11 22 1 12 23 5 23 13 29 24 0 25 30 15 35 8 26 16 26 36 27 32 17 28 28 1 28 29 34 19 5 6 20 30 34 20 0 31 10 36 22 7 32 10 13 33 24 10 24 36 34 6 0 6 35 26 23 26 1 18 36 14 28 5 5 1 15 27 8 2 18 14 17 27 20 3 35 29 35 36 36 36 36 36 10 36 21 35 36 35 32 35 1 35 36 36 36 15 35 9 9 35 31 23 35 26 35 34 35 15 35 6 35 29 36 36 13 29 35 1 24
20 17 12 11 14 22 31 28 8 32 14 8 16 1 25 17 1 20 29 2 22 16 12 35 3 32 15 4 13 4 15 25 5 5 5 15 34 6 26 25 16 7 2 18 20 29 8 36 9 35 35 9 20 10 31 35 21 11 36 36 12 35 12 28 33 23 28 24 13 14 32 36 4 36 15 4 26 10 16 17 17 27 10 1 28 11 35 19 29 11 20 34 30 35 20 3 31 16 8 18 32 23 16 33 11 6 7 24 36 34 24 2 15 35 17 26 15 4 14 36 15 14 5 1 21 15 30 30 25 27 24 25 0 18 36 36 36 36 36 31 35 35 10 35 36 35 35 36 36 35 19 35 31 35 33 36 35 24 35 14 13 35 25 36 35 24 35 10 34 36 35 35 29 17 35 29 35 35 35 11
11 24 9 17 10 18 17 10 34 21 18 23 22 19 1 22 21 24 10 2 16 12 20 3 16 1 3 14 4 22 29 14 5 0 16 24 6 5 6 2 22 23 30 7 2 8 1 19 23 19 9 29 10 20 10 26 36 11 9 35 7 12 22 28 2 6 13 25 24 31 14 7 6 25 15 16 4 36 16 29 27 27 32 18 30 28 3 7 29 19 2 30 5 30 5 21 31 36 4 21 32 15 12 33 18 22 24 19 17 18 34 9 24 25 35 0 26 14 36 25 36 28 5 21 5 0 27 30 4 26 22 26 1 7 31 35 36 35 33 32 35 34 10 35 24 36 4 36 36 22 35 12 35 19 2 35 11 35 36 36 11 35 27 6 35 21 18 36 36 0 35 27 30 35 9 22 35 19 28 21
27 34 34 30 16 12 16 24 7 36 22 32 20 10 1 24 33 36 25 2 23 19 12 3 3 20 3 0 22 4 27 32 26 1 5 2 15 6 23 29 25 7 1 4 8 18 8 35 25 9 31 26 26 20 26 11 26 11 21 6 6 12 35 29 29 23 1 4 34 14 24 3 34 30 15 35 31 26 2 17 6 27 17 1 12 28 18 29 12 36 20 34 20 30 35 6 7 31 5 36 22 32 8 3 23 9 33 13 34 24 9 19 12 3 19 20 35 36 14 20 27 11 22 1 5 22 17 6 15 29 4 31 1 4 31 35 35 35 33 35 31 36 35 11 35 31 33 29 35 6 23 34 35 29 10 34 35 4 34 35 24 32 35 33 15 35 32 35 31 35 6 27 35 18 1 35 18 36 35 35
16 27 31 14 9 17 9 36 8 29 29 18 0 14 1 23 31 10 2 2 2 19 33 34 3 36 17 14 4 20 26 31 20 5 17 15 6 6 6 18 7 3 7 19 8 18 8 8 22 9 9 1 20 34 5 10 11 21 8 25 12 22 35 0 7 1 35 31 14 24 25 14 15 0 30 26 15 16 27 16 11 35 4 18 28 34 18 1 29 2 6 6 20 20 11 21 9 31 32 35 22 21 0 33 3 8 23 1 16 34 25 23 9 13 35 11 14 4 27 36 14 13 21 21 17 19 25 6 6 22 10 26 12 0 36 35 27 35 20 35 33 35 1 35 14 33 35 34 14 35 33 36 35 35 19 35 35 4 36 34 10 35 12 35 34 35 36 35 35 16 11 28 35 36 28 35 9 36 29 2
11 34 6 30 24 31 11 19 36 20 11 19 34 1 20 1 17 25 2 19 2 27 16 24 3 22 13 19 4 24 17 31 5 21 31 15 6 34 6 6 4 7 21 18 23 8 28 18 9 9 9 4 8 10 24 36 11 21 23 22 7 12 28 8 23 33 2 24 14 30 33 35 25 15 2 1 2 26 5 27 28 27 15 28 18 18 6 29 19 29 36 34 1 30 14 31 10 2 22 1 32 8 20 23 33 1 1 13 34 1 34 12 22 24 35 24 26 36 4 24 36 0 9 22 9 12 5 30 3 5 5 19 22 31 30 8 35 8 35 36 3 35 25 35 32 36 1 35 35 25 35 35 32 35 18 28 35 20 11 35 11 36 36 35 6 35 26 35 11 36 14 35 36 36 8 35 8 36 7 7
15 9 16 18 34 31 36 27 0 15 0 15 27 1 33 1 11 14 2 34 2 17 23 16 3 24 22 13 0 4 2 14 1 5 26 32 15 6 22 25 7 4 32 7 17 4 3 8 9 19 1 32 10 31 10 21 11 31 23 11 22 32 1 4 13 23 24 5 26 33 25 0 14 15 25 33 26 26 26 16 13 0 17 28 28 28 19 36 19 29 33 2 30 16 21 9 31 8 22 8 12 32 22 17 33 1 1 9 36 34 2 8 18 35 21 13 8 4 22 36 28 27 11 18 5 16 29 19 11 25 27 3 14 26 32 35 36 36 36 36 36 0 36 32 36 35 35 4 13 35 32 18 35 26 11 35 10 6 35 33 31 35 9 1 35 34 35 26 33 36 11 32 17 36 6 13 36 32 21 35
31 5 31 7 17 23 35 14 16 12 25 12 10 1 1 1 1 20 1 2 35 21 21 3 15 3 13 26 4 4 29 27 5 5 15 33 36 6 16 16 31 7 18 17 25 8 18 26 9 5 19 8 8 10 20 6 24 11 32 29 25 12 29 29 35 13 23 31 14 31 14 28 25 10 15 15 16 31 34 27 7 17 30 17 5 28 11 32 19 29 11 20 30 30 19 20 21 31 12 20 32 9 17 1 1 1 33 21 10 25 34 20 25 23 35 9 27 20 36 27 21 36 29 29 21 18 6 15 16 3 27 23 4 1 6 35 36 35 35 35 35 8 35 33 29 35 8 35 11 35 7 35 22 1 35 33 35 31 14 36 5 35 35 35 36 35 35 35 22 36 35 36 29 29 35 18 26 35 20 19
6 17 30 21 11 31 11 27 16 27 14 20 36 1 16 1 14 18 23 2 18 26 20 3 12 22 3 20 4 34 27 15 5 5 5 16 36 6 25 16 2 16 7 17 8 8 29 36 9 9 9 20 6 10 20 34 21 8 0 11 12 22 35 36 13 25 23 3 3 31 14 34 7 25 0 33 16 26 27 5 17 30 13 28 18 15 19 4 5 29 19 20 30 12 30 21 31 21 13 32 12 22 32 23 23 6 8 16 16 34 5 21 7 26 35 4 2 4 4 36 11 15 4 5 1 1 11 1 1 16 4 16 15 32 26 36 35 33 35 9 35 10 35 10 35 33 35 35 35 4 36 34 35 36 35 35 15 3 35 31 35 34 36 25 35 6 35 2 36 26 36 21 36 28 35 22 36 36 29 28
19 12 28 18 21 7 31 36 35 35 27 27 30 32 1 12 23 14 11 2 31 24 29 15 3 14 17 36 16 4 28 28 15 5 15 28 23 6 16 21 16 7 2 36 24 8 25 18 28 9 7 23 7 2 20 36 11 33 21 5 12 11 32 12 13 34 13 31 14 24 14 12 25 25 7 15 13 26 35 16 17 15 36 3 28 18 17 2 29 36 30 17 18 30 19 7 31 32 22 22 4 8 32 2 22 33 33 1 23 8 34 35 25 17 22 35 22 7 36 28 36 36 13 14 23 28 16 17 17 13 5 8 1 27 17 35 36 35 36 36 23 35 8 35 36 36 35 35 33 5 35 6 2 35 12 35 36 35 35 24 35 10 32 35 28 36 35 26 35 16 36 23 35 1 19 35 17 17 29 13
15 34 22 21 35 16 35 31 22 31 8 12 20 1 23 1 20 19 10 11 2 15 25 12 3 13 1 13 0 4 34 14 18 5 14 24 30 6 2 35 16 7 17 22 35 4 4 8 19 1 19 23 21 10 21 21 21 29 2 23 32 12 24 34 0 13 31 24 1 14 31 5 15 25 14 30 16 26 15 31 35 17 18 18 28 13 36 4 19 29 15 17 36 21 14 0 21 31 22 19 32 12 17 5 33 21 15 18 10 34 25 2 20 17 35 25 3 36 19 7 36 6 26 6 14 25 10 10 10 17 3 4 2 6 30 35 36 35 36 36 28 35 11 35 32 35 8 35 35 36 32 35 36 36 3 36 25 36 1 36 12 32 35 25 35 12 16 9 36 27 30 36 18 30 36 3 36 2 14 36
35 24 31 30 12 12 28 13 30 27 9 27 13 1 36 1 24 14 34 2 15 36 23 19 3 0 19 18 4 4 14 15 5 16 3 5 6 21 6 6 17 7 35 17 30 8 5 21 32 9 28 19 10 10 21 24 21 11 2 3 7 34 5 13 23 30 13 34 2 24 7 14 15 1 29 26 16 16 5 6 27 35 17 3 1 28 7 29 2 14 30 20 15 30 20 17 31 18 6 5 32 1 15 2 24 33 24 20 34 15 34 12 9 26 35 19 7 18 36 6 36 28 0 7 3 26 6 6 15 6 31 25 17 17 17 35 36 36 4 36 9 36 36 36 36 35 35 35 35 32 35 26 4 35 15 24 35 23 32 35 7 0 35 7 28 35 3 36 21 36 30 17 36 28 35 35 8 35 33 9
27 18 18 6 27 8 15 21 29 29 0 36 13 31 1 16 12 27 11 2 14 16 16 12 3 20 14 13 4 18 22 4 19 5 24 15 18 6 28 2 28 20 27 7 20 18 8 4 34 9 19 26 23 10 36 35 7 11 31 28 22 12 12 30 24 23 13 24 24 6 24 26 15 25 36 5 11 16 12 15 27 28 5 18 15 28 19 29 19 4 15 20 30 11 12 8 31 21 2 32 19 35 8 12 10 33 7 4 21 34 24 3 20 35 25 10 2 8 27 36 18 12 8 13 15 15 11 6 28 27 3 17 0 7 36 36 33 36 34 36 35 3 35 10 6 35 33 35 36 35 35 12 36 0 35 35 15 35 6 35 29 25 35 31 29 35 27 33 35 15 6 35 30 35 34 36 6 13 12 9
15 20 24 13 14 0 31 19 21 18 17 9 20 35 1 17 0 29 29 2 16 25 20 3 23 3 13 33 22 4 23 29 5 26 15 17 6 6 26 2 7 19 7 20 4 18 8 22 36 9 31 20 7 20 28 6 11 10 21 35 3 12 24 32 23 27 36 32 14 25 14 28 25 0 35 15 26 16 1 17 1 27 28 15 6 18 0 29 19 29 33 7 10 20 13 14 31 16 13 35 32 8 23 7 22 33 23 34 34 21 34 25 16 35 19 22 2 36 23 8 36 4 11 0 3 29 4 6 6 2 7 3 22 36 35 18 35 8 35 33 35 33 35 36 36 33 35 28 26 35 33 6 35 1 36 36 36 35 35 34 35 2 35 20 35 15 35 22 36 36 35 23 35 15 3 35 16 36 3 35
19 30 16 10 13 13 14 34 36 22 25 15 24 36 1 28 18 34 11 2 20 18 12 3 35 3 19 23 4 22 14 1 0 5 16 2 23 6 32 2 28 7 17 32 2 8 4 36 31 19 9 0 5 10 27 26 6 21 11 29 29 8 0 23 13 24 29 10 4 24 14 30 15 25 4 5 11 26 11 35 17 36 3 8 28 18 34 11 29 5 10 30 20 10 2 13 31 21 36 22 36 4 4 36 33 11 10 11 21 34 20 13 12 3 35 26 14 36 24 25 4 15 0 26 1 2 0 23 10 2 11 7 26 32 18 35 24 36 35 20 35 0 30 35 20 36 32 35 30 23 35 28 30 35 35 35 29 35 28 35 35 35 15 35 15 35 11 36 32 36 17 36 30 35 35 35 35 11 35 36
16 13 15 30 9 21 29 12 16 22 33 8 31 19 1 21 12 0 2 2 2 17 20 3 12 3 34 4 4 4 28 20 1 5 2 15 25 6 3 5 26 17 7 3 8 23 18 19 20 9 2 0 31 29 8 4 11 3 21 25 22 12 28 2 23 13 13 24 14 35 5 32 25 15 5 26 12 14 17 17 27 33 17 28 18 12 15 29 7 14 6 30 31 30 18 21 13 21 20 32 14 32 14 1 33 33 24 0 34 4 2 6 26 35 7 26 12 0 20 36 20 28 18 5 25 19 15 6 24 7 25 30 29 7 35 36 32 36 12 36 6 33 35 13 35 35 35 3 35 21 35 36 35 35 35 35 13 35 17 35 8 18 35 25 9 35 31 35 5 36 29 35 36 23 36 36 2 29 35 33
