38 33 13 9 39 11 18 36 14 18 36 35 23 1 40 1 0 26 17 2 34 12 0 3 3 3 13 20 4 14 4 27 1 5 29 25 6 16 6 17 4 26 7 18 2 8 28 29 9 9 40 26 10 9 6 36 35 11 7 22 10 12 0 23 29 13 5 38 1 8 38 39 25 15 14 1 26 16 12 36 12 12 38 7 28 34 40 19 35 36 30 8 39 31 21 39 21 22 22 32 22 14 17 33 13 16 18 24 3 4 4 35 0 1 40 36 4 26 12 37 38 12 0 9 18 3 6 14 18 39 4 27 40 5 29 25 24 16 6 33 33 22 25 27 35 8 28 4 35 39 40 39 37 39 37 39 35 39 37 39 35 40 40 40 39 39 29 40 1 40 38 39 25 38 33 39 26 23 38 39 36 12 30 39 28 34 36 30 39 36 9 4 39 35 39 39 40 22 13 40
35 10 34 34 15 34 39 21 15 19 14 11 27 20 1 12 25 14 2 15 2 28 16 3 12 3 24 35 18 4 29 20 5 15 5 3 0 6 20 33 28 17 3 7 8 36 24 29 32 9 27 30 0 20 10 1 30 11 21 28 6 5 2 13 23 13 33 28 38 14 40 32 25 39 38 7 16 1 27 17 31 12 28 35 11 18 11 29 30 10 37 19 30 31 14 21 32 21 9 7 19 22 33 13 9 34 23 38 21 1 36 35 26 12 15 26 40 14 27 37 15 12 14 12 38 18 24 26 5 39 31 26 11 40 5 30 30 5 20 19 29 3 24 16 22 17 18 36 32 40 39 5 39 38 39 40 31 39 12 33 39 5 39 12 39 2 2 39 0 40 4 39 29 26 39 23 7 39 39 40 10 16 39 36 31 38 39 34 39 4 40 19 5 40 30 4 40 38 40 33
12 11 6 35 18 35 24 40 26 8 22 16 37 1 10 1 31 21 11 2 18 22 13 3 0 3 20 33 4 14 15 25 30 5 19 36 16 6 17 1 30 7 22 18 19 8 29 21 4 9 1 6 10 20 10 37 6 11 3 2 12 2 23 40 13 39 13 4 14 34 14 25 37 39 7 16 32 11 27 17 28 29 17 28 6 29 30 29 19 40 12 10 39 2 31 21 8 39 40 12 12 33 6 13 23 1 34 39 35 24 25 3 23 36 10 40 10 21 27 8 10 23 38 6 13 39 26 15 2 7 15 40 30 29 25 32 31 27 18 11 30 7 0 33 31 8 21 29 39 9 38 40 36 38 32 40 37 0 26 39 35 39 37 39 39 32 39 28 31 39 23 8 37 39 13 13 39 40 39 17 32 39 26 38 39 29 39 39 27 39 38 5 39 33 17 40 40 39 40 39
8 35 12 34 16 34 32 19 16 12 22 11 9 16 1 30 20 30 37 2 24 11 22 3 3 3 13 39 4 19 4 33 18 5 18 32 16 6 27 16 4 7 2 23 29 18 8 2 25 9 36 23 32 10 31 21 28 35 24 22 12 0 5 30 23 39 13 33 14 24 30 32 12 15 26 39 32 37 40 0 27 39 35 9 18 10 1 29 13 0 20 1 15 31 1 21 32 32 2 35 22 34 23 16 34 5 11 23 20 35 22 38 25 2 36 12 17 18 37 24 37 0 18 9 15 26 23 39 11 27 5 15 40 21 18 32 33 17 9 30 33 29 24 31 29 0 33 2 40 40 36 40 11 37 28 39 37 3 33 39 19 6 39 30 39 9 39 39 40 35 39 40 39 26 39 4 39 39 2 40 8 26 40 36 37 12 40 22 16 26 40 1 32 11 40 6 33 40 23 19
37 19 26 21 34 24 16 15 40 40 20 31 27 31 1 19 17 31 2 27 2 18 23 3 13 3 35 15 33 4 17 16 0 5 20 2 31 6 16 17 7 3 31 7 8 18 4 27 9 2 9 37 10 24 10 28 21 22 34 35 12 25 2 24 13 3 39 24 14 33 8 38 14 15 26 30 36 3 36 39 27 4 17 18 28 9 6 40 8 7 30 5 20 12 31 13 21 1 1 32 37 8 33 36 16 24 39 20 1 35 25 25 4 36 1 0 17 21 40 37 25 18 23 38 3 29 39 2 26 29 3 40 0 40 40 2 14 12 3 15 16 6 20 34 2 31 10 11 40 39 34 39 10 39 3 39 9 39 37 40 40 35 39 22 13 39 26 13 5 39 36 36 31 39 35 34 40 22 19 39 3 4 39 0 22 39 40 15 40 38 12 40 20 37 40 13 39 40 26 23
17 33 12 32 20 38 34 17 39 32 25 9 25 1 18 1 17 24 2 39 2 28 22 3 29 3 1 39 4 14 37 22 5 2 5 1 16 6 2 30 29 7 28 33 18 8 18 29 38 20 36 9 20 10 27 32 21 1 28 11 39 12 3 23 39 39 39 34 14 40 9 25 40 11 15 5 36 33 39 27 37 17 28 10 5 14 9 12 19 30 8 3 13 37 31 36 21 4 32 40 7 33 12 23 12 38 34 24 39 35 40 39 25 36 22 1 0 24 37 21 20 28 38 22 1 3 23 4 30 39 40 22 5 31 5 31 16 8 2 21 29 7 28 27 28 8 31 29 40 34 39 20 37 39 31 34 39 38 39 12 39 39 40 39 39 39 39 39 40 40 40 39 40 40 15 40 38 39 39 39 39 1 34 39 32 3 39 12 15 40 38 39 13 7 40 21 21 4 32 40
21 37 8 40 37 39 33 34 17 28 16 40 20 30 1 26 35 11 21 2 28 17 17 3 21 3 24 29 4 32 31 40 29 5 39 15 19 6 31 17 7 4 19 18 8 1 22 0 2 9 38 20 37 40 40 21 11 27 39 22 10 12 29 32 2 13 24 40 36 14 28 40 25 35 15 40 16 6 16 27 8 10 0 18 28 1 3 9 3 40 18 30 40 21 8 21 16 32 39 22 18 37 33 12 9 15 24 34 23 8 17 35 20 36 22 8 26 10 37 37 37 20 7 38 6 25 1 29 39 9 4 26 27 5 40 3 19 4 6 30 27 5 17 10 0 0 2 23 27 25 39 37 39 40 39 22 39 36 39 22 39 39 40 36 39 24 12 39 36 12 39 3 39 4 39 24 40 25 40 17 18 40 17 40 38 39 33 32 39 16 35 39 39 37 8 37 29 15 6 10
24 37 17 25 25 40 22 21 37 15 11 35 17 13 1 25 18 25 2 2 2 15 31 0 3 34 29 13 4 30 35 4 5 15 5 15 25 6 31 34 7 6 7 24 18 8 30 1 9 38 9 20 1 10 36 39 11 37 11 25 22 12 36 4 23 23 23 24 10 14 31 40 1 40 31 16 26 16 38 27 39 11 16 28 13 18 19 5 19 35 30 20 3 31 20 0 10 32 32 11 33 19 40 33 22 34 24 38 22 24 5 35 24 36 18 16 24 25 27 37 20 27 38 29 3 29 13 39 4 15 31 40 26 14 11 23 19 17 7 29 6 4 28 7 27 10 24 34 9 39 40 40 37 40 8 14 39 14 39 32 39 18 37 39 19 20 39 8 39 40 40 10 39 7 2 39 38 37 38 10 39 36 20 8 39 35 40 8 40 25 40 31 40 38 21 40 27 17 3 40
18 12 34 39 14 10 11 39 24 36 12 15 34 27 1 13 11 34 32 2 28 18 35 19 3 13 35 16 4 32 25 22 26 5 22 16 6 29 16 22 7 7 17 4 8 8 34 26 9 9 37 27 9 10 23 22 21 11 11 29 38 4 0 39 13 4 36 4 14 25 5 36 26 15 26 4 36 36 32 27 7 17 13 3 18 38 4 5 19 10 30 35 31 18 38 21 19 32 33 18 21 23 23 34 19 24 17 24 19 35 21 15 36 18 26 23 7 37 1 19 38 28 4 1 22 12 39 16 6 25 40 3 14 5 19 22 11 7 5 14 3 20 27 10 26 20 35 29 40 39 37 40 37 40 6 37 0 39 24 24 12 39 6 39 13 32 40 28 36 40 21 40 40 36 39 15 27 39 5 15 39 40 39 26 39 1 39 39 39 40 28 39 28 27 40 34 17 21 40 10
16 28 29 16 7 33 16 15 0 33 36 37 9 26 1 17 26 31 2 2 2 33 25 25 3 38 16 15 4 39 19 0 5 38 15 2 20 6 16 17 33 7 17 20 6 8 23 18 1 9 19 30 34 20 10 10 11 31 21 22 12 27 12 10 23 13 10 14 1 14 32 36 6 15 13 26 27 7 27 27 38 17 0 28 36 40 29 30 29 19 35 30 20 39 39 40 31 32 16 20 6 38 38 33 40 40 24 34 8 25 3 35 25 39 2 8 36 27 37 2 11 3 16 38 39 38 6 15 21 39 26 11 5 24 40 26 17 6 11 17 4 2 3 5 6 14 25 15 27 38 40 38 40 13 39 39 40 39 39 2 39 38 39 39 39 39 35 40 11 39 0 39 7 39 40 2 39 1 39 31 36 39 0 39 8 40 16 39 12 39 39 20 35 10 39 40 6 13 16 24
33 33 14 19 22 9 22 40 17 26 22 9 19 1 1 1 1 40 2 12 2 17 14 39 3 1 18 24 14 4 14 31 40 5 20 24 6 23 0 17 7 6 7 1 27 8 23 40 4 33 0 20 26 10 1 35 37 11 22 30 4 12 23 9 23 13 24 10 39 14 32 25 36 34 26 9 12 16 27 1 32 28 17 39 8 40 2 19 6 30 39 20 35 31 21 15 21 32 16 22 3 33 6 23 34 23 24 39 24 35 39 14 5 36 1 20 15 14 27 6 40 38 20 23 28 20 39 29 14 6 14 17 40 5 32 25 23 21 0 32 2 5 7 29 27 4 13 40 39 39 39 31 37 39 38 27 37 39 34 39 40 39 40 40 6 39 36 39 39 40 39 40 36 39 6 39 12 38 39 35 39 40 36 39 36 40 7 39 23 22 39 32 35 7 39 37 4 39 2 6
22 21 22 15 13 18 40 35 17 30 0 9 15 1 1 1 1 15 0 2 32 13 28 3 35 3 39 1 37 4 15 15 5 31 15 5 6 26 6 17 23 7 3 4 18 1 8 18 9 37 30 40 33 21 10 3 11 22 7 38 12 34 12 23 5 36 37 14 24 14 7 33 15 26 38 26 32 4 16 27 2 17 28 1 28 8 34 30 3 30 20 30 20 31 40 21 1 40 32 6 22 21 33 15 13 24 34 24 40 18 35 39 15 1 36 22 1 17 21 37 19 19 28 3 38 18 39 29 19 30 26 27 40 31 10 16 6 4 6 0 32 9 16 4 11 33 8 19 40 39 36 39 33 38 39 3 39 40 40 40 34 40 40 18 39 37 39 37 40 31 39 31 0 39 35 33 39 4 38 27 39 13 38 33 39 9 9 39 40 40 37 37 40 31 40 21 36 40 40 39
35 23 9 33 16 24 13 20 8 35 21 26 16 29 1 27 27 24 32 2 12 39 30 21 20 18 3 4 18 4 35 14 5 14 25 2 6 32 6 24 17 7 30 39 35 38 1 8 19 29 32 24 10 20 25 33 11 21 11 22 2 5 12 23 8 13 5 39 30 25 33 25 15 34 26 26 16 27 40 17 38 33 28 4 18 10 37 37 19 30 12 39 35 39 31 3 16 32 7 22 40 11 33 33 16 24 34 24 15 35 14 35 5 25 36 27 27 27 37 17 5 39 38 15 21 29 1 16 5 4 4 31 40 31 22 14 32 32 6 1 12 7 30 5 8 12 29 37 38 34 40 17 10 10 39 39 38 40 40 40 12 23 39 37 39 21 40 39 15 39 36 39 0 39 39 26 40 27 40 17 39 37 39 37 40 40 40 40 19 1 16 39 35 17 31 39 18 14 8 10
6 37 39 11 35 13 34 24 13 17 38 19 32 1 1 26 1 11 2 0 2 30 38 3 3 3 20 23 14 4 29 1 31 5 15 3 37 6 32 23 17 7 1 34 0 8 4 32 1 25 9 20 27 10 39 6 11 39 22 34 11 3 12 23 23 13 30 8 9 4 39 25 5 32 6 15 16 12 27 7 37 17 28 12 34 29 7 5 19 0 30 3 31 38 36 21 5 8 32 16 6 37 33 37 23 17 34 24 40 35 9 40 7 36 12 26 37 11 6 18 2 39 38 15 38 29 18 23 30 22 30 1 40 5 17 3 16 6 32 17 17 7 1 34 18 24 8 32 39 0 39 37 39 40 39 37 31 39 37 35 33 39 38 30 23 39 38 29 39 38 39 39 39 32 39 39 39 18 39 2 36 39 28 36 40 39 39 4 37 36 39 5 31 38 18 39 31 38 20 16
13 33 25 29 10 0 22 33 35 36 17 8 36 1 26 1 36 13 2 2 2 11 37 34 3 18 24 23 4 14 29 22 4 5 30 31 21 6 28 16 7 32 35 21 18 8 7 19 19 9 19 20 30 10 4 4 22 21 40 39 12 0 36 32 29 7 13 5 24 27 35 25 15 10 4 26 3 29 0 0 17 28 32 18 36 29 18 16 12 1 32 30 14 40 31 21 11 32 22 32 22 9 34 33 23 39 18 34 24 35 0 35 2 26 4 36 27 0 37 9 37 11 28 18 38 6 23 13 39 15 30 14 20 40 31 16 16 15 16 18 10 18 29 1 16 21 19 3 19 39 40 20 39 16 38 39 25 39 40 39 39 13 39 3 40 39 39 36 39 10 39 25 40 40 39 39 39 40 39 4 40 15 40 21 40 18 39 40 40 11 35 7 38 40 29 38 38 40 22 22
13 33 14 7 10 0 29 19 39 20 40 11 25 21 1 0 21 26 11 2 27 40 18 20 3 23 39 25 4 29 4 25 30 5 2 31 16 6 2 23 7 2 7 0 8 18 8 31 9 39 20 9 40 10 6 21 30 38 35 37 22 12 8 39 28 24 0 14 24 14 9 25 38 15 35 31 0 16 0 36 2 28 12 18 6 29 3 36 8 19 30 15 20 11 31 39 21 16 15 15 22 33 37 1 15 10 34 39 17 35 40 16 4 36 20 13 27 4 37 27 21 0 15 38 28 17 39 39 39 5 15 40 30 9 10 23 13 12 2 4 26 2 34 29 21 18 19 38 37 40 38 35 40 37 8 39 30 39 39 39 39 40 7 39 15 33 39 5 2 35 39 33 38 39 39 39 36 39 38 3 39 10 39 34 39 29 39 8 2 39 17 30 39 37 31 39 21 16 39 8
6 32 26 11 0 21 31 24 8 16 14 19 36 16 1 28 11 27 2 2 2 38 22 18 3 29 20 19 4 27 39 22 5 2 5 16 16 6 16 30 40 7 31 30 18 8 3 35 39 9 26 25 10 10 10 4 21 3 6 22 12 23 12 32 33 13 3 36 14 25 9 31 15 40 26 15 39 38 27 40 17 28 5 34 18 4 7 39 19 4 30 36 37 31 36 20 32 21 2 6 40 22 33 13 39 24 34 24 38 9 35 5 36 12 26 36 11 27 37 27 2 38 4 18 23 29 17 3 39 30 21 22 40 2 5 26 16 12 32 30 7 32 31 5 29 32 3 35 39 39 39 40 39 32 36 39 38 36 39 22 40 23 39 32 39 40 40 40 40 40 31 39 15 39 5 40 39 39 31 40 39 39 40 39 38 4 7 39 28 37 5 39 37 40 36 39 26 21 36 9
8 40 9 7 34 25 34 20 31 22 36 35 20 9 1 15 26 22 2 2 2 15 17 30 3 39 34 13 21 4 15 34 5 5 27 25 16 6 1 31 18 35 7 18 4 18 38 34 8 9 21 37 10 10 25 21 28 37 11 24 27 12 7 31 33 37 24 39 12 40 14 15 12 37 26 27 40 37 16 17 4 28 17 18 39 8 29 37 40 16 5 20 31 0 31 38 21 4 22 0 22 33 16 23 34 23 34 8 8 35 25 5 21 9 40 23 25 37 1 27 38 26 23 7 20 29 39 27 9 4 17 40 31 17 9 5 7 2 26 23 23 17 31 33 24 2 10 40 40 9 40 37 28 39 37 3 39 14 8 39 37 39 40 39 40 40 39 39 40 40 19 39 13 36 39 12 39 30 39 39 34 40 0 36 39 0 20 39 31 7 39 21 14 22 39 6 23 25 13 8
35 21 15 0 12 21 34 32 10 35 0 17 24 9 1 37 39 40 27 2 19 19 17 25 3 13 40 39 4 18 14 4 5 25 28 5 16 6 19 17 32 7 17 36 21 26 8 4 19 2 9 29 10 20 10 3 0 11 6 22 33 36 22 12 38 13 40 10 36 14 9 4 25 15 39 26 16 7 13 13 27 32 17 18 28 36 29 16 19 37 30 9 30 38 31 40 19 7 32 12 22 21 33 4 8 8 34 24 2 35 6 36 35 9 11 20 36 40 27 16 37 22 26 24 38 28 6 0 39 12 31 22 10 40 15 18 26 6 8 5 7 9 8 3 24 26 8 1 7 39 39 39 39 39 37 39 2 39 35 39 37 39 18 12 39 35 39 2 40 37 40 18 40 15 39 36 39 14 39 5 40 35 40 18 40 36 40 36 39 40 11 40 30 27 40 7 39 32 39 5
25 18 8 6 29 40 38 0 30 15 37 32 40 16 1 11 39 0 28 2 22 12 28 3 31 3 1 14 4 25 21 14 31 5 25 22 2 6 0 17 23 28 7 35 33 8 5 22 19 9 34 9 10 10 21 5 11 40 11 7 2 1 12 12 23 9 13 29 28 6 25 39 15 40 9 16 16 1 27 4 17 28 11 37 12 2 14 19 3 30 0 35 3 31 21 15 21 4 32 18 36 33 14 20 23 21 34 24 38 15 35 11 40 10 8 26 15 37 21 4 28 12 19 15 38 39 1 20 12 30 4 40 31 5 40 15 6 27 14 27 26 24 32 34 16 18 18 27 39 30 40 39 40 5 30 40 30 37 39 35 39 33 11 39 12 33 39 14 39 39 37 39 16 39 12 39 6 39 35 4 39 10 39 39 39 39 33 39 21 37 28 35 3 39 21 37 31 39 10 16
4 19 12 10 39 30 7 31 10 39 20 30 37 1 14 1 15 29 12 2 32 24 24 20 3 34 27 2 32 15 4 29 20 5 22 34 30 6 29 3 17 7 17 31 18 8 18 3 40 9 36 0 20 10 35 7 30 11 36 22 36 27 7 12 13 23 4 14 25 14 31 8 40 15 39 26 36 16 27 28 7 17 17 28 14 31 19 19 13 0 30 10 20 15 14 31 13 32 15 19 22 33 12 39 14 34 24 7 21 35 18 2 19 12 36 10 37 27 8 2 27 38 11 28 38 29 25 39 29 15 17 15 40 5 40 21 26 1 25 25 3 14 34 27 32 3 31 34 40 39 36 40 40 40 40 7 40 27 36 39 35 2 39 28 40 39 39 39 17 39 12 39 25 39 39 39 21 39 18 20 28 39 37 38 39 14 39 29 39 14 20 3 39 15 14 9 39 8 4 19
5 34 39 23 18 21 22 17 14 34 10 10 22 1 1 39 1 11 2 22 2 28 23 3 3 3 32 23 4 37 14 35 5 29 5 2 16 6 3 34 7 25 25 7 29 8 19 26 19 1 27 3 10 25 10 21 11 3 6 23 12 12 12 23 13 24 28 13 31 14 39 3 15 26 9 15 34 27 38 17 34 28 13 17 18 37 5 30 14 7 20 19 20 31 39 16 21 32 17 10 5 33 19 23 34 24 34 24 35 0 35 25 22 36 10 17 8 37 13 19 38 28 21 38 19 29 8 14 30 30 20 40 31 5 15 24 16 21 19 0 7 18 25 32 34 18 8 40 10 0 39 26 1 38 39 37 39 39 6 35 39 1 26 39 11 39 37 39 21 33 39 3 14 39 37 40 12 39 38 39 37 39 38 39 38 37 17 39 31 7 39 19 39 31 39 34 35 40 17 30
7 27 15 23 14 34 24 19 39 9 35 39 14 1 36 1 40 11 2 2 2 20 2 3 27 3 28 0 4 21 40 21 5 24 5 25 6 22 6 2 7 17 7 30 34 8 30 33 19 9 40 26 39 10 31 37 11 21 11 32 32 1 23 0 13 39 29 31 14 40 30 25 15 11 11 26 5 2 27 17 27 17 28 17 28 18 29 19 30 38 19 1 7 40 36 31 21 4 37 32 22 33 15 23 14 34 24 15 39 24 35 16 18 25 36 1 40 8 4 37 14 7 28 3 38 3 5 39 29 21 40 8 19 24 5 19 24 22 26 13 26 17 14 3 34 8 26 3 37 39 40 37 39 18 35 37 39 7 38 34 32 39 2 37 0 39 37 10 40 39 36 39 15 39 36 39 34 39 3 39 39 40 39 2 39 1 2 40 39 39 33 5 39 38 39 39 21 39 37 33
7 7 8 27 0 24 16 20 20 29 23 23 25 32 1 37 36 14 38 2 39 27 27 3 3 3 29 25 17 4 0 31 23 5 33 3 6 23 17 6 7 3 7 32 4 8 29 24 5 9 19 39 40 10 6 21 11 38 30 11 38 8 23 12 39 23 40 31 0 13 35 15 25 2 9 32 16 6 7 27 17 12 7 28 17 13 40 29 19 10 0 30 0 8 31 2 21 6 1 32 10 6 5 33 38 23 16 34 24 35 15 25 35 4 26 5 36 25 40 38 37 27 15 0 11 2 29 25 14 39 40 27 24 31 40 1 6 10 20 32 33 2 22 32 4 8 35 34 6 40 39 39 39 39 8 39 11 38 39 34 39 40 36 39 3 39 39 39 39 32 35 39 25 8 13 39 6 16 40 40 8 39 4 39 36 39 40 39 36 39 6 5 39 20 39 9 40 6 33 39
22 8 14 25 34 25 39 24 15 27 18 28 15 19 1 37 20 20 28 2 11 15 21 33 3 16 40 30 4 35 31 2 5 40 5 26 39 6 16 21 7 7 18 3 7 8 4 1 37 29 9 31 25 20 10 33 28 21 38 30 11 12 23 39 37 23 30 38 14 1 13 4 2 26 15 7 16 40 4 27 17 38 2 12 28 29 40 29 19 30 16 20 30 20 36 36 1 21 32 13 12 20 33 3 10 38 34 24 1 12 35 8 2 26 24 36 25 0 5 5 37 38 11 24 7 7 1 23 16 15 11 2 27 40 26 40 33 33 8 33 7 12 18 6 22 8 14 7 37 37 39 35 37 39 10 38 39 33 39 38 39 37 39 29 35 39 4 22 0 39 13 4 39 11 39 39 16 40 4 35 40 4 28 39 18 39 0 40 29 39 0 40 39 39 20 39 30 39 20 22
37 6 36 7 23 13 24 22 33 38 36 15 26 21 1 18 27 23 26 2 22 25 13 3 3 3 13 26 4 14 4 14 24 5 16 16 1 6 16 18 17 7 19 18 31 34 8 2 5 9 37 21 10 20 32 40 11 11 5 22 12 23 12 11 13 23 13 40 8 14 3 9 4 26 6 33 16 28 5 27 4 17 4 30 29 32 32 19 37 39 30 20 31 8 31 20 34 2 5 5 34 33 21 35 23 19 24 39 35 38 36 1 20 8 12 37 27 38 27 4 22 20 39 3 29 5 26 17 28 16 4 24 31 5 10 16 32 8 16 18 17 35 12 36 37 34 39 38 29 36 40 36 10 0 37 40 39 37 40 26 40 40 40 11 39 23 39 40 37 39 31 39 34 40 6 33 16 39 35 35 39 17 4 40 35 40 39 39 38 39 0 39 39 40 35 29 40 2 40 34
29 25 33 24 7 38 13 11 38 17 12 31 34 1 28 1 14 11 37 2 37 19 30 31 3 39 22 19 4 34 24 27 5 20 5 40 16 6 31 18 7 17 7 7 8 8 29 8 9 9 38 25 3 10 5 21 9 34 22 34 31 22 40 13 13 12 13 28 14 25 29 26 15 8 2 15 31 27 16 6 37 8 28 18 32 37 29 19 38 34 30 36 39 20 31 15 2 13 32 22 3 22 33 9 13 22 34 17 6 25 35 5 25 2 36 1 26 27 37 10 37 19 23 38 29 14 22 0 39 13 25 40 18 22 40 20 5 22 29 30 30 33 28 30 23 8 7 28 39 39 39 40 39 39 39 37 39 20 40 40 39 40 10 39 38 39 13 40 39 39 34 40 38 40 38 29 39 6 0 39 38 17 39 18 39 29 39 3 19 39 30 30 39 3 19 13 39 19 4 22
5 19 18 40 18 37 24 34 17 24 35 23 9 30 1 20 10 17 2 2 2 27 18 17 3 13 33 16 4 30 4 14 5 5 15 1 6 6 27 6 22 7 17 24 18 23 8 31 39 9 29 2 10 10 2 21 35 11 34 22 1 36 12 11 23 3 13 29 14 11 25 13 37 15 37 35 26 11 16 11 14 28 15 17 18 9 29 19 0 1 35 30 39 20 31 14 8 22 32 22 16 20 33 3 23 34 20 34 7 24 35 10 26 22 36 18 26 37 27 0 4 19 14 38 8 39 27 1 27 30 4 40 13 13 15 30 6 19 20 3 30 18 33 24 7 35 36 27 38 40 30 40 32 10 39 36 38 39 30 39 39 36 39 10 40 11 39 2 27 11 39 37 24 2 26 39 17 38 39 29 5 39 36 40 3 40 23 40 40 40 6 0 39 5 38 21 39 30 6 5
19 36 35 24 6 8 12 16 16 12 35 26 16 30 1 33 0 16 30 2 28 26 13 18 3 35 33 39 4 32 29 15 2 5 26 31 6 32 6 24 24 7 28 17 33 8 0 20 9 34 9 33 20 21 28 10 37 11 34 11 22 3 33 39 13 40 1 24 14 9 25 25 9 4 15 26 15 16 11 16 40 40 1 28 18 6 37 6 33 2 37 30 11 31 39 21 31 36 22 15 6 22 12 33 15 34 20 24 37 15 35 21 9 19 36 11 10 4 27 37 6 0 27 3 38 21 27 39 4 9 40 12 40 12 40 7 24 28 6 11 19 3 34 1 17 8 34 21 0 39 40 37 39 37 16 39 37 11 40 26 40 18 39 39 40 40 39 40 39 39 39 40 9 39 15 39 26 32 22 40 33 31 17 39 23 8 39 7 24 5 40 37 13 39 18 39 34 18 36 15
24 38 28 18 34 32 17 22 21 31 14 25 10 1 36 1 19 11 11 2 0 29 28 3 13 22 17 3 4 14 26 0 25 5 15 21 6 2 40 6 7 4 3 7 0 8 19 40 4 9 28 5 20 6 10 32 11 3 22 0 7 23 12 23 13 33 7 24 9 25 39 36 14 26 0 4 16 27 5 32 17 37 28 3 18 4 29 3 7 19 30 20 12 3 31 3 32 21 10 22 5 8 33 2 34 8 24 9 35 8 25 25 7 26 36 26 40 37 2 27 19 17 14 38 18 29 17 39 22 21 6 19 40 5 15 30 22 2 32 3 23 6 3 27 0 34 19 40 21 39 23 20 39 1 40 40 37 39 35 14 39 37 9 39 34 1 39 14 32 39 38 40 40 39 33 40 37 39 40 40 7 40 39 39 18 40 39 7 39 37 27 40 38 40 2 39 5 40 0 15
