n,sample_index,max_fidelity,ttime,cpu_time,generations
8,0,0.994315903405648,37.00000000,17.53065896,11
8,1,0.9931243456998541,36.00000000,7.12402630,9
8,2,0.9919255315422213,36.00000000,8.62522936,11
8,3,0.9922547618638187,35.00000000,7.88212276,10
8,4,0.9920941736784094,36.00000000,7.04033113,9
8,5,0.990805572970948,39.00000000,9.40879464,12
8,6,0.9928622151194131,35.00000000,9.43864965,12
8,7,0.9913788900245697,35.00000000,8.64300632,11
8,8,0.9931759039476079,35.00000000,8.64163685,11
8,9,0.9902576150376561,35.00000000,9.52718258,12
8,10,0.992552058713926,37.00000000,9.39487100,12
8,11,0.9904146475104522,36.00000000,7.05361080,9
8,12,0.9902459458109159,35.00000000,6.26613808,8
8,13,0.9920418337984783,36.00000000,7.87133646,10
8,14,0.9923101355581601,35.00000000,8.66288161,11
8,15,0.9902573673666327,37.00000000,7.84874463,10
8,16,0.9900396969669499,35.00000000,8.65423775,11
8,17,0.9939357801372721,35.00000000,8.85566092,10
8,18,0.9901720516660054,35.00000000,7.61008930,9
8,19,0.9907957330412186,37.00000000,7.81348014,10
8,20,0.9918215466924017,36.00000000,7.85052490,10
8,21,0.9934222180831597,36.00000000,6.98037219,9
8,22,0.9918833097745506,35.00000000,8.65460515,11
8,23,0.993434603068932,36.00000000,8.66672492,11
8,24,0.9907312507175297,35.00000000,7.79053855,10
8,25,0.9910993096821404,35.00000000,8.64723468,11
8,26,0.9915581825141451,35.00000000,7.84470153,10
8,27,0.990357472757188,35.00000000,7.08476782,9
8,28,0.9907342855627321,37.00000000,8.76242185,11
8,29,0.9906866517543291,36.00000000,9.40910721,12
12,0,0.9906185175968405,50.00000000,12.96365166,14
12,1,0.9910522842361077,50.00000000,12.97136068,15
12,2,0.9905813260357272,51.00000000,13.84157896,16
12,3,0.9915293207104319,51.00000000,14.73321676,17
12,4,0.9908975675379575,50.00000000,12.03830791,14
12,5,0.9904648349463966,51.00000000,14.12349367,16
12,6,0.993431911968923,50.00000000,15.06505775,17
12,7,0.9913235036281848,51.00000000,13.30816436,15
12,8,0.9914513349431882,50.00000000,12.46240687,14
12,9,0.9915797060378186,50.00000000,13.34199572,15
12,10,0.9917766452502841,50.00000000,14.24837780,16
12,11,0.9924415666038101,51.00000000,16.22284222,18
12,12,0.991350264241595,50.00000000,11.58418512,13
12,13,0.990096338369801,50.00000000,12.58483529,14
12,14,0.9909290839822289,52.00000000,13.43528152,15
12,15,0.9917786075162573,52.00000000,15.13567019,17
12,16,0.9931858779469356,50.00000000,13.39598584,15
12,17,0.9921618496775644,53.00000000,14.34769893,16
12,18,0.9910836694477392,52.00000000,14.33388543,16
12,19,0.9911910485976525,52.00000000,11.36795354,13
12,20,0.9910446350535538,50.00000000,14.02401614,16
12,21,0.993883132446358,50.00000000,11.41958523,13
12,22,0.9907606420038316,50.00000000,13.17371058,15
12,23,0.9916716501947407,51.00000000,14.07351446,16
12,24,0.9904697431378829,51.00000000,12.23776793,14
12,25,0.9906866125444937,51.00000000,11.39396787,13
12,26,0.9904820956885008,50.00000000,14.77391434,17
12,27,0.9914471947945553,50.00000000,12.16128898,14
12,28,0.9913877311341373,54.00000000,11.25445580,13
12,29,0.9903096325267627,51.00000000,13.06843805,15
16,0,0.990702746999932,72.00000000,23.96579742,23
16,1,0.9904434423535927,68.00000000,18.91724658,20
16,2,0.9905455102924079,71.00000000,18.74590802,20
16,3,0.9910301484326296,66.00000000,18.01412344,19
16,4,0.991061078865343,73.00000000,24.20352769,25
16,5,0.9912826980187459,70.00000000,21.91027308,23
16,6,0.9901825717864732,69.00000000,27.44218969,29
16,7,0.990757202948931,69.00000000,25.68852067,27
16,8,0.990297906297099,65.00000000,20.00497484,21
16,9,0.9901158385867568,74.00000000,22.84038353,24
16,10,0.991749580288684,65.00000000,19.91314459,21
16,11,0.9910699841526707,65.00000000,19.03720927,20
16,12,0.9916265798067385,70.00000000,20.14531398,21
16,13,0.9902655314670341,67.00000000,17.10645103,18
16,14,0.9920189963209329,69.00000000,21.80268669,23
16,15,0.9902884197506999,74.00000000,25.88100100,27
16,16,0.9911312410827757,66.00000000,21.80478096,23
16,17,0.9907454579578635,66.00000000,17.07216382,18
16,18,0.9907376256541156,69.00000000,20.85949373,22
16,19,0.9909137155870644,72.00000000,21.82179189,23
16,20,0.9905324951532195,70.00000000,21.98836994,23
16,21,0.9935543453837659,69.00000000,21.70141697,23
16,22,0.9900287133729274,65.00000000,18.98536682,20
16,23,0.990242358892641,67.00000000,21.84426880,23
16,24,0.990656428257624,71.00000000,19.97809482,21
16,25,0.9908698653848804,72.00000000,19.02325845,20
16,26,0.9902393988608804,76.00000000,20.98656702,22
16,27,0.9924209958186905,75.00000000,24.86830568,26
16,28,0.9912487558853398,69.00000000,21.87743974,23
16,29,0.9910046955632182,74.00000000,21.97022748,23
20,0,0.9906848585750168,98.00000000,29.91815281,29
20,1,0.9902504191500922,80.00000000,26.83544111,26
20,2,0.9907464206721738,79.00000000,32.83736062,32
20,3,0.9907875432744871,80.00000000,26.69546914,26
20,4,0.9903780697126294,79.00000000,24.65451574,24
20,5,0.9900348133369961,97.00000000,29.79309773,29
20,6,0.9904002143615085,80.00000000,24.94757915,24
20,7,0.9905103143107014,80.00000000,26.73758316,26
20,8,0.9901506715006746,83.00000000,27.81334901,27
20,9,0.9912361324983873,95.00000000,34.11246848,33
20,10,0.9907149007708652,83.00000000,24.60542631,24
20,11,0.9919145880025724,80.00000000,32.94261694,32
20,12,0.9908584186669478,99.00000000,27.59819365,27
20,13,0.9900029556518866,97.00000000,29.84052110,29
20,14,0.9912736689649968,92.00000000,26.93081307,26
20,15,0.9900634133245679,79.00000000,25.77784276,25
20,16,0.9915119299945321,80.00000000,31.01980352,30
20,17,0.9918350045601814,96.00000000,32.55587816,31
20,18,0.9901901041595915,98.00000000,34.39596391,33
20,19,0.9902681625636932,90.00000000,27.78029776,27
20,20,0.9901235813331344,80.00000000,26.50365543,26
20,21,0.9914428267883778,80.00000000,28.12622666,28
20,22,0.9900809322202295,90.00000000,25.96373343,26
20,23,0.9921999343076645,86.00000000,30.77805161,31
20,24,0.991216267214794,79.00000000,25.65804863,26
20,25,0.990639397244527,86.00000000,27.69370699,28
20,26,0.9900892371611497,79.00000000,23.75951576,24
20,27,0.9909940470733076,80.00000000,25.75288320,26
20,28,0.9905181183577675,82.00000000,26.99567151,27
20,29,0.991981916431848,80.00000000,28.89637971,29
24,0,0.991075690587655,104.00000000,28.94345593,27
24,1,0.9903711378908963,111.00000000,50.82094622,47
24,2,0.9871248921044966,120.00000000,230.64815402,177
24,3,0.9903243867290827,94.00000000,34.62534356,32
24,4,0.9901967047632091,105.00000000,42.16960597,39
24,5,0.9918751765379981,112.00000000,33.37036490,31
24,6,0.9901551807652432,94.00000000,42.08375549,39
24,7,0.9904062395044411,113.00000000,34.50652432,32
24,8,0.9900228929258503,119.00000000,37.05036759,34
24,9,0.9900060076018421,94.00000000,39.34385419,36
24,10,0.9903854554028834,94.00000000,36.71843767,34
24,11,0.9905008554719994,94.00000000,38.51617455,36
24,12,0.9904173224388222,106.00000000,35.48854637,33
24,13,0.9901562144734496,95.00000000,35.42324305,33
24,14,0.990001463291749,94.00000000,34.29237080,32
24,15,0.9904765785473824,94.00000000,27.00305820,25
24,16,0.9903797839725205,108.00000000,34.52788329,32
24,17,0.9900826939497642,113.00000000,31.18262100,29
24,18,0.9903712086873415,97.00000000,40.06066298,37
24,19,0.9905442122520974,93.00000000,36.41786933,34
24,20,0.990164136987743,94.00000000,36.70447397,34
24,21,0.9910274373085409,116.00000000,33.44224620,31
24,22,0.9901839318931321,115.00000000,37.15710902,34
24,23,0.9901173054005643,107.00000000,32.57125425,30
24,24,0.9921491250920268,113.00000000,37.73018432,35
24,25,0.9905591900171393,100.00000000,32.12367868,30
24,26,0.9909301056659697,98.00000000,38.10676885,35
24,27,0.9903097901209934,108.00000000,30.12295389,28
24,28,0.9905055161065979,95.00000000,30.20186806,28
24,29,0.9900023893687674,119.00000000,37.67380095,35
28,0,0.9902481823382283,127.00000000,61.69877934,53
28,1,0.9902790559338709,131.00000000,44.35178614,38
28,2,0.9912567520405435,138.00000000,47.52794409,41
28,3,0.9902227971635327,133.00000000,43.85045052,38
28,4,0.9901542248348953,137.00000000,53.36586499,46
28,5,0.9919004915752171,126.00000000,45.66730714,39
28,6,0.9910718274995363,123.00000000,40.76225996,35
28,7,0.9909347019901955,115.00000000,42.25752091,36
28,8,0.9900314227974452,123.00000000,41.06765866,35
28,9,0.9903391297134795,136.00000000,46.91100240,40
28,10,0.9916788110058204,120.00000000,42.14753437,36
28,11,0.9903732657993923,130.00000000,50.98713779,43
28,12,0.99112243321533,131.00000000,55.01748276,47
28,13,0.9900337245981949,132.00000000,58.78409910,50
28,14,0.9901719342805166,116.00000000,51.40851283,43
28,15,0.9903337161644725,122.00000000,39.18148088,33
28,16,0.9902421512909562,114.00000000,37.03025007,31
28,17,0.9909162471089891,137.00000000,54.92781591,46
28,18,0.9900496597027596,116.00000000,38.90999079,33
28,19,0.9902450747111726,119.00000000,47.82734156,40
28,20,0.9905677022687287,116.00000000,43.89447045,37
28,21,0.9902952341775489,118.00000000,41.22512841,35
28,22,0.9901911111626187,118.00000000,50.34114575,42
28,23,0.9900894106991089,125.00000000,41.28829765,35
28,24,0.9903959470026326,119.00000000,58.61128283,49
28,25,0.9901461651448829,126.00000000,52.62493324,44
28,26,0.9908575278761697,127.00000000,48.74299049,41
28,27,0.991396589996425,129.00000000,45.28929472,38
28,28,0.9906904523261127,132.00000000,45.42975092,38
28,29,0.9900750259659493,118.00000000,44.35572410,37
32,0,0.9901619915129796,160.00000000,82.67629623,65
32,1,0.9900761892769114,141.00000000,48.06212091,38
32,2,0.9913401084026515,131.00000000,53.21732473,42
32,3,0.9901772196861709,142.00000000,54.11825871,43
32,4,0.9900593657909365,151.00000000,75.56812787,60
32,5,0.9901774847749076,160.00000000,54.84492588,43
32,6,0.9904820967833803,131.00000000,52.86798263,42
32,7,0.9909563808459174,151.00000000,78.40683532,61
32,8,0.9901697549272148,158.00000000,92.57088399,72
32,9,0.9911520427644652,153.00000000,58.51092124,46
32,10,0.990104529356914,133.00000000,47.92283869,38
32,11,0.9902592704523502,149.00000000,65.18551540,51
32,12,0.9904695817240056,147.00000000,58.63124967,46
32,13,0.9913993823615473,154.00000000,54.16427064,43
32,14,0.9904560730280968,160.00000000,87.05068970,68
32,15,0.9906412530940583,150.00000000,54.41341114,43
32,16,0.9906178579395996,145.00000000,57.79871869,46
32,17,0.9901821675797439,134.00000000,40.43251252,32
32,18,0.9904058098764124,132.00000000,52.94801140,42
32,19,0.9914652549360932,159.00000000,55.44582081,44
32,20,0.9909979867170657,140.00000000,50.58792162,40
32,21,0.990043726435432,143.00000000,53.32505822,42
32,22,0.9906536909635382,133.00000000,50.53626060,40
32,23,0.9904148942001905,138.00000000,52.99048352,42
32,24,0.9906703364566739,148.00000000,60.55343366,48
32,25,0.9911829688543731,150.00000000,46.39709330,37
32,26,0.9908575797684489,142.00000000,56.92011523,45
32,27,0.990141455371202,153.00000000,57.30578685,45
32,28,0.9902529266084202,134.00000000,59.35586977,47
32,29,0.99073970351641,142.00000000,54.23142147,43
36,0,0.9903489733370741,171.00000000,78.82163000,58
36,1,0.9902724291151426,157.00000000,59.71987510,44
36,2,0.9904810608584964,145.00000000,63.64170337,47
36,3,0.9910209801509614,156.00000000,66.07110739,49
36,4,0.9901050704919235,162.00000000,59.07703567,44
36,5,0.9900135771010277,167.00000000,81.27367902,60
36,6,0.990138819366883,169.00000000,69.01690149,45
36,7,0.9902652668728567,178.00000000,92.59859276,67
36,8,0.9900635467564923,162.00000000,69.11534572,51
36,9,0.9904531310767244,179.00000000,80.82017946,59
36,10,0.9860376404314233,172.00000000,260.90764999,180
36,11,0.9713793891644051,178.00000000,241.27720213,170
36,12,0.9903936938188482,166.00000000,70.56256747,52
36,13,0.9900293380945242,163.00000000,53.59601855,40
36,14,0.9900251119092238,172.00000000,107.94778419,79
36,15,0.9903106165797997,174.00000000,103.17773414,75
36,16,0.9900553927958763,153.00000000,70.29331970,52
36,17,0.9890156834491381,168.00000000,297.01511264,189
36,18,0.9901167161358244,169.00000000,75.23056674,56
36,19,0.9904756481324416,170.00000000,77.24070764,57
36,20,0.9900789446315016,160.00000000,77.72972345,58
36,21,0.9906262877411378,180.00000000,71.49662542,53
36,22,0.9907666228364017,162.00000000,66.21767879,49
36,23,0.990377283622726,170.00000000,64.96085525,48
36,24,0.9901809835858599,166.00000000,71.68718767,53
36,25,0.990108638179149,164.00000000,71.20363379,53
36,26,0.990000455567605,157.00000000,63.52627850,47
36,27,0.9922035533194317,177.00000000,76.35349131,57
36,28,0.9822968482128268,175.00000000,260.39877367,177
36,29,0.9903474653390959,161.00000000,66.26862216,49
40,0,0.9875597108154386,170.00000000,312.37362218,190
40,1,0.9902606791694759,199.00000000,93.95764303,65
40,2,0.9900480047362367,187.00000000,101.70438623,70
40,3,0.9903523350781631,176.00000000,69.77653956,49
40,4,0.990218610091438,175.00000000,77.84463668,54
40,5,0.9845815671832185,182.00000000,275.09898782,178
40,6,0.990151526362963,184.00000000,78.26841545,48
40,7,0.9906104782677434,187.00000000,74.63626528,52
40,8,0.9900556983613701,186.00000000,66.61166763,46
40,9,0.9905364533428223,156.00000000,75.81722927,53
40,10,0.9900889505621373,185.00000000,111.35851717,76
40,11,0.9868217785886162,191.00000000,298.97255754,179
40,12,0.9900416762570546,189.00000000,107.58767390,75
40,13,0.986555916851143,188.00000000,257.78357029,166
40,14,0.9903871238648103,179.00000000,85.35413671,59
40,15,0.990325694852754,197.00000000,134.77046180,83
40,16,0.9852916001412777,197.00000000,280.02021003,181
40,17,0.9900643684420923,183.00000000,68.75613499,48
40,18,0.9907076375785846,196.00000000,101.95432043,71
40,19,0.9900499997402746,175.00000000,74.45763779,52
40,20,0.9911783367972073,173.00000000,78.86339164,55
40,21,0.9901495962949673,196.00000000,98.43153286,67
40,22,0.9883041263390613,196.00000000,275.10798597,176
40,23,0.9905585289089291,178.00000000,109.81856656,76
40,24,0.9901521524885597,195.00000000,97.19527340,67
40,25,0.9858994401754745,175.00000000,277.23993063,179
40,26,0.9912287878687043,194.00000000,89.96956825,62
40,27,0.9901173964986878,199.00000000,95.47445941,66
40,28,0.9902054222569,167.00000000,70.97548079,49
40,29,0.9906065420140413,196.00000000,117.16821694,72
44,0,0.9900952889818262,204.00000000,101.90945888,59
44,1,0.990308708279939,208.00000000,131.40301299,80
44,2,0.9887984826441151,208.00000000,346.40284920,199
44,3,0.9844829994968528,214.00000000,352.57138109,211
44,4,0.9874628897388931,209.00000000,288.32869530,181
44,5,0.9902888272707195,195.00000000,83.95365167,54
44,6,0.9900466584151116,213.00000000,171.27065778,99
44,7,0.9901098107925506,218.00000000,118.09694624,68
44,8,0.9902185591691741,220.00000000,131.80071092,81
44,9,0.9900276993138237,208.00000000,101.91754341,66
44,10,0.9902799491954383,211.00000000,109.81029177,71
44,11,0.9912940240208138,195.00000000,97.98260164,60
44,12,0.9902471798398788,204.00000000,99.84551096,63
44,13,0.9677931664436206,208.00000000,332.21485639,185
44,14,0.9812067869470594,189.00000000,346.54253078,201
44,15,0.9902576678643719,191.00000000,98.42568564,57
44,16,0.9904824555270569,204.00000000,95.66299510,55
44,17,0.9908652867612946,218.00000000,100.05199051,64
44,18,0.9747985398560085,204.00000000,310.31514287,185
44,19,0.9878095513694284,201.00000000,333.61261058,187
44,20,0.9902082466029967,209.00000000,92.59829926,60
44,21,0.9884516710299142,214.00000000,369.39303207,203
44,22,0.9817670107004071,214.00000000,305.96768284,172
44,23,0.9900003621010902,191.00000000,95.49387789,62
44,24,0.9839398054204432,197.00000000,310.70528412,179
44,25,0.9900061913135614,196.00000000,103.90111685,60
44,26,0.9902910759453071,181.00000000,94.50883913,54
44,27,0.9788547198257097,215.00000000,277.70499611,172
44,28,0.9901727647729875,193.00000000,98.48233819,60
44,29,0.9880649486562846,194.00000000,349.86380863,199
48,0,0.9848157830306875,195.00000000,321.43376589,185
48,1,0.985314038607431,209.00000000,308.98511553,182
48,2,0.9902082955809096,239.00000000,148.92983937,90
48,3,0.9796312615218777,216.00000000,328.02702188,193
48,4,0.9834041414320958,234.00000000,362.72232699,200
48,5,0.9877180277825527,224.00000000,332.00998545,196
48,6,0.9900074807474266,239.00000000,134.53238988,82
48,7,0.990053775575865,228.00000000,115.35356975,70
48,8,0.9822509854454102,233.00000000,334.13586116,194
48,9,0.9901028695878835,206.00000000,123.89831185,75
48,10,0.9902473675875193,229.00000000,122.44249225,74
48,11,0.9826966174822853,239.00000000,311.95464373,188
48,12,0.9879179468561755,219.00000000,325.07367444,184
48,13,0.9883340395312868,226.00000000,319.88341331,190
48,14,0.9900758807263883,232.00000000,199.87539816,119
48,15,0.9903822031036459,227.00000000,93.96029425,58
48,16,0.9833787008198901,223.00000000,358.26771522,210
48,17,0.9879128836228753,230.00000000,341.49901819,193
48,18,0.9782719291540063,235.00000000,316.86623907,186
48,19,0.9900271098188884,227.00000000,213.36227202,127
48,20,0.9841804102017884,227.00000000,331.32044315,193
48,21,0.9905901294842827,233.00000000,206.80684805,125
48,22,0.9901201052363633,218.00000000,103.12496686,63
48,23,0.9901287237902369,217.00000000,131.74437356,74
48,24,0.991118199958412,236.00000000,103.18968391,63
48,25,0.9900024562338806,237.00000000,193.52725911,115
48,26,0.9902824141201497,220.00000000,136.32788634,83
48,27,0.9890945932446661,235.00000000,387.98853183,212
48,28,0.9830524721279302,208.00000000,306.51436639,181
48,29,0.9900309694500125,199.00000000,97.66888666,60
52,0,0.9885068100726131,229.00000000,377.13389969,206
52,1,0.9881921269122528,230.00000000,356.74811006,199
52,2,0.9803400135933386,240.00000000,379.43837166,203
52,3,0.9872941087318341,207.00000000,387.16778660,207
52,4,0.9878202831618212,241.00000000,332.96354103,186
52,5,0.9876798266654792,227.00000000,345.25531483,196
52,6,0.9865061278415348,241.00000000,383.91126108,210
52,7,0.9901773954340692,237.00000000,163.62187958,95
52,8,0.9900828276191547,256.00000000,182.61382961,104
52,9,0.9881042659060024,235.00000000,393.57607126,211
52,10,0.9751317963621695,249.00000000,376.18584847,211
52,11,0.9852973007769309,230.00000000,383.76188016,214
52,12,0.982769421182995,239.00000000,360.05852532,202
52,13,0.9843449183001813,223.00000000,341.99276423,193
52,14,0.9903384829597021,243.00000000,139.69934630,80
52,15,0.98394968113852,235.00000000,362.44269681,200
52,16,0.9828934267753155,253.00000000,337.62167311,189
52,17,0.9836576786779812,249.00000000,391.76614594,211
52,18,0.9803099439991164,245.00000000,355.88130307,197
52,19,0.9872530238955679,208.00000000,405.07551074,225
52,20,0.9900745997781404,245.00000000,142.71283984,82
52,21,0.989696885215481,252.00000000,353.67793489,195
52,22,0.9804705017184255,251.00000000,359.14241409,200
52,23,0.9867321045211939,220.00000000,417.62501383,228
52,24,0.9824641413248543,251.00000000,440.16386509,237
52,25,0.9902089516160939,249.00000000,140.81252170,81
52,26,0.9815899148244892,260.00000000,331.77527571,188
52,27,0.9811385975105149,230.00000000,361.42081594,196
52,28,0.9826796018947764,247.00000000,338.08787394,193
52,29,0.9830331251267506,243.00000000,382.04680538,205
56,0,0.9858171258584804,261.00000000,393.45214963,204
56,1,0.9808462067053632,264.00000000,401.93016171,210
56,2,0.9866631725967782,232.00000000,415.46385360,214
56,3,0.9868995900245203,254.00000000,387.59207225,200
56,4,0.9902400308980431,242.00000000,153.40758276,84
56,5,0.981261525238282,269.00000000,373.01565719,199
56,6,0.9613986853398592,258.00000000,385.62432218,201
56,7,0.9857263283149678,262.00000000,409.55202341,205
56,8,0.9900441872189688,231.00000000,116.54956555,64
56,9,0.9853385395455172,243.00000000,387.74686980,211
56,10,0.9900783337684819,261.00000000,148.27469659,82
56,11,0.9748397262202773,262.00000000,381.64950299,199
56,12,0.982793315434391,266.00000000,383.17172456,202
56,13,0.9845992488966854,239.00000000,389.65567040,204
56,14,0.9901815474415926,277.00000000,145.48456931,80
56,15,0.9901914124960827,258.00000000,132.57830334,73
56,16,0.9842217941981268,234.00000000,456.89142656,233
56,17,0.9903618449809006,260.00000000,163.60566854,90
56,18,0.9821644151341712,273.00000000,431.66545033,227
56,19,0.99006229854087,254.00000000,123.56169128,68
56,20,0.9903561936533374,263.00000000,138.22068167,76
56,21,0.9855744287183887,246.00000000,437.18142986,227
56,22,0.9901674471989507,244.00000000,155.42366982,86
56,23,0.9738413017477764,254.00000000,394.77814269,206
56,24,0.9860147717658765,257.00000000,377.20698428,202
56,25,0.9844714729709707,239.00000000,401.93326187,213
56,26,0.9877831029315448,256.00000000,348.84509015,187
56,27,0.9807001926577074,266.00000000,429.00576067,228
56,28,0.9816594732375428,279.00000000,392.32784057,207
56,29,0.9902819270772739,251.00000000,119.81419015,66
60,0,0.9647434059601061,297.00000000,485.69289660,241
60,1,0.9826433098256808,274.00000000,405.30099821,208
60,2,0.9900744189747916,282.00000000,130.96338725,68
60,3,0.9683916047492933,264.00000000,430.60068202,215
60,4,0.9822634673975208,240.00000000,433.15345955,217
60,5,0.9869504185170038,276.00000000,456.24622130,233
60,6,0.9901586198511214,249.00000000,137.56309843,72
60,7,0.9752933311881559,265.00000000,422.86415100,212
60,8,0.9900722636985219,249.00000000,156.58078146,81
60,9,0.9628030370691613,276.00000000,399.30397964,202
60,10,0.9852057345013595,273.00000000,420.26930356,208
60,11,0.9877547990691578,237.00000000,454.44688463,221
60,12,0.9879351519764719,269.00000000,494.12486672,246
60,13,0.974118988609455,252.00000000,471.15280390,236
60,14,0.9856471310898423,252.00000000,413.85640216,209
60,15,0.9863155911720827,265.00000000,400.91482091,202
60,16,0.9719808627803219,253.00000000,421.51535559,212
60,17,0.9575738868563964,259.00000000,555.08741593,275
60,18,0.9901576855322305,250.00000000,146.00953555,76
60,19,0.9832274306195878,273.00000000,429.64662409,216
60,20,0.9789469851571743,276.00000000,515.13309383,251
60,21,0.9875213816241754,277.00000000,405.99891806,204
60,22,0.9881672452301599,256.00000000,439.46682644,220
60,23,0.9846164388226584,272.00000000,432.54367137,216
60,24,0.9835978430139555,286.00000000,419.00783658,213
60,25,0.9854945429174734,257.00000000,391.54893088,196
60,26,0.9792376934518715,255.00000000,429.87802005,213
60,27,0.9837024218613977,242.00000000,434.99567294,218
60,28,0.9803194142318078,279.00000000,454.21302152,229
60,29,0.9908054010100591,284.00000000,176.22120237,92
64,0,0.9787460383646301,262.00000000,460.56660533,214
64,1,0.9853976655850124,309.00000000,503.18143344,238
64,2,0.9760276185957131,267.00000000,450.29369259,218
64,3,0.9742062941407577,269.00000000,462.25438118,223
64,4,0.9825831616024484,285.00000000,474.73668766,228
64,5,0.9840074044667171,265.00000000,454.04270005,219
64,6,0.9724440377076974,268.00000000,460.69154501,215
64,7,0.9738845450227789,286.00000000,432.47452855,208
64,8,0.9607922359860928,273.00000000,449.72376394,215
64,9,0.9850830077275315,274.00000000,463.82488775,217
64,10,0.979238511948907,285.00000000,477.69306993,224
64,11,0.9698233929340566,305.00000000,470.08092213,228
64,12,0.9877268743541698,287.00000000,459.71807194,221
64,13,0.9829505928214457,266.00000000,424.67253709,207
64,14,0.9773733168431746,278.00000000,483.72875118,231
64,15,0.9640095765416132,264.00000000,463.59424257,225
64,16,0.9900364996042592,269.00000000,136.74320841,68
64,17,0.9654100038224539,293.00000000,498.21022272,236
64,18,0.9760549026941,285.00000000,532.90783668,247
64,19,0.9846905868264151,271.00000000,458.04941964,220
64,20,0.9769724272525745,297.00000000,455.29958081,219
64,21,0.9847388962791571,260.00000000,457.46581936,212
64,22,0.9674470012194183,279.00000000,448.26594138,218
64,23,0.985661807291901,282.00000000,450.06736732,209
64,24,0.979483587200508,281.00000000,487.62236810,231
64,25,0.9900225497257127,283.00000000,163.40935016,80
64,26,0.9835614684231081,272.00000000,498.87434030,238
64,27,0.9748388528905135,269.00000000,442.71516538,216
64,28,0.9840918566679546,286.00000000,458.45226002,223
64,29,0.9853369084839396,285.00000000,476.67134690,229
