7 15 11 0 0 15 9 15 9 15 9 15 15 1 1 14 1 12 12 2 9 9 13 11 6 11 15 11 2 2 0 0 2 2 2 15 5 5 0 1 14 14 11 11 11 9 9 9 9 9
7 0 11 15 0 11 13 9 13 13 13 0 0 1 1 1 1 10 2 0 2 11 13 9 4 11 0 11 1 1 3 3 2 2 3 0 5 15 0 1 14 1 10 10 10 11 9 9 9 9
11 0 11 0 0 0 0 13 0 11 13 0 15 1 0 1 8 15 1 3 9 11 13 0 7 11 15 11 15 2 3 0 3 3 1 0 0 5 1 1 14 14 10 12 11 11 10 10 11 11
7 15 11 11 11 15 9 15 0 13 11 0 9 1 1 14 1 10 10 2 9 11 13 0 7 11 15 11 3 2 15 15 0 15 1 15 5 1 1 15 14 14 12 12 11 11 11 10 11 10
15 11 11 15 13 9 13 13 15 9 13 0 11 1 1 1 1 10 11 2 0 1 13 1 7 15 11 11 11 2 3 1 15 2 2 15 7 2 3 1 14 1 11 11 11 10 11 11 11 11
15 15 11 15 15 15 9 0 13 13 9 11 15 1 1 1 1 10 1 3 11 11 9 9 6 11 15 11 2 2 15 15 2 2 0 15 4 15 1 1 14 3 10 10 10 11 9 9 9 9
7 15 13 11 13 9 13 0 13 11 9 0 9 1 1 14 1 10 10 2 13 0 13 15 7 11 15 11 2 2 1 0 0 2 15 3 4 3 2 1 14 1 10 10 10 11 9 9 10 11
7 11 15 11 13 15 13 0 13 0 13 15 9 1 1 1 14 10 10 2 0 9 11 0 7 11 11 11 15 15 2 15 2 1 1 4 15 0 1 15 14 15 9 10 10 10 11 10 11 10
11 11 11 0 9 0 9 0 13 13 0 0 11 1 1 1 1 10 3 2 2 3 13 6 11 11 5 11 0 1 15 3 15 2 15 0 5 0 15 1 14 3 10 10 10 11 9 11 12 11
11 10 0 9 0 15 9 9 0 0 9 9 15 1 13 1 8 11 3 2 2 13 11 4 7 11 7 11 15 0 15 2 2 0 15 15 4 0 1 0 1 0 12 11 9 9 9 9 9 9
11 12 11 11 0 9 9 9 9 13 9 11 0 1 1 1 1 10 3 3 3 0 13 6 2 4 11 11 11 2 2 0 2 2 3 15 5 15 0 2 14 1 11 11 12 10 9 9 9 9
7 11 15 11 9 0 0 0 13 0 9 15 0 1 1 14 15 10 11 3 11 9 13 6 6 6 11 11 15 15 1 2 15 3 0 0 15 15 4 1 14 0 12 11 10 10 12 12 12 11
7 15 11 0 0 15 9 0 9 9 0 13 13 1 1 14 1 10 10 2 9 3 9 7 11 7 11 11 0 15 2 15 2 1 2 0 5 7 0 2 14 1 9 10 11 11 11 11 10 11
7 15 11 11 13 15 13 15 13 13 13 15 11 1 1 1 15 10 2 11 3 11 13 13 4 11 15 11 15 15 15 2 15 3 3 1 4 0 1 1 14 2 10 10 10 11 9 9 9 10
7 15 11 9 0 15 9 15 0 13 13 9 15 1 15 1 12 2 3 2 9 11 13 7 7 11 15 11 1 15 0 2 2 3 2 2 0 5 1 0 14 14 12 12 11 11 12 9 12 12
7 0 11 15 15 13 13 15 13 13 15 9 15 1 1 1 14 10 10 3 9 11 13 0 4 11 15 11 15 0 2 3 15 3 15 15 15 15 1 6 0 14 9 10 10 10 11 9 10 11
13 11 11 9 9 9 0 9 0 9 15 0 11 1 1 1 1 10 3 3 2 2 13 5 1 7 11 11 11 2 2 2 2 2 3 1 5 15 1 1 14 1 10 10 10 11 9 9 9 9
7 11 11 0 0 0 13 0 13 9 0 15 11 1 1 1 1 10 3 3 3 1 13 7 0 4 11 11 0 2 0 3 3 0 15 5 15 15 1 1 14 1 11 11 11 10 11 10 12 12
11 15 11 15 9 13 0 9 13 13 13 13 0 1 1 1 12 11 11 2 9 11 13 15 7 11 15 11 15 0 3 0 3 3 0 1 2 0 1 2 1 2 12 12 10 10 10 11 10 12
11 15 11 15 11 13 13 15 13 13 15 9 0 1 1 1 14 10 10 2 13 0 9 11 7 11 15 11 15 15 3 0 3 2 1 2 3 0 4 6 0 14 9 10 11 11 10 10 12 12
7 15 11 11 0 11 13 9 9 13 13 13 15 1 1 14 1 12 12 2 9 9 13 11 7 11 15 11 2 2 1 0 15 2 2 15 6 3 1 1 14 1 10 10 10 11 9 9 9 9
15 11 11 15 9 0 9 15 9 15 13 15 15 1 1 1 1 10 3 3 3 0 13 6 0 4 11 11 11 2 0 2 2 2 3 2 7 3 3 1 14 1 11 11 11 10 12 11 12 11
11 13 11 0 0 13 0 9 9 9 13 0 9 1 1 14 1 12 12 2 13 13 9 0 6 11 1 11 15 3 2 0 15 3 3 15 5 0 15 1 14 14 12 12 11 11 11 9 9 9
7 11 11 15 0 0 13 9 9 9 15 15 0 1 1 0 1 10 11 2 11 11 13 7 7 7 11 11 1 0 0 3 0 2 15 15 6 0 0 1 14 15 10 10 10 11 9 9 10 11
13 15 11 15 0 0 0 9 13 13 15 15 11 1 1 1 15 14 15 3 11 11 13 7 6 7 11 11 15 15 1 3 3 2 2 5 2 2 15 1 14 15 11 11 11 9 11 11 12 9
7 11 11 15 0 9 0 9 0 13 15 15 9 1 15 1 10 10 10 2 11 9 15 2 4 11 11 11 0 2 2 1 0 15 15 15 5 0 1 1 14 5 9 10 10 10 11 9 10 11
7 15 11 0 0 9 13 9 9 13 13 0 9 1 1 14 1 12 12 2 9 9 13 11 7 11 15 11 2 2 0 1 15 0 0 3 0 6 2 1 14 3 12 12 10 10 10 11 9 9
7 11 15 0 0 15 9 15 13 13 15 15 11 1 1 1 1 10 3 3 2 2 13 5 1 7 11 11 15 3 3 2 3 3 0 15 4 15 1 15 14 15 10 10 10 11 9 9 9 9
7 15 11 9 9 0 13 13 13 9 9 9 9 1 1 14 1 12 12 2 13 13 9 15 7 11 15 11 3 2 15 0 15 2 2 15 7 3 3 1 14 15 10 10 10 11 9 9 9 9
7 15 11 11 0 0 13 13 13 9 11 9 0 15 1 15 14 10 10 2 11 9 11 1 4 11 15 11 0 0 0 3 3 15 0 15 15 4 4 1 14 14 10 12 11 11 9 9 11 11
