11 0 11 0 11 10 8 0 13 9 0 9 9 1 1 1 0 0 0 3 12 2 5 7 9 6 13 11 2 11 2 11 2 0 0 2 3 1 15 4 1 1 2 7 0 15 12 11 10 11 11 11 10 12 11
7 11 11 9 11 10 15 15 0 0 11 13 13 1 0 1 9 1 0 3 12 11 15 11 7 13 11 1 11 11 11 11 3 3 1 0 1 3 7 2 1 0 1 1 14 0 12 12 10 11 10 10 10 11 9
11 7 11 11 8 9 15 15 11 13 15 0 9 1 1 1 9 0 2 14 3 10 10 13 4 9 13 1 11 11 11 11 3 15 0 3 2 15 15 5 1 4 5 0 14 2 12 11 10 11 11 11 9 11 9
7 0 15 0 11 15 12 15 9 0 13 0 13 1 1 1 1 11 2 2 3 10 4 7 11 4 13 13 2 11 15 11 2 15 15 2 1 0 6 3 1 1 1 14 15 14 12 11 10 11 10 10 11 11 9
9 0 11 11 11 10 15 15 15 15 9 11 9 1 1 1 1 0 3 3 3 10 4 6 2 4 9 9 2 11 11 11 2 15 0 2 1 15 5 15 1 2 1 1 14 14 12 11 10 11 11 11 10 12 11
15 14 11 15 11 10 8 15 15 15 13 13 15 1 13 1 15 0 3 3 12 11 5 5 9 6 9 15 1 11 3 11 15 2 2 0 15 3 2 6 1 0 1 0 14 3 9 10 11 10 10 9 12 10 11
7 9 15 9 11 15 15 15 13 0 15 9 0 1 9 1 1 14 10 3 12 12 10 13 7 13 9 3 2 11 0 11 15 2 3 3 0 15 15 5 0 3 1 5 1 14 9 9 12 10 10 10 11 10 11
7 11 11 15 11 12 9 9 9 15 13 15 13 11 1 0 1 10 10 3 14 8 12 9 7 13 9 1 11 11 11 11 2 2 15 15 15 6 15 2 2 1 3 1 3 14 12 12 10 11 11 11 11 9 11
0 0 11 11 9 10 15 9 15 15 11 15 13 0 1 0 1 11 15 3 10 10 10 0 7 13 15 0 1 15 11 11 3 0 3 15 15 1 2 7 5 6 15 4 14 5 12 11 10 11 10 10 12 12 12
7 0 11 15 11 12 8 0 0 15 15 0 13 1 1 1 1 3 2 2 0 14 11 6 11 7 13 13 1 11 15 11 15 2 15 15 3 0 0 1 1 1 1 3 14 2 9 10 11 10 11 11 10 12 11
11 11 11 11 11 10 15 0 15 15 13 13 13 9 1 15 1 14 14 3 12 12 14 9 7 9 9 1 11 11 11 11 3 3 15 15 1 15 6 4 15 1 3 1 6 14 9 10 11 10 10 10 11 10 11
7 15 11 11 11 12 15 15 9 9 9 0 9 9 1 0 1 10 8 3 8 14 14 9 6 9 9 15 15 11 3 11 15 15 15 0 2 15 5 7 15 1 0 2 3 1 9 10 11 10 10 10 11 9 10
15 12 11 15 11 10 8 15 15 13 0 13 9 1 0 1 9 0 2 12 2 8 12 11 9 4 9 0 1 11 2 11 2 2 2 15 2 15 0 5 4 15 5 6 14 2 12 11 10 11 10 9 12 11 9
7 11 12 15 11 9 8 13 13 11 11 0 13 1 1 1 1 0 3 3 8 11 4 5 9 7 13 11 3 11 0 11 2 15 3 0 15 0 15 7 1 1 6 15 14 3 9 10 11 10 10 10 11 9 11
15 7 9 15 11 11 11 15 15 0 13 15 9 1 0 1 9 15 2 14 2 14 10 13 4 13 13 15 11 11 11 11 2 3 1 0 15 0 0 1 1 1 1 3 14 15 9 10 11 10 11 12 9 9 12
7 15 11 0 11 10 15 13 0 15 15 15 9 1 9 1 0 1 1 2 10 11 15 15 7 13 13 3 2 11 15 11 2 1 3 0 15 3 15 5 15 15 7 15 14 8 10 10 11 10 11 9 9 10 10
7 15 11 11 9 9 0 0 13 9 11 15 9 1 0 1 1 0 12 3 0 10 15 11 7 9 13 0 11 11 11 11 3 15 0 0 0 1 0 4 1 1 1 15 14 14 9 10 11 10 11 11 9 10 11
9 12 11 11 11 12 11 0 13 9 11 15 9 1 15 1 1 15 11 3 10 14 10 11 7 9 11 9 0 0 11 11 2 3 3 3 0 0 0 1 1 5 1 1 14 8 10 10 11 10 11 9 9 9 10
7 11 15 8 11 14 0 0 0 9 0 15 9 1 13 1 1 15 14 3 9 12 9 9 7 13 9 1 11 11 11 11 2 2 0 0 15 0 4 5 1 7 7 1 14 4 9 10 11 10 10 10 11 10 12
13 11 15 15 10 8 8 0 13 15 13 15 9 1 1 1 1 11 2 3 3 10 7 6 3 7 13 13 11 3 0 11 1 3 15 15 3 5 15 3 1 1 1 14 0 2 9 10 11 10 11 11 10 11 9
7 11 11 11 11 8 15 0 15 13 15 11 13 0 1 9 1 14 10 3 12 8 14 13 7 9 13 1 11 11 11 11 3 3 15 1 0 15 4 15 2 1 15 3 14 14 9 10 12 9 11 11 10 10 12
11 15 11 15 11 14 11 15 15 11 15 9 9 1 15 1 15 1 13 3 12 11 11 15 7 13 1 11 15 11 15 11 3 2 15 0 2 15 4 0 1 2 3 0 1 6 9 10 11 11 9 10 11 9 9
7 15 11 9 14 0 0 9 15 13 0 15 9 1 0 1 0 11 3 3 10 14 10 9 6 15 13 15 15 11 2 11 3 1 0 15 3 15 15 6 0 3 1 0 2 3 9 10 11 11 9 10 12 12 11
0 0 11 11 12 14 12 0 11 0 0 13 11 1 1 1 1 15 2 3 10 14 10 6 1 13 5 0 0 15 11 11 1 2 1 1 3 15 15 15 1 4 1 1 14 2 9 10 11 10 10 10 11 10 11
11 15 11 15 11 10 12 15 9 13 11 15 9 1 15 1 15 0 2 8 2 12 12 13 4 9 13 11 15 11 15 11 3 3 15 15 15 7 15 2 0 3 1 15 14 2 12 12 10 11 11 11 11 10 12
7 15 11 0 11 12 8 0 15 9 0 15 13 1 1 1 1 3 2 2 10 10 14 6 13 7 11 15 15 11 2 11 11 2 15 15 15 2 15 6 1 1 1 1 6 2 12 11 10 11 10 10 12 11 10
7 11 15 11 12 12 10 15 15 9 15 15 13 1 1 1 1 1 3 11 2 10 11 11 5 11 9 13 11 11 11 11 3 3 15 15 5 15 2 15 2 1 15 14 3 3 12 12 10 11 11 11 11 9 11
7 15 12 10 11 14 10 0 13 13 0 0 9 1 1 1 1 15 2 14 2 10 10 13 4 13 9 1 0 11 3 11 15 2 2 0 0 0 0 3 1 1 2 15 14 2 9 10 11 10 11 11 9 9 11
9 0 11 12 0 12 14 0 15 0 13 15 9 1 1 1 1 0 2 2 3 14 4 7 15 4 13 9 2 11 11 2 15 3 2 15 15 1 15 15 1 1 15 14 2 2 9 10 11 10 11 11 10 11 9
7 7 11 15 11 14 12 9 0 9 9 15 13 1 1 13 11 0 3 10 3 10 10 7 9 7 9 15 0 11 0 11 3 3 1 15 1 15 0 5 6 1 6 6 14 5 12 11 10 11 10 9 12 11 10
