9 0 13 13 10 0 15 0 15 0 15 15 9 1 0 1 15 13 1 3 3 3 5 4 10 7 0 15 0 13 3 0 3 11 11 0 3 1 3 15 0 6 0 1 6 1 0 0 1 10 11 11 10 10 10 10 11 10 11 9
15 0 11 15 11 11 13 15 15 15 15 9 15 1 1 1 9 13 3 9 2 11 0 14 4 12 12 0 11 9 13 0 11 2 11 11 2 0 1 3 5 2 0 3 2 1 15 15 3 10 11 11 10 10 12 11 9 11 9 9
15 11 11 15 11 11 0 15 15 15 15 15 9 1 1 1 13 3 3 1 9 11 15 10 6 12 12 0 1 9 9 11 3 11 11 11 1 3 0 2 3 0 1 1 1 1 5 2 14 10 11 11 10 10 11 11 10 9 11 9
9 0 0 11 11 10 13 9 0 0 0 13 13 1 1 13 9 2 3 3 11 11 11 6 10 6 0 1 2 13 3 1 0 11 11 0 1 3 1 0 2 2 15 1 1 15 0 0 3 10 11 11 10 11 11 11 10 11 9 11
13 11 14 0 11 8 15 15 11 15 15 0 13 1 1 1 1 1 15 3 3 11 1 6 14 5 3 11 11 13 13 11 3 0 11 2 15 1 0 15 15 15 15 1 1 1 1 1 3 10 11 11 10 11 11 11 10 11 9 10
0 11 0 11 9 11 0 9 9 9 0 13 1 1 1 1 1 9 3 3 11 11 11 8 6 12 10 11 1 13 0 11 2 11 11 11 1 3 7 0 1 0 15 2 15 1 1 15 3 10 11 11 10 10 11 11 10 11 9 9
13 11 11 0 11 10 0 15 15 15 15 0 9 1 1 1 1 0 2 3 2 11 15 7 10 5 1 1 0 13 13 11 15 3 11 11 2 15 3 1 15 4 0 1 1 1 1 0 14 11 11 11 9 12 10 10 10 12 9 10
0 14 11 11 11 11 11 11 0 13 9 0 9 1 11 1 11 13 3 3 0 0 0 14 6 8 8 15 0 9 3 2 11 11 11 11 2 3 15 1 1 15 15 1 1 1 15 6 14 11 10 10 11 10 10 10 11 10 11 9
9 12 0 13 11 11 13 15 15 15 15 13 0 1 13 0 1 1 11 3 9 9 11 10 7 10 11 15 13 13 2 3 0 11 11 11 2 0 15 2 15 4 0 1 0 1 5 1 14 11 10 10 11 11 9 10 11 9 9 9
13 15 11 15 14 12 12 9 0 15 13 15 13 1 1 1 1 11 1 3 3 11 5 7 10 6 0 15 15 9 13 2 11 0 11 2 2 3 0 3 0 15 0 1 1 1 1 0 14 10 10 10 11 10 11 9 9 9 9 10
13 11 11 14 11 11 11 13 0 13 15 15 1 1 1 1 1 9 3 3 0 11 15 14 6 12 12 1 11 9 13 11 11 11 11 11 2 15 15 15 15 15 1 1 5 1 1 0 0 11 10 9 12 10 10 10 11 10 11 9
13 13 11 11 11 11 15 0 11 0 13 15 1 1 1 1 1 13 3 3 0 0 9 14 6 14 12 1 9 13 13 11 11 11 11 11 0 3 2 1 15 15 15 1 1 7 7 0 3 10 11 11 11 11 10 11 9 9 9 11
11 0 14 11 11 11 0 0 0 9 9 11 15 1 13 1 15 11 3 3 13 9 5 5 10 6 0 1 0 13 3 15 1 11 11 2 2 15 1 0 4 0 15 1 15 1 15 14 3 11 10 10 11 9 12 11 9 11 12 12
13 8 11 0 11 11 0 0 0 0 0 0 9 1 1 1 1 13 0 2 2 0 5 7 10 6 15 1 11 9 13 2 11 15 11 11 2 15 15 2 0 7 15 1 1 1 1 2 2 10 10 10 11 10 12 10 9 9 9 9
13 13 11 11 11 11 12 15 0 0 0 9 15 1 1 1 1 1 1 2 3 0 15 6 10 6 15 15 15 13 13 3 11 15 11 11 3 15 3 15 0 6 15 7 5 1 0 1 1 10 11 11 10 10 10 10 11 10 11 9
13 0 11 0 11 14 0 0 0 15 15 15 9 1 0 1 9 15 11 2 11 0 5 5 10 5 2 3 3 13 13 2 11 0 11 11 2 0 1 15 0 15 15 1 15 1 3 15 15 10 11 11 10 11 11 11 10 12 9 11
11 11 10 10 11 11 15 15 9 15 15 11 13 1 1 0 9 1 1 3 13 11 11 14 7 12 12 9 9 13 2 2 3 11 11 11 0 3 3 4 3 15 0 15 1 1 7 1 2 10 11 11 11 11 10 11 9 9 9 11
13 11 11 11 13 11 0 0 15 9 0 0 9 1 1 0 9 13 3 3 15 11 0 7 10 7 11 11 11 13 13 11 11 11 11 11 0 4 0 0 3 2 1 1 1 0 0 1 6 10 11 11 9 9 11 11 10 11 10 11
9 13 15 15 11 11 13 15 15 0 15 15 9 1 1 1 1 13 3 3 11 11 5 5 10 6 11 0 3 13 9 2 11 3 11 15 3 3 15 2 6 6 2 1 1 1 15 1 3 10 11 11 10 11 10 10 11 11 9 9
13 15 11 15 11 11 9 15 15 11 11 13 11 1 1 1 1 11 2 3 2 2 7 4 10 5 15 0 2 13 13 3 11 3 11 11 3 15 0 3 3 0 0 1 1 1 1 15 14 10 10 10 11 10 12 12 12 11 9 9
13 0 14 0 11 11 8 8 0 0 0 0 11 13 1 0 9 0 3 13 3 11 0 14 7 12 12 1 11 9 13 0 11 2 11 11 3 3 2 0 0 0 15 15 0 0 15 0 14 11 11 11 10 11 9 11 11 11 9 9
13 15 11 15 11 11 10 15 15 11 11 15 9 15 1 15 1 13 0 3 11 11 9 12 7 12 12 1 0 13 11 2 11 2 11 11 1 0 3 7 15 15 0 1 1 3 1 1 14 11 11 11 10 11 10 12 12 11 11 9
15 0 0 15 11 0 11 15 15 0 9 0 13 1 15 1 9 9 3 3 3 11 7 5 10 4 3 1 3 13 15 3 15 11 11 0 2 1 6 0 15 15 15 1 15 2 0 14 15 11 11 11 10 11 10 12 11 9 9 9
13 13 11 0 11 11 15 0 15 15 0 15 9 1 9 1 13 9 3 3 15 3 6 7 10 7 2 15 2 13 13 3 11 0 11 11 15 2 15 15 0 15 0 1 15 1 15 15 14 10 10 10 11 10 11 9 9 10 10 9
15 0 8 15 11 0 0 15 15 15 15 15 9 1 1 1 1 13 3 2 2 0 4 7 10 5 3 0 3 13 13 2 11 3 11 11 2 15 2 15 0 0 5 7 6 1 1 15 3 10 11 11 10 10 10 10 11 10 11 9
13 0 11 14 11 15 15 15 15 15 0 15 9 1 1 1 1 15 3 3 11 3 7 6 10 5 1 0 3 13 13 0 11 2 11 11 0 3 3 15 3 7 0 1 15 15 1 0 3 10 11 11 10 10 10 10 11 10 11 9
0 11 0 12 11 0 0 9 9 9 13 0 9 1 1 13 1 1 0 2 2 15 11 7 14 7 1 0 0 13 0 2 2 11 11 0 3 1 15 1 0 1 1 1 1 15 1 1 14 10 10 10 11 10 11 9 9 11 12 10
9 14 11 0 0 14 15 13 15 15 15 0 9 1 1 1 1 13 1 3 3 1 11 6 10 5 3 0 1 13 9 2 11 2 11 15 15 1 15 0 15 0 0 1 1 1 1 1 0 10 11 11 9 9 9 10 11 9 9 10
12 14 14 11 11 0 8 13 9 0 15 11 9 1 15 1 13 13 3 3 3 11 5 6 10 7 3 1 1 13 3 3 3 11 11 3 0 3 6 1 2 2 0 1 15 1 2 14 3 10 10 10 11 9 11 11 11 11 11 9
13 0 11 0 9 11 14 0 9 13 0 15 13 1 0 1 15 9 3 3 0 11 5 5 14 6 11 11 1 13 13 2 11 15 11 11 2 15 3 0 2 0 0 1 0 1 15 0 14 10 10 10 11 9 12 9 10 12 11 9
