13 13 15 15 11 15 11 14 10 9 8 15 13 1 1 1 9 0 9 2 2 2 9 9 7 13 10 11 14 14 3 9 11 13 3 1 11 2 11 15 15 0 2 15 15 1 3 1 0 15 0 2 15 9 10 11 10 10 10 11 10 12 10 11 11
0 13 15 15 11 12 9 15 14 14 15 14 13 1 1 0 1 1 13 2 2 13 11 7 1 6 12 11 8 12 2 13 3 13 3 2 11 3 11 15 7 15 15 0 3 1 1 2 4 15 3 2 2 12 11 9 9 11 11 9 12 11 11 11 9
13 9 14 11 12 15 10 15 15 10 14 10 12 1 1 1 1 3 2 15 1 9 11 9 6 14 10 10 10 8 2 2 13 9 3 11 11 11 11 0 7 15 7 6 6 1 1 1 2 3 2 7 1 12 11 10 10 10 10 11 10 11 9 9 11
13 9 12 11 11 15 12 0 9 11 14 0 1 1 1 9 15 2 3 0 13 0 13 9 6 11 8 14 14 14 12 2 13 9 3 15 11 15 11 2 3 6 6 15 4 1 4 1 15 2 3 0 3 12 11 10 10 10 10 11 10 11 9 10 11
13 11 10 11 11 11 11 8 12 0 10 8 0 1 1 1 1 9 3 3 13 9 5 5 13 6 0 12 2 1 2 3 13 11 3 11 11 11 11 0 1 15 15 15 0 1 3 1 1 3 3 3 14 9 10 10 10 11 9 9 9 10 11 10 12
13 0 0 0 0 11 11 11 0 12 11 0 15 1 1 15 1 9 2 15 2 9 7 7 13 7 11 14 2 10 10 2 13 0 0 2 0 11 11 15 7 15 15 15 15 2 3 15 1 2 2 0 14 9 9 11 11 11 9 12 11 10 10 11 9
9 9 10 0 11 15 10 15 15 15 14 0 9 15 1 9 1 9 15 3 13 9 9 9 7 9 12 11 12 12 1 9 9 9 2 0 11 15 11 15 4 2 15 0 2 1 1 0 2 0 3 3 15 9 10 11 11 10 10 11 11 10 11 9 9
12 9 11 0 11 0 11 14 11 9 14 0 1 1 1 1 1 13 3 3 0 13 5 5 11 7 12 9 14 14 2 9 15 9 3 0 11 3 11 2 15 4 0 0 0 1 1 1 15 15 3 3 0 9 10 11 10 10 10 11 10 11 10 11 9
15 13 15 15 14 13 11 0 10 15 12 8 0 1 1 1 13 9 0 3 9 9 7 6 3 4 0 14 3 11 11 2 15 13 3 15 15 11 11 0 4 15 0 15 0 1 3 2 15 0 2 3 3 12 11 11 11 10 11 10 12 11 10 11 9
13 13 15 15 15 0 15 15 0 0 12 9 11 15 1 9 1 0 13 3 9 9 9 0 7 15 10 11 10 10 13 3 0 13 0 2 11 0 11 15 0 6 15 2 3 0 1 15 1 4 15 5 1 9 10 11 11 10 10 11 12 9 10 12 12
0 13 0 0 11 11 0 12 0 0 14 15 15 1 1 1 1 9 3 2 15 2 6 4 2 7 2 14 2 0 3 13 3 13 3 15 2 11 3 6 0 3 0 0 15 2 1 2 1 1 3 2 3 12 11 9 9 11 11 10 11 10 12 11 10
10 13 9 15 14 0 15 15 8 11 15 0 10 1 1 1 1 3 3 2 1 13 2 4 11 6 14 11 10 14 0 13 2 13 3 0 11 0 11 11 5 1 15 0 15 2 0 1 1 15 3 15 15 12 11 11 11 11 11 11 10 11 9 10 11
0 13 15 15 11 15 8 15 8 0 14 0 11 1 9 1 13 13 3 3 0 9 4 5 1 6 12 1 12 8 3 13 11 13 3 2 11 15 11 15 2 2 1 2 15 1 0 1 0 3 3 3 14 9 10 11 10 11 11 10 11 9 9 11 12
15 13 9 12 15 15 11 11 14 0 8 15 9 1 1 1 1 13 15 13 2 13 7 6 13 7 10 15 10 10 3 13 15 13 3 0 11 2 11 1 5 0 15 15 2 1 1 1 2 1 3 3 2 9 10 11 11 11 11 9 12 10 12 11 11
11 9 15 15 15 15 8 0 15 15 12 11 14 1 1 1 0 1 3 3 15 9 4 5 1 7 8 15 12 12 3 9 3 9 2 15 11 15 11 0 5 15 0 15 2 1 15 1 0 1 3 3 2 12 11 9 9 10 10 11 12 9 11 9 9
11 15 13 15 15 11 13 11 14 12 8 11 15 1 1 1 1 9 3 3 0 9 5 5 11 6 0 10 3 0 11 11 3 13 13 3 11 2 11 11 0 4 0 0 15 1 1 1 1 2 3 3 14 9 10 12 12 12 12 12 11 11 11 11 9
13 13 15 15 15 13 11 12 15 14 10 15 11 9 1 15 15 9 13 15 15 9 9 6 11 11 14 12 14 14 10 9 13 13 2 1 11 3 11 2 5 4 15 0 0 1 1 15 6 2 15 0 14 9 10 11 11 11 11 10 11 10 10 9 9
13 13 15 15 15 15 11 15 15 10 0 8 15 1 1 1 1 13 1 3 13 9 5 5 1 7 11 10 2 0 3 13 13 13 3 1 15 0 11 3 3 15 15 1 15 1 6 1 5 4 1 1 0 12 11 10 11 9 10 12 11 11 11 10 11
0 0 15 15 15 15 14 15 15 9 0 14 11 1 15 1 1 13 0 3 15 9 9 9 7 0 14 1 14 14 11 9 3 13 3 1 11 15 11 11 15 5 7 0 0 1 15 1 1 7 0 3 15 12 11 10 11 10 10 11 10 11 11 10 10
11 9 12 12 0 15 15 8 15 9 10 15 13 1 1 1 1 13 2 13 2 9 7 7 2 4 10 11 10 10 13 2 11 9 3 3 11 1 11 2 15 0 4 15 2 1 5 1 6 4 2 2 2 12 11 10 10 10 10 11 10 12 9 9 12
15 13 0 15 12 15 11 13 9 10 15 0 0 1 1 13 11 9 3 3 3 13 4 4 11 7 14 1 10 10 1 13 2 13 15 15 11 15 11 11 4 6 15 15 0 5 1 0 0 0 3 3 15 12 11 10 11 11 11 9 12 9 9 9 10
15 13 9 15 11 11 13 15 0 0 10 14 0 1 1 1 9 15 13 3 15 0 7 6 15 7 11 12 13 2 11 9 13 13 2 2 11 11 11 15 1 15 0 15 15 1 1 1 15 15 7 3 0 12 11 9 9 10 10 10 10 11 10 11 9
14 13 15 15 15 11 11 11 0 0 12 12 9 15 1 0 1 13 13 3 0 9 9 9 7 11 10 1 14 14 2 13 3 13 15 3 11 0 11 11 15 5 0 15 3 1 0 1 1 0 0 3 15 12 11 10 11 10 10 11 11 10 9 11 9
15 13 9 15 15 11 11 0 10 8 12 12 8 1 15 1 15 1 15 1 3 13 6 7 15 7 11 14 0 3 11 11 2 13 9 2 15 11 11 3 15 6 15 7 0 1 1 1 15 15 15 2 3 9 10 11 10 10 10 11 10 11 11 11 11
12 13 15 15 11 11 12 15 0 8 13 15 0 1 0 9 1 1 15 3 0 13 11 11 7 11 10 9 12 10 11 13 2 13 15 2 11 0 11 15 0 15 0 15 0 1 1 1 5 1 0 3 15 12 11 10 11 11 11 10 12 10 11 12 12
9 0 9 11 15 8 11 0 8 15 15 14 11 1 0 15 1 1 15 3 9 15 9 9 7 15 10 11 14 14 0 3 9 0 11 11 11 0 11 0 1 0 15 3 3 1 0 15 1 0 3 1 15 12 11 9 9 10 10 11 11 9 10 12 11
0 13 15 15 11 15 11 0 15 8 11 15 15 1 1 1 1 9 3 3 3 13 7 5 11 0 5 14 11 3 15 2 0 13 13 2 11 3 11 6 15 3 3 0 0 1 15 1 1 0 3 14 14 12 11 10 11 11 11 10 11 10 12 9 10
13 13 9 0 0 0 11 13 11 14 12 12 0 1 0 0 1 9 3 3 9 9 9 11 6 0 13 10 11 8 12 2 13 13 3 0 11 0 11 15 15 0 0 15 15 3 0 0 1 15 15 3 14 9 10 10 10 12 9 10 11 11 10 11 10
0 13 15 15 15 11 11 11 15 15 8 15 9 1 1 1 1 9 3 2 1 9 5 5 1 6 8 13 10 10 2 13 0 13 2 11 11 11 11 5 3 2 15 1 0 1 1 3 1 0 3 2 2 9 10 11 11 11 11 10 11 10 12 11 10
11 13 13 0 11 15 11 15 12 0 12 13 15 1 15 11 13 11 3 3 3 9 11 11 7 11 10 11 10 12 13 13 3 13 2 0 11 15 11 0 0 0 3 15 15 2 0 2 1 3 3 3 3 12 11 10 11 10 10 11 10 12 12 10 9
