13 13 13 10 11 15 11 11 0 13 15 8 15 1 15 13 0 11 3 3 3 9 9 0 7 13 11 1 1 1 8 9 14 14 11 13 15 13 11 11 11 11 11 0 4 1 15 15 1 15 0 0 1 15 3 3 10 11 11 10 10 10 10 11 9 12 10 11 10 9
0 13 0 15 15 8 11 15 15 0 10 10 8 1 12 1 9 3 2 0 1 0 9 11 6 13 11 1 15 9 10 9 8 10 2 0 13 0 11 11 6 11 15 0 2 3 2 15 1 0 1 1 0 6 0 1 10 11 11 10 10 11 11 9 11 10 10 12 10 12
13 13 15 15 8 0 11 15 15 15 11 0 15 14 1 14 15 13 2 2 13 15 9 13 6 0 13 15 0 11 10 9 10 12 3 15 13 15 15 3 3 11 11 6 2 6 15 15 15 1 1 15 2 2 2 6 10 11 11 10 11 11 12 9 11 10 12 10 9 9
0 9 9 0 0 14 15 11 12 0 15 8 10 1 0 1 1 2 3 0 9 1 9 1 7 11 11 1 0 3 3 10 11 2 0 0 9 9 2 0 7 11 2 3 15 0 15 1 1 0 1 1 2 1 15 15 10 11 11 11 11 10 11 10 11 9 9 10 12 9
13 13 15 15 0 11 15 9 10 12 15 9 8 15 1 0 1 0 13 3 13 11 13 11 7 9 9 15 0 11 14 2 10 11 3 13 13 0 0 0 11 11 11 5 5 15 3 15 0 3 15 1 15 0 5 14 11 11 11 10 11 10 11 9 10 9 10 10 9 12
15 13 13 15 12 11 15 11 0 11 0 15 12 15 1 9 1 11 0 3 9 11 15 9 7 9 11 11 15 11 0 10 2 15 3 15 13 13 2 2 11 0 0 6 1 15 15 0 0 1 3 15 1 0 3 1 10 10 10 11 10 11 9 9 9 10 11 9 9 9
0 13 11 11 11 11 11 11 13 15 9 9 10 1 1 1 1 15 0 9 2 13 7 7 9 6 9 15 9 10 14 10 12 10 2 13 13 11 11 11 11 11 11 0 15 15 15 1 1 3 1 1 5 2 0 2 11 11 12 9 11 11 11 11 10 11 10 11 10 9
15 13 11 11 15 15 11 11 13 13 15 0 8 1 1 1 1 9 3 1 2 15 6 6 9 4 2 11 15 3 14 2 12 12 2 15 13 13 3 11 1 11 11 0 3 15 2 3 15 1 15 1 6 3 15 2 10 11 11 10 10 11 11 9 11 11 11 10 11 9
13 13 15 15 15 11 11 11 13 0 0 15 10 1 1 1 9 2 2 0 0 9 9 1 7 11 11 11 1 9 12 11 14 2 0 13 13 0 2 15 11 11 11 5 5 0 15 15 1 1 1 0 2 2 15 3 11 10 10 11 10 12 11 9 10 12 11 10 11 9
12 13 15 15 15 11 12 11 14 13 13 15 12 1 1 1 1 0 3 2 2 3 6 4 13 5 11 0 11 1 3 10 10 10 2 0 13 2 9 15 2 15 11 2 15 15 3 2 1 1 1 15 0 3 2 4 10 10 10 11 9 11 10 11 11 11 10 11 10 10
15 9 11 15 15 11 11 11 13 0 12 15 12 1 8 1 15 13 3 3 0 13 5 5 9 6 0 11 1 9 8 2 8 8 1 3 9 11 2 0 11 11 11 4 0 3 0 0 1 3 1 15 0 3 2 0 10 11 11 10 10 10 10 11 10 12 9 12 10 9
0 13 0 11 11 15 15 0 15 8 15 11 10 1 1 1 13 15 9 3 9 0 7 6 9 7 13 11 2 13 10 2 14 12 9 3 13 1 11 11 1 11 0 4 3 6 0 0 1 1 1 2 2 0 3 14 11 11 11 10 11 10 11 10 11 12 9 10 12 11
13 0 9 11 8 12 15 11 0 15 13 14 15 14 1 15 1 15 13 3 13 11 13 0 7 9 13 11 13 15 10 2 10 14 3 13 0 9 15 11 11 11 11 4 15 7 3 0 15 1 15 0 0 1 3 7 10 10 10 11 10 11 9 12 9 9 10 12 11 9
11 9 13 0 11 15 11 11 15 0 15 15 12 1 0 1 9 2 2 15 1 9 1 9 6 1 15 0 1 2 3 14 11 11 2 11 9 13 2 11 6 11 11 4 4 15 0 3 1 1 1 0 4 2 7 1 10 11 11 10 10 11 0 12 11 10 12 9 9 11
9 9 9 10 11 15 15 11 15 0 13 0 14 1 0 1 15 9 1 3 0 9 4 4 9 7 9 9 3 9 12 10 12 10 10 9 9 15 2 11 15 11 11 4 6 15 15 15 1 0 1 15 15 1 15 7 11 10 10 10 10 11 9 9 11 11 10 11 10 12
9 11 15 15 15 15 11 11 0 9 15 15 8 1 1 1 1 15 3 3 0 9 5 5 13 6 9 11 2 11 10 3 14 14 3 9 11 15 11 11 15 11 0 0 15 0 3 1 1 1 3 1 6 3 3 14 11 11 11 10 11 10 12 11 9 10 11 10 11 9
13 15 13 15 11 15 11 11 0 9 15 0 14 1 12 1 15 9 3 3 9 11 9 9 6 11 9 15 11 11 10 11 14 10 2 13 0 13 1 11 15 11 0 0 0 15 3 15 1 15 15 5 7 15 3 0 11 10 10 11 11 11 11 10 12 9 11 9 10 11
13 13 13 11 11 15 13 15 8 11 15 15 14 1 0 15 9 2 15 3 15 9 7 7 6 13 11 13 11 10 14 12 12 12 3 13 13 13 11 11 11 11 11 6 7 0 2 4 1 3 15 15 2 0 6 15 10 10 10 11 10 11 9 11 12 11 10 12 11 10
15 9 9 15 15 12 11 15 14 9 15 15 14 1 1 1 1 13 13 2 1 9 4 5 9 6 0 11 2 0 3 10 2 2 3 3 9 9 0 2 1 11 5 7 15 15 15 1 1 1 1 5 3 5 15 1 10 11 11 10 10 9 10 12 10 11 10 12 12 11
13 11 9 13 11 10 14 12 0 8 0 15 12 1 1 1 1 15 3 3 15 13 5 5 13 6 11 15 11 2 14 9 12 10 2 13 11 0 3 11 1 11 5 0 2 6 15 0 1 15 15 1 15 3 3 1 10 11 11 10 10 10 10 11 10 12 9 12 9 10
0 13 15 15 15 11 11 11 13 9 8 15 8 1 12 13 11 13 3 3 3 9 11 9 7 13 1 1 13 9 10 13 14 10 3 15 13 0 2 11 11 11 11 7 15 7 15 0 1 1 0 15 15 3 3 3 10 11 11 10 9 12 11 10 10 10 10 11 9 11
15 13 15 9 11 13 11 15 9 14 15 9 8 1 12 1 13 2 3 15 1 11 13 9 6 1 11 1 11 3 2 14 15 2 0 15 13 9 2 11 3 11 15 2 15 3 3 15 15 1 1 2 4 3 5 6 11 10 10 12 9 11 11 9 11 11 11 10 11 9
9 13 13 11 11 15 0 12 15 0 15 15 12 1 10 1 15 1 0 3 15 9 4 4 9 7 1 0 1 3 0 10 3 15 3 3 13 13 2 11 15 11 11 3 0 15 0 1 1 15 1 15 1 7 15 15 10 11 11 10 11 10 10 10 10 11 10 12 10 10
13 9 15 15 15 11 11 11 0 9 0 15 8 1 1 1 1 9 1 0 2 9 6 6 9 6 9 1 0 3 10 11 10 10 2 13 15 15 2 11 11 11 11 2 0 0 15 15 15 1 1 1 1 3 3 0 10 11 11 11 11 10 12 10 9 10 11 10 11 9
15 13 13 15 15 11 15 11 15 0 9 15 14 1 0 11 1 1 13 3 0 0 13 13 7 9 11 11 0 11 14 3 12 12 2 15 13 13 11 11 11 11 11 0 15 3 0 0 1 1 1 3 1 5 3 7 10 11 11 10 11 10 10 11 15 12 12 10 12 9
14 13 9 11 15 13 11 15 15 0 15 12 14 1 8 1 0 9 3 3 15 9 5 5 9 6 9 1 9 2 10 9 10 10 2 0 13 2 11 11 2 11 4 15 0 15 1 15 1 15 3 0 15 3 3 15 10 11 10 10 10 11 10 11 10 12 10 10 10 12
15 13 0 15 15 11 11 11 11 0 15 15 12 9 1 11 1 13 15 2 2 9 4 7 9 7 0 11 11 9 8 2 12 12 1 3 13 2 0 15 11 11 11 7 7 0 0 2 6 1 0 1 2 15 2 2 10 10 10 11 10 11 10 11 9 11 11 11 12 11
15 13 11 15 15 0 11 15 13 9 9 12 14 1 8 1 15 13 15 2 15 13 5 5 9 4 13 3 9 11 10 2 14 14 2 15 13 1 2 15 7 11 11 2 1 0 2 15 0 0 1 1 6 0 2 15 10 11 11 10 10 11 11 10 12 12 11 10 11 9
13 8 9 10 11 0 11 11 8 10 8 11 11 1 1 1 1 13 1 3 1 13 6 6 9 6 2 9 9 10 12 12 14 12 2 13 13 13 11 11 11 11 11 4 6 0 15 15 2 1 5 1 15 1 2 1 11 10 11 9 10 12 10 11 10 11 12 9 11 9
9 13 13 8 11 9 8 11 9 14 0 0 10 1 8 1 11 9 3 3 15 9 4 4 13 6 9 11 0 14 14 8 10 10 11 9 13 13 11 11 11 11 11 6 2 2 5 6 1 15 1 0 3 2 3 15 11 10 10 11 11 10 10 11 10 12 12 10 10 11
