0 0 0 13 13 14 15 11 0 14 15 15 15 1 1 1 1 10 3 3 2 7 5 5 4 4 13 2 9 2 2 2 2 11 3 14 3 0 0 15 13 13 5 15 11 0 15 15 3 15 7 7 1 1 6 3 1 7 15 5 10 12 11 10 10 9 9 9 10 11 10 11 10 12 11
15 15 0 13 15 11 9 0 9 11 15 12 15 0 1 9 15 10 3 3 3 0 7 7 3 4 9 9 0 11 2 0 2 11 3 14 2 15 3 0 13 15 5 4 0 11 11 11 2 15 2 1 5 15 15 3 3 5 0 7 10 10 10 10 9 9 11 11 10 10 11 11 10 12 11
12 0 9 13 9 15 15 15 11 8 14 15 0 1 0 0 0 8 0 3 0 9 7 6 1 7 13 9 1 9 2 11 0 3 10 11 8 12 11 0 13 13 6 11 15 11 11 2 15 2 15 0 0 15 15 0 3 15 3 3 10 11 11 10 11 11 11 10 11 9 9 10 11 12 11
8 8 9 13 13 11 9 11 11 11 14 15 15 1 14 1 15 2 3 1 11 15 9 13 6 9 9 9 9 0 9 2 13 3 10 12 14 8 12 9 13 13 11 11 11 11 11 15 15 5 6 0 15 0 2 3 1 6 0 14 10 10 10 11 9 11 11 11 10 10 12 12 12 12 9
14 10 0 13 13 0 12 9 11 11 15 0 15 13 1 1 10 9 14 3 11 13 13 13 7 9 1 13 13 9 13 2 2 1 12 10 10 10 14 13 13 13 7 11 2 11 11 0 0 6 5 1 1 5 6 3 3 2 3 0 10 11 11 10 11 10 10 11 10 10 10 11 10 12 10
10 0 0 13 13 12 8 8 11 8 10 9 0 15 1 9 12 2 2 11 1 1 15 1 6 9 0 15 9 9 9 3 11 9 10 2 10 14 0 0 13 4 7 4 7 11 11 0 15 0 15 0 15 15 2 2 6 6 1 15 10 10 10 11 9 11 10 9 12 9 9 9 9 10 11
8 8 9 9 9 11 11 11 11 14 8 13 15 15 1 14 13 12 3 3 3 9 7 7 9 6 9 13 3 13 9 11 2 11 8 10 10 8 8 9 9 9 11 11 11 11 11 15 3 15 1 1 5 0 15 0 0 1 3 2 10 10 10 12 11 11 11 11 11 11 10 11 10 12 9
11 0 15 15 15 15 0 11 13 14 15 15 10 1 1 1 1 8 3 2 1 4 6 7 5 7 9 3 13 2 2 11 3 2 11 10 3 0 0 2 13 13 5 0 11 3 3 15 15 6 7 1 1 1 15 3 3 1 15 6 10 10 10 11 10 11 11 11 12 12 11 9 11 12 12
10 0 13 0 0 15 15 11 15 8 12 0 0 1 0 1 12 1 14 3 0 15 5 5 9 5 3 9 9 11 9 2 11 3 14 3 10 10 0 13 0 2 4 7 11 11 11 0 2 15 1 15 1 5 3 2 3 15 15 1 11 9 10 11 9 9 9 10 10 11 11 10 11 10 10
12 8 11 9 9 15 0 15 10 8 0 13 8 1 14 1 11 8 3 3 3 4 5 6 7 5 13 0 9 2 3 11 3 2 11 10 2 0 2 1 9 9 7 0 0 11 2 0 3 15 4 5 1 1 2 6 3 3 4 5 10 10 10 11 10 11 9 9 11 11 11 10 10 11 11
9 0 11 13 13 15 9 11 15 11 15 15 8 1 1 1 15 0 1 1 3 9 6 6 9 7 13 9 13 1 0 2 11 11 3 14 3 3 2 1 13 13 5 6 11 15 15 2 15 3 1 7 1 15 0 1 2 5 1 6 10 11 11 9 9 11 12 9 12 11 9 10 10 10 12
8 11 0 13 9 15 15 11 11 12 15 15 15 1 1 1 1 10 3 3 2 7 4 6 5 4 3 13 2 11 9 2 15 2 10 9 10 8 3 1 13 4 15 1 0 11 0 1 0 1 1 1 15 1 3 3 3 2 3 4 10 10 10 10 11 11 9 11 10 9 9 9 9 9 10
14 13 0 13 0 15 15 15 11 11 11 0 15 0 15 1 0 12 3 3 10 15 0 9 7 9 9 9 13 11 2 3 13 0 14 2 10 14 3 15 13 0 5 0 0 11 11 3 1 3 0 15 1 0 4 5 3 3 15 15 10 11 11 9 9 9 10 11 11 11 10 12 12 10 9
12 0 13 13 13 13 14 0 13 11 13 15 15 1 1 1 14 14 12 3 11 13 5 5 13 5 9 11 11 2 1 1 11 0 11 10 10 11 0 13 13 11 13 1 0 11 2 1 15 15 1 1 7 7 0 15 3 6 3 4 10 10 10 12 11 11 11 11 11 11 10 11 10 12 9
15 0 0 9 15 15 8 9 11 0 10 12 12 1 0 1 1 2 3 15 1 1 1 13 6 9 11 1 9 9 3 2 3 3 11 10 2 1 1 0 9 9 4 5 7 11 0 1 15 2 1 1 15 1 2 6 15 1 1 3 10 11 11 11 11 10 11 9 9 10 11 9 12 11 11
13 0 13 13 9 0 15 13 11 8 9 8 15 9 1 12 1 8 8 3 11 13 0 9 7 0 9 11 9 9 2 3 0 11 2 10 11 15 3 2 13 9 4 11 4 11 15 15 1 15 2 2 15 1 3 0 3 15 2 15 10 12 12 12 11 11 10 10 11 11 10 10 11 11 9
12 13 9 13 13 11 15 11 11 12 15 9 1 1 15 1 12 15 1 15 3 15 6 6 11 6 9 0 13 2 9 2 2 12 10 10 10 12 13 13 13 13 11 11 11 11 11 3 15 1 0 0 1 3 15 6 15 6 7 14 11 11 11 10 10 10 11 11 11 9 12 9 10 10 9
12 0 0 13 13 15 15 11 15 11 15 11 15 1 1 14 10 15 10 3 13 15 7 5 2 6 9 1 0 9 3 11 2 3 10 1 12 12 3 0 13 13 11 11 11 11 11 2 6 15 2 15 0 3 15 15 3 15 15 7 10 10 10 10 9 9 11 10 11 11 10 12 9 12 10
11 14 0 13 13 15 10 15 15 8 12 15 8 15 1 10 1 14 10 3 13 13 0 9 7 13 9 9 9 1 11 3 2 11 2 10 15 15 5 0 13 13 1 2 11 15 3 3 2 0 15 6 2 7 1 6 3 1 0 0 10 11 11 9 11 11 11 11 11 10 11 10 12 9 10
0 0 11 9 13 15 15 11 15 11 10 15 0 1 15 1 12 2 3 1 0 0 15 15 6 9 0 9 13 3 2 15 15 11 2 10 15 0 2 15 13 13 4 1 11 0 0 5 15 0 1 0 1 15 2 3 1 15 0 5 10 10 9 10 12 11 10 12 12 12 11 9 10 12 11
12 13 15 13 14 0 10 15 15 8 15 11 9 1 12 1 1 2 3 0 11 1 1 9 6 9 1 13 1 11 3 3 11 13 14 2 12 12 13 15 13 6 7 5 15 11 3 0 7 6 1 15 15 1 5 3 0 2 1 1 10 10 9 11 10 10 11 9 9 10 12 12 11 10 10
11 0 13 13 0 15 15 11 11 13 15 11 15 1 8 1 0 8 2 1 1 3 7 6 0 7 9 9 9 3 9 9 2 11 14 2 14 1 0 13 13 0 6 6 11 11 11 15 2 15 1 15 1 0 15 2 1 1 3 6 12 11 11 11 9 10 12 11 9 9 9 10 12 11 11
15 15 0 13 15 13 9 11 15 15 15 14 13 1 10 1 9 10 1 3 15 9 4 4 3 5 13 0 9 0 3 0 3 11 11 14 2 15 15 0 13 13 4 7 11 0 0 15 2 2 1 4 1 4 3 4 3 3 3 14 10 10 10 11 9 9 10 10 10 10 11 9 12 11 9
8 10 15 15 15 15 0 8 10 14 15 15 1 1 8 1 13 10 3 0 3 9 6 7 9 7 3 13 11 9 2 11 2 9 8 12 14 8 10 15 13 4 7 0 0 11 3 0 3 1 1 6 1 15 6 3 4 3 3 14 11 11 11 10 12 12 12 12 9 10 10 11 9 10 11
13 15 0 13 15 15 11 8 11 0 8 15 0 1 13 1 9 14 2 2 3 6 6 5 6 4 3 9 3 3 9 2 2 2 10 3 12 8 15 1 13 6 0 11 0 11 0 0 15 0 1 0 1 0 3 2 3 3 6 6 10 11 11 9 9 9 10 11 9 9 11 12 12 12 11
12 15 11 13 15 8 11 8 15 13 15 10 0 1 1 1 1 12 1 3 13 15 5 4 9 6 9 3 3 11 3 11 1 3 1 14 2 15 15 5 13 1 2 11 11 15 3 1 15 2 1 1 1 6 2 6 3 5 6 5 10 11 11 9 9 11 11 10 11 10 12 11 9 9 11
8 0 0 13 9 15 15 8 12 15 15 9 11 1 1 1 1 10 3 3 3 4 4 7 5 7 11 9 2 2 1 2 2 11 11 10 2 2 0 0 13 9 15 11 3 11 15 0 3 0 1 1 5 1 15 3 3 15 15 4 10 11 11 11 11 11 10 10 12 9 11 11 10 10 12
14 11 0 13 9 13 15 8 11 14 15 13 12 1 0 1 1 2 3 14 1 1 1 9 6 9 9 1 9 2 2 9 1 2 10 3 14 14 15 3 13 5 0 7 0 11 11 0 15 1 5 1 3 1 2 3 6 15 15 15 10 10 10 11 10 11 9 9 9 10 10 10 10 12 12
10 15 13 13 15 15 0 11 11 14 8 15 13 1 12 1 15 3 3 15 1 1 1 13 7 1 13 0 9 11 13 11 3 15 14 11 14 10 0 13 0 15 7 0 0 11 11 3 0 15 1 0 1 15 5 4 3 1 15 4 11 10 10 11 11 11 11 10 11 10 10 11 12 10 9
10 11 9 9 13 15 15 10 11 15 12 0 13 1 1 15 8 1 1 3 13 13 13 9 7 9 9 11 9 9 9 15 3 8 10 14 10 10 11 9 9 9 7 11 1 11 15 2 0 15 1 1 15 2 1 1 15 5 1 2 9 10 11 11 10 11 11 11 10 11 10 12 10 10 10
