12 15 0 15 9 15 10 11 11 11 10 15 14 1 1 1 1 1 1 15 2 14 7 6 9 6 9 11 13 2 11 2 9 2 0 1 3 14 3 12 12 7 0 13 9 0 3 11 11 11 1 4 0 5 3 1 1 1 5 2 3 15 7 10 11 11 10 11 11 11 10 12 9 11 9 11 12 12 12 12
9 11 15 15 13 13 15 11 13 11 15 0 13 13 1 0 15 8 3 3 15 12 0 9 6 1 1 11 11 13 2 3 9 9 2 2 2 2 10 3 2 11 6 15 13 13 4 11 0 11 15 2 5 4 1 15 15 15 3 15 15 15 0 11 11 12 9 11 10 11 10 12 10 10 9 12 11 9 10 11
8 11 15 13 15 15 13 11 14 10 14 15 14 0 1 15 1 11 11 3 11 15 12 0 7 13 12 1 0 13 3 3 9 11 1 3 13 8 2 12 8 11 15 13 2 2 0 11 11 11 2 15 5 15 7 15 2 0 15 5 15 1 1 11 9 12 11 1 11 5 12 12 10 11 11 10 9 12 9 12
15 0 15 13 9 15 11 11 13 11 8 9 15 1 1 14 15 3 2 3 3 12 0 11 6 11 13 1 9 13 13 2 3 0 3 3 0 11 10 15 1 0 15 13 2 3 11 11 15 15 1 7 15 5 1 2 15 3 6 0 3 2 3 9 12 11 10 11 10 10 11 13 11 11 10 11 10 11 10 10
14 0 0 11 15 11 15 15 11 11 13 8 0 1 15 10 14 15 3 3 3 8 11 13 7 9 1 9 9 11 9 2 3 13 13 11 9 10 3 14 14 0 0 13 0 2 0 0 11 0 0 1 6 1 15 7 15 15 1 3 3 1 14 10 11 11 10 10 11 13 11 11 10 12 9 11 9 10 12 11
12 10 0 13 11 8 11 11 11 8 0 9 1 1 1 1 1 0 3 3 14 15 5 5 0 7 13 11 13 13 1 2 9 13 2 11 3 0 14 3 15 4 2 13 2 6 11 11 1 7 3 7 1 1 1 1 1 4 6 3 3 15 5 10 10 10 11 10 11 10 11 10 10 9 9 11 10 10 10 12
8 10 13 13 14 15 13 11 11 11 15 13 1 1 1 1 1 3 3 13 10 1 1 11 7 1 13 11 13 1 2 3 9 13 3 9 14 10 12 10 10 5 13 13 0 7 15 11 11 11 15 3 1 1 15 1 1 3 3 1 3 0 5 10 10 10 11 10 11 10 11 10 12 12 12 10 10 10 12 10
11 11 8 9 9 15 15 15 15 15 15 15 1 15 1 0 15 0 3 3 3 12 7 7 10 6 11 11 11 9 3 9 0 0 11 3 1 0 14 0 15 6 15 9 9 2 0 0 11 11 0 7 1 3 7 4 15 0 3 1 3 1 7 10 10 10 11 10 11 10 11 10 11 9 11 11 11 10 11 9
10 0 13 11 15 0 9 11 10 11 0 0 1 1 15 1 0 11 1 3 12 1 5 4 9 4 9 3 9 13 9 3 13 2 0 2 0 10 11 10 10 5 13 5 15 0 11 11 11 11 6 3 15 1 4 1 0 3 1 15 15 1 5 10 11 11 10 3 12 11 10 11 10 10 11 11 9 10 12 12
0 0 11 11 13 13 8 11 0 11 8 15 12 1 0 1 14 3 3 15 10 1 14 0 6 9 1 13 13 3 9 2 15 9 9 2 11 11 14 3 0 7 11 11 13 13 4 11 0 11 11 15 5 2 0 1 15 3 3 2 3 1 15 14 9 10 10 10 11 10 12 12 11 9 11 12 11 11 10 12
0 0 15 15 13 15 0 15 11 11 15 15 8 15 0 1 10 13 3 8 3 8 10 0 7 9 9 1 9 9 13 3 3 9 13 11 3 0 10 0 7 0 0 2 13 15 0 0 11 11 2 15 15 15 4 15 15 0 3 2 3 0 0 0 9 10 11 11 11 11 11 11 11 10 10 11 11 9 12 10
9 8 13 13 13 11 11 11 15 12 0 0 13 1 15 1 0 2 2 2 14 7 5 4 4 6 1 1 9 3 13 3 9 13 2 11 3 12 10 14 8 8 13 13 13 11 11 11 11 11 15 0 4 4 15 1 15 0 2 2 15 7 5 10 11 11 10 1 9 10 11 10 11 11 9 10 12 11 10 10
12 14 9 13 11 0 11 8 11 11 0 8 15 1 0 0 0 13 14 3 9 10 7 7 11 6 9 15 9 2 9 2 9 2 9 9 3 12 8 10 12 14 13 13 11 2 11 15 11 11 15 15 15 4 0 0 15 6 5 3 15 3 7 11 11 10 10 15 9 11 11 11 11 11 10 12 9 12 11 10
15 15 11 9 9 0 15 0 11 13 8 11 13 1 15 1 8 2 3 10 1 14 9 13 6 11 1 15 9 15 2 9 2 11 11 15 0 11 10 2 5 7 7 9 9 1 15 0 11 15 5 5 15 1 15 1 5 15 3 0 1 1 3 10 11 11 10 1 9 10 11 10 11 11 9 9 11 11 10 11
0 0 15 15 13 8 15 11 11 11 11 14 12 1 1 1 15 12 3 3 9 14 4 6 6 7 6 1 11 9 2 3 1 11 3 1 1 2 11 10 0 7 6 6 13 3 3 11 11 0 11 5 15 7 1 1 15 15 3 3 2 1 4 15 9 10 11 11 11 11 10 11 10 12 12 10 9 11 11 11
14 0 9 11 0 0 15 11 11 11 0 10 15 1 0 1 1 2 2 1 12 0 1 1 7 9 1 0 9 9 11 3 9 2 1 2 3 10 11 14 14 4 9 11 0 4 0 11 11 15 15 3 15 3 0 1 1 0 2 15 15 0 15 10 10 10 11 10 11 10 11 10 12 12 12 10 11 11 10 12
14 15 15 13 13 14 11 15 11 11 9 13 11 1 1 0 15 3 3 1 12 0 15 13 7 15 13 1 15 9 2 9 3 13 11 3 11 10 3 12 12 0 4 13 13 1 11 0 11 11 2 2 1 1 1 2 15 0 3 0 5 15 2 10 10 10 11 10 11 10 11 9 10 12 11 9 11 10 10 12
11 15 11 15 13 15 12 0 11 10 11 0 15 1 1 1 1 15 2 2 8 1 4 7 13 11 5 9 9 13 1 3 9 13 3 11 15 2 10 15 2 1 4 0 13 15 1 0 11 11 11 15 5 3 1 1 1 0 2 1 7 1 4 7 12 11 10 11 11 11 10 12 9 11 11 11 10 11 12 10
10 14 13 13 11 15 9 11 0 11 15 12 0 1 1 1 1 0 3 3 2 5 7 4 13 6 5 9 11 9 2 9 2 9 3 11 3 10 11 10 10 6 13 6 4 1 11 11 11 11 0 4 15 1 15 15 15 4 2 3 2 5 7 10 11 11 10 2 12 11 10 11 10 10 11 11 9 9 11 12
8 14 11 9 9 15 15 15 15 11 15 15 11 10 1 13 11 15 12 3 3 3 7 6 9 7 11 9 11 3 11 13 3 2 11 3 2 10 11 8 8 5 6 9 9 1 4 0 11 0 15 15 6 5 1 2 0 15 15 3 2 3 7 10 10 10 11 10 11 10 11 10 9 12 11 10 12 12 12 12
13 12 15 13 15 15 10 11 11 12 15 8 0 1 1 1 1 12 0 2 3 7 6 5 7 6 13 2 9 3 9 2 2 3 2 1 11 0 10 2 3 6 7 13 15 15 1 11 11 15 15 6 6 1 1 3 1 3 0 2 2 7 6 10 10 10 11 10 11 10 11 9 9 12 12 10 9 9 10 11
8 12 9 0 9 15 15 11 15 14 14 8 15 1 1 1 1 14 0 2 15 0 5 4 13 7 3 9 11 2 15 9 9 2 9 11 2 2 14 15 8 12 4 15 9 13 15 11 0 11 1 2 5 15 1 1 1 3 3 2 3 0 5 14 9 10 11 10 11 11 9 9 9 10 11 9 12 9 10 10
15 12 15 10 15 13 13 11 11 11 8 11 1 0 1 1 0 14 0 3 14 8 0 9 7 11 1 9 9 9 9 2 3 0 11 3 11 2 14 1 15 7 15 13 13 5 0 11 2 0 3 15 0 0 1 0 15 1 15 3 1 6 0 11 11 11 10 11 10 12 9 11 11 10 9 11 11 12 11 9
0 0 9 9 13 11 0 14 11 9 0 11 13 15 1 13 8 2 2 0 0 10 15 13 6 15 15 13 13 2 2 9 9 2 15 11 3 1 10 2 2 0 6 13 13 11 15 15 11 11 7 7 15 15 1 7 4 15 2 0 15 5 14 10 11 10 12 4 11 2 12 10 10 10 11 10 12 11 10 9
14 14 9 13 11 15 11 15 15 12 11 11 1 1 1 1 1 8 3 3 10 12 5 5 13 7 11 9 11 9 3 11 9 3 9 3 9 10 14 12 10 14 9 9 11 15 11 0 11 11 15 4 1 5 1 1 1 15 6 3 1 3 5 11 10 10 11 1 9 10 11 10 11 9 9 10 12 10 9 9
0 10 0 13 11 8 15 10 8 15 0 13 11 15 14 1 1 0 15 3 14 15 15 11 7 9 11 1 0 13 11 9 2 9 2 15 11 10 1 14 14 7 5 13 7 6 2 0 0 11 0 6 0 15 1 1 1 0 15 3 1 0 2 10 10 10 11 10 11 10 11 9 11 9 10 10 9 10 9 10
15 15 0 13 10 15 0 0 11 11 8 8 13 1 15 1 0 8 2 3 3 7 4 7 13 7 5 13 11 9 3 3 3 13 3 15 3 8 9 14 14 7 0 13 3 15 1 1 11 11 2 7 5 1 7 1 0 0 2 3 3 6 4 10 11 11 10 3 9 10 11 10 11 11 11 11 10 12 11 10
12 8 11 13 13 14 11 9 11 11 11 12 9 1 0 0 8 2 3 3 3 14 9 11 6 11 9 15 1 9 3 3 9 9 2 9 9 13 12 12 8 8 14 9 13 5 11 11 11 11 1 15 0 1 2 0 0 2 3 3 3 0 4 14 12 11 10 11 10 9 11 9 10 9 11 9 9 11 12 12
8 0 12 13 0 13 15 8 11 14 9 8 15 1 9 1 10 1 0 0 2 1 6 6 9 7 15 11 13 11 3 13 2 9 13 3 0 12 11 12 8 7 2 13 0 15 1 3 11 15 3 2 4 1 4 1 5 1 0 0 2 0 6 10 11 11 11 11 10 11 10 12 11 9 10 11 10 12 12 11
14 9 15 14 12 9 15 15 9 11 15 0 0 1 15 0 0 10 14 3 14 14 7 6 1 7 13 1 9 3 9 9 3 1 9 2 0 10 11 10 14 4 3 13 2 15 0 0 11 11 2 15 15 5 15 15 0 15 0 3 0 1 7 10 11 11 10 1 9 10 11 10 11 11 9 9 10 10 12 12
