15 8 12 0 15 15 0 13 8 13 11 12 12 1 1 1 1 14 2 2 2 4 4 7 7 5 13 11 0 3 2 9 2 3 9 9 3 13 13 9 1 12 14 8 14 10 5 13 0 7 5 15 11 2 0 1 1 5 1 1 0 2 2 4 4 7 7 10 11 11 10 11 11 11 10 11 10 11 9 10 12 11 11 12 11
14 15 11 15 10 13 10 15 15 11 11 12 9 1 1 1 0 3 3 1 10 14 0 10 6 8 11 11 0 9 2 11 9 3 9 9 11 2 0 11 0 4 14 4 4 1 15 13 15 15 0 11 11 5 11 1 1 1 0 15 1 2 2 1 0 6 6 10 11 11 10 10 11 11 9 9 9 9 11 10 10 11 11 10 10
8 0 15 0 15 13 13 15 12 11 11 15 0 1 14 1 0 3 3 1 8 1 0 1 7 12 1 1 9 3 3 9 3 9 9 2 1 1 1 11 1 6 14 6 7 0 15 13 15 0 15 11 11 15 11 1 2 1 15 15 3 6 4 1 0 1 3 11 11 11 10 11 9 9 9 10 10 10 12 10 10 11 11 11 9
14 10 12 10 11 9 9 11 0 11 12 14 0 1 1 0 0 0 15 13 3 14 6 6 11 6 10 15 1 13 3 9 3 9 2 9 9 9 2 15 3 8 14 14 8 10 15 13 9 11 6 11 11 11 4 1 1 0 15 15 15 3 15 0 6 15 15 10 10 14 10 13 9 11 10 10 11 10 11 9 10 11 11 12 12
14 15 0 15 0 13 15 0 14 11 11 12 13 1 1 1 1 2 3 0 1 9 14 15 6 14 11 11 11 9 2 9 3 9 9 3 1 3 15 11 6 7 14 7 5 2 0 13 15 15 7 11 11 5 11 6 1 1 1 2 3 0 1 15 7 15 6 11 11 11 9 12 9 11 11 11 11 11 10 10 10 11 10 11 9
9 15 9 15 10 13 13 15 9 11 0 15 12 1 15 8 11 0 0 3 15 14 7 7 8 6 9 9 9 3 9 3 9 3 9 9 3 1 11 3 11 5 14 2 1 15 3 13 13 0 0 11 1 6 2 1 1 15 1 0 0 3 2 0 1 7 0 11 10 9 9 9 11 11 11 10 11 10 10 10 11 10 12 10 12
10 15 9 0 15 15 11 8 13 0 11 9 9 1 10 0 0 2 0 3 0 3 4 6 14 7 1 11 9 1 0 3 9 9 2 9 11 2 2 0 0 7 10 15 7 0 3 15 7 5 15 0 11 4 11 1 15 0 2 15 0 2 0 3 4 6 7 10 11 11 10 11 11 11 10 12 10 10 9 11 10 10 11 12 12
10 13 15 9 15 13 0 15 15 8 11 11 9 1 1 1 15 13 15 2 1 3 4 7 8 6 14 0 2 3 3 13 3 9 2 11 2 3 0 11 7 2 10 2 0 15 0 13 3 2 0 11 11 11 4 15 1 1 0 4 2 2 1 3 4 7 11 10 14 10 12 11 11 11 11 10 10 10 10 11 0 11 11 10 10
14 8 13 13 0 9 15 15 15 12 0 15 13 1 15 10 0 15 0 3 10 15 7 6 1 7 10 10 9 3 13 2 9 2 9 13 3 0 11 0 3 4 14 7 4 15 0 13 3 15 11 11 15 0 5 1 15 1 2 0 2 3 7 15 7 6 1 11 10 10 12 12 12 12 9 11 11 10 10 12 12 10 9 9 9
14 8 8 13 12 13 11 12 11 11 11 11 10 1 1 1 1 13 3 3 2 5 6 5 14 6 5 11 9 2 2 2 13 3 0 3 9 9 9 2 15 10 7 8 8 1 0 13 15 0 15 11 11 11 0 4 1 1 1 3 3 2 2 5 6 7 2 9 10 11 11 10 10 10 10 11 9 11 10 9 9 10 12 12 11
13 10 10 15 15 13 9 15 0 11 11 15 15 1 1 1 1 15 11 2 1 14 5 4 0 10 4 3 3 3 9 3 9 3 9 1 3 9 15 3 9 12 9 14 10 15 2 13 0 0 0 3 11 6 1 1 1 5 1 0 2 2 1 3 5 4 0 10 11 11 10 10 11 11 10 11 11 11 10 11 10 10 10 12 10
15 12 15 12 13 9 0 11 10 11 11 0 8 12 1 1 10 2 2 1 11 14 11 14 6 0 11 9 1 9 1 3 9 3 13 9 13 1 2 12 10 4 10 12 8 1 13 0 0 11 11 11 11 4 4 0 3 15 1 2 0 1 4 4 0 2 10 11 11 10 1 11 11 11 9 9 9 9 11 12 12 12 10 9 9
15 10 8 15 9 13 15 0 10 11 15 11 15 9 1 1 15 2 3 8 12 15 10 12 7 14 11 1 0 9 3 3 13 3 13 9 9 11 11 11 6 10 5 14 8 9 9 7 3 0 0 11 11 11 7 15 15 1 15 2 3 5 6 0 15 3 7 10 11 11 10 10 10 10 11 9 12 9 9 9 10 11 9 9 9
8 12 12 9 11 9 15 15 11 8 15 0 13 15 1 0 15 15 13 3 8 7 7 7 7 5 10 0 11 11 3 9 3 11 9 13 11 9 3 11 11 10 3 8 12 6 11 9 13 15 11 1 11 3 1 0 0 15 15 15 15 3 0 7 7 7 7 9 10 10 10 11 10 11 10 11 9 11 11 11 10 10 11 9 10
10 12 10 15 15 10 11 15 11 12 8 15 0 1 1 1 1 1 0 1 2 13 6 6 12 6 1 1 9 3 9 3 13 13 2 11 13 11 1 3 15 14 3 10 10 15 9 2 11 15 11 7 11 7 15 1 5 1 15 1 0 1 15 15 6 6 0 10 12 12 9 10 9 11 11 11 9 9 11 11 9 9 9 9 11
10 10 14 15 13 13 13 15 9 11 10 15 15 1 0 0 13 15 3 3 3 12 4 4 8 7 13 1 1 15 9 9 3 9 9 2 11 11 0 11 11 3 14 7 3 0 2 13 13 15 3 11 0 3 15 1 0 2 0 0 3 15 3 15 4 4 5 11 11 11 10 11 9 9 10 11 10 10 10 11 9 9 11 12 12
14 15 11 0 15 11 13 13 15 13 13 13 10 1 15 1 0 3 2 0 1 10 1 10 6 10 11 9 1 3 2 9 1 9 3 13 13 2 2 11 0 7 14 11 11 0 15 11 13 13 15 15 11 3 1 1 15 3 0 3 2 15 1 1 1 2 6 10 11 11 10 11 10 10 11 10 10 10 12 9 11 9 9 10 10
15 8 8 14 13 13 15 13 11 0 9 15 8 1 1 1 1 11 3 3 3 7 7 5 7 7 3 11 3 13 3 9 2 9 9 2 13 9 9 9 9 14 12 8 8 14 13 13 13 6 11 4 11 11 1 1 1 4 5 1 3 3 3 7 7 4 1 10 11 11 10 11 10 10 11 11 11 11 10 11 9 11 9 10 10
12 11 9 8 0 15 15 14 0 11 11 14 11 1 1 1 1 0 2 3 3 7 4 7 6 5 10 0 3 3 11 3 9 2 9 2 0 11 11 3 11 5 14 4 0 4 4 13 15 1 15 11 11 1 11 1 5 6 1 0 3 3 3 15 4 3 6 11 10 10 11 9 12 11 10 9 12 11 11 11 9 11 11 10 12
15 8 8 9 15 9 9 15 0 11 12 15 0 1 1 1 1 15 3 3 3 8 5 7 1 3 4 2 9 2 9 11 3 9 9 3 9 0 0 11 11 14 0 8 8 3 3 9 9 2 15 0 11 11 4 1 2 6 1 3 3 3 3 3 5 15 14 10 10 10 11 11 11 11 11 11 10 11 9 12 10 11 10 11 10
0 8 8 0 13 15 13 0 15 12 11 0 15 1 0 1 0 9 3 3 4 4 4 4 5 2 11 2 2 15 3 9 2 1 13 3 9 11 11 0 6 10 4 8 8 3 2 9 9 0 11 11 11 3 15 1 2 1 0 15 3 2 4 4 4 4 2 10 11 10 10 10 11 10 11 10 12 9 10 11 11 9 9 9 9
15 0 0 15 11 13 15 0 0 11 11 15 0 0 1 1 9 2 3 9 15 15 8 1 6 10 10 9 11 9 3 2 9 2 13 9 3 3 1 11 7 4 14 7 0 0 3 13 0 2 2 11 11 15 11 0 1 1 0 2 3 2 0 4 15 1 6 9 12 11 10 10 10 10 11 10 12 10 9 11 12 11 12 11 12
10 15 15 13 0 13 9 15 0 11 13 0 10 1 0 13 11 0 11 3 8 0 7 7 8 6 9 9 11 2 9 2 9 2 9 11 11 15 13 9 1 14 7 15 15 5 5 13 6 4 15 11 11 0 3 1 1 3 3 7 2 1 15 0 7 7 7 10 10 10 11 10 11 9 9 9 9 9 9 9 9 9 9 9 9
8 10 10 8 15 13 15 0 11 0 11 11 1 1 0 1 15 1 0 0 3 10 7 7 1 7 9 9 0 3 9 2 9 2 13 9 11 9 9 11 7 10 8 10 10 8 2 13 11 0 11 0 11 11 0 5 1 1 1 0 1 0 3 3 7 7 1 11 11 11 10 11 9 9 9 11 10 10 11 10 11 11 10 10 12
15 9 11 15 9 13 0 15 15 8 11 0 15 1 1 1 1 14 3 3 2 6 4 7 5 4 3 2 3 2 13 3 1 2 9 9 11 3 11 0 11 5 10 15 15 2 3 13 0 5 4 11 11 5 1 1 1 1 1 2 3 2 2 15 3 0 4 11 10 10 11 11 10 10 11 9 9 9 11 11 11 9 11 12 12
12 14 15 14 15 13 15 11 11 12 11 0 15 1 15 1 15 3 3 0 1 0 14 10 6 10 11 11 9 3 3 9 1 9 2 9 11 9 9 3 1 10 12 14 10 14 9 13 11 11 11 11 11 11 2 1 7 6 15 2 3 5 6 15 1 3 6 11 11 11 10 11 10 12 11 9 9 10 11 11 10 10 10 10 11
15 12 12 11 15 9 13 15 0 0 15 15 13 1 1 1 0 2 2 0 14 1 15 14 6 10 11 11 9 9 2 9 2 9 13 3 9 1 11 11 7 10 6 12 12 11 15 9 13 6 11 0 11 0 0 1 1 1 0 2 2 0 4 4 5 15 6 10 11 11 10 10 10 10 11 10 11 10 11 9 9 9 9 9 9
13 15 15 14 0 13 0 14 11 13 11 11 15 1 15 1 0 13 11 3 2 7 4 6 6 4 3 9 3 2 3 9 2 15 13 2 9 11 3 0 11 10 7 14 14 0 3 13 0 0 3 15 0 11 15 1 0 1 0 0 0 2 2 7 4 6 6 10 11 11 11 12 9 11 11 11 11 10 10 11 12 9 9 10 9
10 15 12 15 15 13 13 9 12 11 0 14 12 13 15 1 15 15 3 3 0 8 13 14 7 10 15 11 1 1 9 3 3 9 15 9 9 2 0 11 2 4 14 6 1 15 4 13 13 2 2 11 15 15 15 2 1 15 15 15 15 3 15 3 5 4 7 10 11 11 10 11 11 11 10 11 9 9 9 10 12 12 10 9 10
8 14 15 15 13 9 0 13 15 11 11 11 15 1 1 15 15 0 0 11 3 10 6 6 8 6 1 9 1 0 13 2 11 13 2 9 0 2 11 15 1 10 5 10 0 15 13 9 0 13 15 11 11 11 1 1 1 15 7 15 0 5 15 0 7 6 1 11 10 10 11 11 11 11 10 12 10 12 12 12 11 12 11 11 12
