14 0 11 0 0 15 12 9 11 8 11 10 0 1 1 1 1 2 3 11 1 11 15 14 6 10 13 12 1 8 14 3 2 2 3 9 3 9 11 13 9 7 1 6 11 14 0 11 0 15 3 9 9 15 3 11 3 15 1 1 1 1 5 3 15 1 15 7 1 2 10 11 11 10 15 12 12 10 12 10 9 9 9 10 11 9 9 9 10 11
0 14 0 8 0 15 13 15 15 10 11 10 14 11 1 15 12 2 2 0 1 1 11 0 7 15 1 12 9 10 9 3 1 9 3 9 11 13 9 11 3 7 7 11 5 3 14 0 15 0 15 13 0 6 5 11 11 3 11 1 1 5 2 2 15 15 1 4 6 7 0 12 12 10 10 10 12 10 9 10 10 12 12 12 12 11 9 10 12 12
10 14 0 11 14 13 9 13 0 11 11 10 13 1 0 1 0 15 3 3 0 13 5 5 1 6 11 12 1 3 0 3 3 0 13 3 11 9 13 15 11 6 15 5 5 7 14 0 2 5 4 13 4 15 11 11 2 5 0 0 15 15 15 15 3 0 0 5 5 15 6 12 11 11 11 9 9 10 11 10 12 11 10 12 12 12 12 12 10 9
8 11 15 15 15 13 13 13 11 12 15 11 8 1 1 1 1 12 3 3 0 5 6 7 6 5 14 11 8 2 3 11 11 3 13 2 9 9 3 9 9 5 11 1 0 14 11 0 2 15 15 13 13 7 11 15 11 4 1 1 6 4 2 3 6 0 15 6 5 15 5 12 11 10 10 10 11 11 3 9 9 10 10 10 11 9 11 11 11 9
9 10 15 15 9 12 15 0 0 11 11 11 1 14 1 1 9 10 14 3 15 15 0 15 7 14 11 12 10 12 15 2 9 3 15 11 9 0 9 11 3 11 4 3 5 11 10 15 3 3 1 13 0 2 11 11 15 1 0 1 2 5 6 15 4 7 15 15 1 1 0 11 12 9 10 11 11 11 10 11 9 9 9 9 11 11 11 11 11 11
11 10 12 0 0 12 13 13 13 15 11 15 0 1 1 0 0 0 0 11 3 13 6 6 1 6 12 1 1 10 2 3 3 9 9 2 9 1 9 9 11 6 15 11 4 11 10 2 4 0 4 13 13 5 7 11 15 0 15 1 0 0 5 3 15 3 15 6 6 7 6 9 10 9 10 11 10 10 11 9 9 9 10 12 12 12 11 10 12 11
0 14 15 15 0 9 15 9 9 11 0 11 15 1 1 1 1 14 2 2 3 4 4 4 0 6 5 14 13 14 3 11 13 3 2 9 15 3 9 2 7 11 11 15 2 3 14 11 0 0 3 0 9 9 4 3 11 0 1 1 1 1 15 2 2 3 1 4 4 15 1 9 10 11 11 11 11 11 11 11 10 11 9 12 10 12 11 11 9 10
9 14 12 15 15 13 12 15 8 11 11 11 0 15 1 1 9 2 3 15 9 0 14 1 6 10 11 1 12 15 15 2 9 2 0 9 3 9 13 13 9 7 0 14 12 7 14 12 14 6 13 11 3 5 11 11 11 15 15 1 1 2 0 3 15 4 0 4 1 6 10 11 10 11 14 12 11 10 10 11 10 10 10 12 9 12 12 11 9 11
11 14 8 0 13 15 8 15 13 15 15 12 14 1 1 1 1 9 3 2 2 3 4 7 7 4 6 10 10 3 9 2 9 2 9 2 13 13 11 5 11 1 2 3 11 11 14 0 1 4 7 13 0 5 11 11 1 3 2 15 1 1 2 15 2 2 3 5 7 7 11 10 15 9 13 9 6 9 7 9 2 10 15 10 9 9 10 9 12 11
0 14 8 14 0 13 11 8 14 8 11 15 1 15 1 1 8 0 15 3 0 0 15 1 6 15 11 15 14 10 11 2 9 9 3 9 9 0 9 15 13 5 6 4 10 7 14 14 0 1 13 3 15 5 0 15 3 15 15 1 1 6 4 15 3 15 0 15 1 6 10 10 10 11 10 11 10 11 10 11 9 12 9 10 11 12 9 10 10 10
11 10 15 15 9 10 9 15 0 11 11 10 15 1 1 1 1 0 2 2 3 7 4 7 7 4 8 3 12 2 11 9 3 3 9 2 9 3 0 9 13 0 0 11 10 11 10 15 15 2 9 9 9 4 11 11 11 2 15 1 1 7 0 2 2 3 7 5 15 7 11 10 11 11 2 11 6 10 11 10 12 12 12 11 9 9 10 10 9 9
14 11 15 15 9 13 15 12 11 0 11 0 0 1 15 1 9 0 0 2 11 4 5 7 7 4 11 12 3 3 11 2 2 9 3 0 9 9 9 2 4 6 15 7 7 14 3 0 15 15 13 0 0 11 2 11 0 11 4 6 2 4 0 4 2 0 4 5 7 6 10 11 11 10 3 11 11 10 11 11 9 9 9 9 12 11 11 12 12 12
8 10 0 0 0 0 13 13 15 11 11 11 0 1 1 0 11 11 0 0 3 11 7 6 0 6 9 10 13 11 2 2 3 9 3 9 2 3 9 9 1 7 1 4 11 10 15 3 1 0 0 13 6 5 11 11 15 2 1 1 1 6 3 0 3 3 5 7 6 6 0 9 10 11 11 9 10 12 10 11 11 10 11 9 9 11 12 12 11 9
11 10 10 0 8 0 13 0 11 8 11 15 0 14 1 1 1 2 2 15 0 15 15 11 7 15 1 10 11 12 2 3 11 3 3 13 2 9 9 9 5 7 5 11 4 11 10 4 0 6 0 13 13 6 5 11 6 15 2 1 1 1 2 2 7 0 0 7 0 7 15 9 10 12 12 12 11 11 10 10 10 10 11 9 11 9 10 9 9 10
10 8 0 0 10 0 14 12 15 11 11 11 0 1 1 1 1 0 3 3 0 4 5 5 4 7 11 12 2 2 9 2 11 2 9 1 9 11 3 13 9 6 11 4 11 10 5 3 15 3 0 13 1 1 11 11 5 5 1 1 3 1 0 5 3 0 5 5 5 4 4 12 11 11 11 10 12 10 10 10 11 10 11 11 9 9 9 9 10 9
10 11 10 14 0 13 0 0 15 15 13 0 11 1 15 0 15 11 13 3 9 0 7 7 15 6 9 11 12 2 9 11 2 0 9 2 15 13 11 9 1 9 11 7 1 10 11 10 14 6 13 5 0 1 15 15 11 11 15 15 0 15 2 6 3 15 0 6 7 15 6 9 10 12 12 12 11 11 11 11 9 9 10 11 9 9 9 10 11 9
10 15 15 15 10 13 14 12 11 12 15 0 9 1 0 1 8 3 3 14 14 1 15 0 6 11 12 1 1 3 13 2 11 9 13 3 9 9 1 3 0 11 6 0 3 14 15 15 15 3 13 7 7 11 11 15 0 2 1 7 5 2 3 0 15 2 1 15 15 6 11 10 10 11 14 9 10 11 10 10 10 11 9 11 10 10 11 9 10 12
12 8 12 14 10 10 9 0 15 11 8 15 0 8 1 11 0 3 3 15 9 11 14 1 7 11 13 10 9 10 3 2 9 13 2 9 9 3 11 9 9 5 15 4 12 12 8 8 14 1 13 9 3 15 11 11 11 2 0 1 0 15 3 3 7 0 15 1 3 2 10 10 10 11 10 12 9 11 10 11 9 10 12 11 9 9 11 12 11 12
12 10 15 15 10 15 13 13 11 15 8 11 15 1 1 1 1 3 3 1 1 1 4 5 1 6 14 11 12 11 11 2 9 3 13 15 13 1 2 11 0 6 11 4 3 0 10 11 15 15 15 13 13 11 6 5 11 15 1 15 1 1 3 3 1 15 1 4 5 1 15 12 11 10 11 10 10 11 11 10 15 9 10 12 12 12 12 10 9 9
11 10 0 14 0 9 13 0 15 14 12 8 0 1 1 1 1 11 3 3 2 4 7 5 9 6 5 10 0 14 2 11 9 2 11 9 2 13 9 3 11 6 6 6 5 11 10 15 15 0 7 13 0 0 0 11 11 0 11 1 1 6 6 3 2 2 1 7 5 0 6 9 10 11 11 9 9 9 9 11 10 10 11 9 9 11 11 9 12 9
10 0 11 9 11 13 13 11 15 0 15 11 9 1 15 11 15 0 13 3 0 15 6 6 15 6 12 9 10 2 2 2 9 11 2 9 15 1 3 13 9 4 3 11 7 10 15 11 15 6 7 13 13 5 11 3 11 0 15 15 0 1 0 1 3 15 15 6 5 15 5 12 11 11 11 10 11 10 12 11 9 10 11 10 11 10 12 9 11 11
11 8 8 0 14 13 9 0 15 11 8 11 12 1 1 12 11 13 0 1 2 12 7 7 1 7 1 10 9 13 3 3 2 9 2 13 3 2 9 2 11 11 6 1 10 11 8 8 0 1 13 9 5 7 11 11 11 2 1 1 2 15 1 0 2 5 15 7 7 1 10 10 10 11 10 11 10 11 10 11 10 11 9 11 12 12 10 9 9 10
12 13 9 10 0 13 15 15 15 0 15 11 14 1 15 1 15 13 3 3 2 5 4 4 2 6 4 10 10 8 2 11 3 13 2 3 9 13 2 9 11 3 11 7 13 12 0 14 14 0 13 5 5 0 0 0 11 3 1 5 1 15 7 3 3 2 5 4 4 15 6 9 10 11 11 9 9 9 10 11 10 11 10 9 12 11 10 11 9 10
11 10 13 0 11 15 0 15 15 13 15 11 14 1 1 9 0 2 1 2 3 11 0 6 1 7 1 12 9 12 11 11 2 0 9 2 9 2 9 13 2 11 4 0 5 0 10 1 0 6 0 0 15 5 0 15 11 15 1 1 1 15 2 1 2 3 7 15 15 1 7 12 11 9 10 11 12 12 9 11 11 10 12 11 9 9 9 9 10 11
10 12 12 10 10 13 0 12 11 11 13 11 15 1 15 11 0 14 12 3 0 0 7 6 3 5 10 11 14 9 13 9 3 13 2 9 3 9 9 11 9 9 4 0 8 8 12 12 10 5 13 9 6 11 3 11 11 2 1 1 3 3 0 4 15 15 0 7 6 3 11 10 13 10 9 12 10 10 10 12 9 11 9 9 11 12 10 9 11 11
11 12 8 0 13 13 15 15 15 11 15 11 0 1 1 1 0 2 2 13 9 11 1 15 6 14 10 1 10 0 3 0 3 9 15 9 3 13 11 15 2 3 4 11 14 11 12 8 0 7 13 13 5 15 11 0 11 15 1 1 1 0 3 2 5 1 4 1 15 6 11 10 10 11 10 11 14 9 9 11 11 11 9 11 9 10 9 12 9 9
0 8 8 14 9 13 0 0 15 11 11 8 0 1 1 11 11 0 0 3 0 0 8 0 1 5 10 3 8 3 2 15 11 13 2 2 9 9 2 9 2 11 5 4 10 0 8 8 3 3 13 0 15 4 11 11 11 0 0 1 0 15 15 0 3 2 1 0 0 0 10 10 10 11 10 11 10 11 10 11 9 11 11 11 10 12 10 12 12 12
14 0 0 11 11 14 15 15 11 11 0 10 15 1 1 1 1 9 3 2 3 5 4 7 7 5 8 11 12 3 2 9 2 2 9 1 3 13 9 11 15 11 7 3 2 14 0 0 7 4 13 3 15 11 11 4 4 15 1 1 1 15 15 3 2 3 5 4 7 7 10 10 10 12 9 11 10 11 10 11 9 10 11 11 10 10 11 11 12 12
12 10 15 15 14 10 13 13 0 10 9 8 10 15 1 11 8 13 3 3 3 4 4 5 5 5 12 0 10 14 0 9 2 0 0 9 2 13 9 13 15 11 7 6 11 15 10 15 15 15 1 13 13 2 1 11 15 4 6 1 6 2 15 3 4 3 4 5 5 5 4 12 12 11 11 11 10 12 10 9 9 9 10 11 12 12 10 10 12 11
0 14 0 11 10 0 13 13 11 15 15 0 1 0 1 1 15 14 10 3 13 15 15 9 7 8 11 10 14 10 11 11 13 3 9 9 13 9 13 11 11 4 7 11 11 0 14 0 0 15 15 13 13 7 11 7 0 1 0 1 1 15 2 1 3 3 3 6 15 7 0 9 10 11 10 11 11 10 12 9 11 11 11 10 11 10 11 9 9 9
