0 9 12 10 12 14 9 13 9 15 15 14 11 1 15 1 12 15 3 2 2 4 4 7 4 6 15 2 2 3 12 2 12 2 9 11 15 9 3 2 9 9 9 13 11 9 9 0 8 12 10 12 14 9 13 13 5 11 3 11 11 15 3 0 0 3 2 2 5 7 7 4 6 2 9 9 10 11 11 11 11 10 11 10 11 10 11 9 9 10 11 10 12 11 11
14 11 13 12 10 0 15 13 11 0 14 15 11 0 15 1 0 1 14 3 11 15 4 4 15 7 0 9 9 13 8 11 3 9 2 15 9 2 9 9 9 3 13 13 1 3 9 11 14 13 8 10 5 4 13 6 0 4 15 11 0 1 1 0 2 3 2 2 15 4 4 15 7 0 10 10 10 11 10 11 9 9 9 11 11 11 9 9 11 11 10 11 9 9 9
0 10 0 14 14 15 13 11 9 13 15 11 11 1 15 0 15 0 0 3 0 0 7 7 9 6 13 9 12 2 11 3 12 2 13 2 11 9 3 1 9 7 9 7 13 7 1 0 10 0 14 14 0 13 11 11 11 15 11 11 15 6 0 1 0 3 3 0 0 0 7 3 6 1 10 10 10 11 10 11 10 12 12 11 11 12 11 9 10 12 11 10 10 10 11
15 14 0 15 15 10 10 0 11 14 8 11 12 1 15 1 9 12 0 2 13 6 5 5 2 7 4 11 0 3 8 3 12 12 11 9 11 2 11 13 11 3 6 9 9 15 11 15 14 0 15 15 15 0 13 0 3 11 11 15 1 0 1 4 1 3 0 2 4 5 5 0 6 4 11 10 10 11 11 10 10 11 11 11 11 10 11 11 12 12 10 9 11 11 10
11 12 14 0 0 15 0 15 8 15 15 11 10 1 1 1 8 2 2 0 11 11 1 15 6 9 1 11 10 11 2 12 2 11 11 3 13 3 9 2 13 13 4 2 6 11 1 2 0 14 0 0 15 1 13 15 5 11 11 0 2 5 1 6 3 5 0 1 1 1 15 6 3 1 11 11 11 10 12 12 12 11 9 10 12 11 9 10 12 12 10 9 9 9 10
14 0 14 10 14 15 11 13 9 11 11 0 11 11 15 1 12 3 3 0 15 13 13 13 6 1 1 11 1 10 3 10 2 11 9 2 15 9 3 13 5 9 9 4 2 2 15 11 15 14 2 2 15 5 13 9 0 11 0 11 1 15 3 0 15 3 3 15 5 3 0 6 15 1 11 11 11 10 11 10 11 9 11 11 9 9 10 12 11 9 10 10 10 10 12
14 14 0 14 13 0 0 13 14 15 15 11 15 1 1 15 13 2 8 3 0 11 6 7 0 6 15 15 1 2 12 3 14 2 11 9 3 13 3 15 9 13 6 11 5 0 0 1 14 0 14 4 0 0 13 7 1 0 11 15 1 1 0 2 2 7 15 0 15 6 7 2 3 4 11 10 10 12 12 10 10 11 11 11 11 9 9 9 10 11 9 9 9 10 11
14 12 12 11 0 12 10 13 15 9 15 11 11 15 9 1 0 10 3 3 0 13 12 13 7 1 1 0 14 11 10 2 3 11 3 3 9 11 9 11 9 9 13 11 7 1 2 11 1 14 5 0 5 15 13 6 7 15 11 11 1 11 1 1 15 1 3 0 5 2 4 7 1 1 11 11 11 10 11 9 11 9 9 11 11 9 11 11 11 9 9 10 10 10 9
8 14 9 11 8 0 12 13 15 0 13 15 11 15 1 13 11 2 2 11 15 1 1 15 7 0 1 9 1 10 2 10 2 9 9 1 3 9 15 9 5 9 3 4 4 9 9 2 10 1 2 1 0 3 13 1 0 4 11 11 15 1 2 15 2 3 2 15 1 1 1 7 0 1 10 10 10 11 10 11 10 10 11 11 10 11 10 11 11 11 11 9 9 9 10
10 14 15 0 15 0 15 9 15 0 10 11 10 1 12 8 1 3 3 15 0 15 1 15 6 15 15 13 10 3 2 8 11 3 0 9 2 1 9 11 9 5 11 1 9 9 11 1 10 1 6 0 4 3 13 15 15 5 11 11 7 1 1 1 3 3 1 0 1 4 5 2 15 1 10 10 10 11 10 11 11 11 11 11 11 10 11 10 11 11 12 12 10 9 12
11 15 14 15 0 14 13 13 15 11 14 11 12 1 1 15 1 0 2 2 2 7 4 7 4 7 15 2 3 2 2 10 2 11 2 2 9 3 9 15 13 13 5 0 11 4 5 4 0 14 15 0 0 1 13 0 6 11 11 1 1 1 15 1 15 2 5 2 7 4 7 4 4 2 11 11 11 10 11 9 11 11 11 10 12 12 12 11 11 11 10 12 12 9 10
9 9 14 9 0 0 13 0 9 11 0 15 15 1 1 1 1 0 2 3 3 6 5 7 7 5 1 13 2 3 10 2 12 2 11 1 9 3 13 0 9 13 4 0 1 11 15 1 15 14 0 0 6 5 13 9 11 0 11 0 11 1 1 1 0 3 2 3 15 7 7 2 5 15 8 10 3 10 14 11 10 11 9 9 10 11 10 9 11 9 11 12 10 10 10
9 11 10 9 14 0 13 11 14 0 12 11 0 1 0 1 11 15 11 2 1 5 5 7 7 4 13 10 3 2 3 2 12 3 2 3 3 13 9 9 11 4 9 9 7 11 3 0 11 10 5 5 0 0 13 1 0 1 11 11 1 0 1 7 0 0 2 1 15 5 7 7 4 5 10 10 10 11 10 9 12 11 9 9 10 10 11 11 10 9 12 10 12 12 12
8 8 9 12 14 8 15 9 13 14 15 0 11 11 1 1 8 14 13 3 11 13 15 15 7 15 1 11 0 10 3 2 10 9 3 9 1 2 15 1 9 7 9 9 3 1 13 8 8 11 12 14 8 13 9 7 2 11 0 11 11 1 1 2 0 0 1 3 1 15 6 7 7 1 10 10 10 11 10 11 9 9 11 11 11 11 11 9 11 9 12 12 11 9 12
0 8 10 0 0 12 0 0 0 15 8 15 11 0 10 1 0 3 3 15 15 15 0 11 7 1 11 11 11 14 2 3 14 3 3 1 3 2 9 9 6 13 6 3 7 6 7 0 2 10 0 0 2 0 15 2 15 2 15 11 0 11 5 6 3 3 0 2 15 0 6 7 1 3 11 11 11 10 11 10 11 11 10 10 11 10 11 9 9 10 12 11 11 9 9
0 13 14 15 15 14 9 15 13 12 11 15 0 1 1 11 15 8 8 3 0 0 0 1 1 4 1 2 0 2 2 10 11 1 2 13 9 11 9 3 11 13 9 5 11 11 3 5 6 14 0 15 15 0 13 13 1 11 15 0 1 2 2 3 2 2 15 0 15 0 5 15 4 1 10 11 11 10 11 11 11 10 12 9 11 10 12 12 12 12 9 9 11 9 10
8 11 10 14 14 8 14 13 14 0 0 13 15 1 1 1 1 9 3 15 3 5 5 6 7 7 2 2 0 2 2 2 2 3 1 3 9 3 15 2 9 9 9 6 11 11 4 3 11 10 14 14 3 15 13 6 9 0 7 0 1 1 1 4 0 3 15 3 5 5 6 0 7 2 10 10 10 11 10 11 10 10 10 9 12 10 10 10 11 9 9 11 11 12 11
10 0 8 0 14 13 0 13 15 10 0 11 0 1 1 0 10 14 11 0 3 11 6 6 1 6 14 10 1 12 2 8 3 1 3 9 9 9 2 11 9 6 9 2 11 4 11 10 0 14 14 7 5 15 13 6 4 0 2 0 11 1 3 3 3 15 15 3 1 3 6 1 6 3 10 12 12 12 11 10 10 10 11 10 11 9 12 9 9 9 10 10 9 9 12
13 14 0 9 12 0 0 13 0 11 15 15 0 0 1 15 1 15 0 3 8 12 4 4 15 7 15 10 10 8 12 3 12 2 3 11 2 9 11 9 9 9 9 9 2 2 3 15 14 15 8 8 0 4 13 6 2 11 11 0 15 1 15 0 15 0 3 3 6 4 4 5 7 15 10 10 10 11 10 11 11 11 11 10 10 11 2 9 9 11 9 10 9 10 9
13 8 8 12 12 0 9 13 15 15 15 9 11 11 12 1 15 13 3 3 9 15 0 15 7 1 1 11 12 1 11 3 2 11 2 2 2 9 9 9 9 7 13 9 11 0 13 13 8 8 12 12 14 3 13 3 0 15 2 11 1 7 1 7 5 3 3 2 5 0 2 7 1 1 10 10 10 11 10 11 11 11 10 10 10 12 9 11 9 9 9 9 11 11 11
12 8 0 10 0 8 13 11 15 10 10 11 11 1 1 11 8 0 0 0 3 1 6 7 1 6 1 1 15 8 1 3 12 11 2 11 9 2 9 9 11 4 9 13 11 11 2 11 10 0 10 0 9 13 11 13 1 4 11 11 15 1 15 15 15 0 15 3 3 6 7 1 6 11 10 2 11 11 11 10 11 10 11 10 11 9 11 11 11 10 10 11 11 10 10
11 13 14 13 0 15 13 15 15 11 10 10 14 1 1 1 1 10 2 3 0 4 7 6 6 5 0 11 11 2 2 10 2 2 11 13 1 2 1 9 3 7 9 9 7 11 1 2 3 14 3 0 15 3 13 0 3 11 11 0 0 1 1 7 0 0 3 0 4 7 6 6 5 0 11 11 11 10 11 10 11 11 11 11 10 10 9 9 11 9 10 11 11 9 9
10 8 9 8 8 9 9 9 11 15 11 15 11 1 1 1 15 2 0 2 3 11 1 7 1 6 13 9 10 1 0 2 12 2 11 3 9 3 13 13 13 13 13 9 15 9 9 13 8 14 8 8 12 9 13 11 7 11 3 11 1 1 1 15 2 3 1 15 2 1 2 15 6 15 10 10 10 11 10 11 11 11 10 10 10 11 9 12 10 11 11 11 9 11 12
14 14 10 13 0 9 15 15 9 15 10 15 15 1 1 1 1 8 3 3 3 5 5 5 13 5 4 2 3 3 3 10 3 1 2 11 2 13 15 11 13 1 9 9 0 3 15 11 2 10 1 0 11 5 0 9 13 11 6 11 1 1 1 1 15 3 3 3 15 5 5 15 5 4 10 10 10 11 10 11 11 11 11 11 11 10 11 10 11 10 11 9 12 12 9
11 11 11 11 12 14 11 13 15 0 11 0 11 13 1 1 8 15 3 14 0 9 15 0 6 0 13 1 11 10 3 3 10 11 15 2 11 3 3 9 2 9 4 0 1 11 0 1 11 10 5 4 4 7 13 1 0 0 11 11 15 15 1 0 15 4 15 0 5 15 0 6 0 3 11 11 11 10 11 10 11 10 12 11 9 9 9 9 10 12 12 12 11 9 9
11 9 15 15 14 10 12 13 13 15 15 14 8 14 1 9 0 8 2 2 9 15 5 5 0 7 0 9 10 11 11 8 3 0 3 9 2 9 1 3 9 6 13 11 5 11 4 11 1 14 15 1 7 2 13 13 0 15 11 2 1 1 15 7 6 2 2 15 0 5 5 0 1 0 10 10 10 11 10 11 9 9 10 10 10 10 11 10 10 10 11 9 11 11 12
11 12 10 0 11 15 13 10 0 8 12 11 11 11 1 12 14 2 2 11 1 1 9 9 7 15 1 11 15 11 12 2 8 2 9 3 3 0 15 9 9 6 9 2 11 11 6 11 12 2 0 11 11 13 4 4 3 11 11 11 11 2 15 4 2 15 2 1 4 6 3 6 15 1 11 11 11 10 11 10 12 10 9 11 11 11 11 11 9 12 9 9 9 9 9
12 11 14 9 0 9 11 0 9 10 9 9 11 1 1 1 1 14 3 3 3 4 4 4 0 4 4 10 3 0 3 8 3 10 1 3 11 13 9 2 9 5 9 5 5 11 15 15 2 14 11 4 15 15 0 9 9 6 7 11 1 1 1 1 4 3 15 2 5 4 4 0 4 5 10 10 10 11 10 11 10 10 11 11 10 11 10 11 10 12 11 9 10 11 10
15 15 14 8 11 9 15 13 13 14 15 8 8 0 1 1 13 2 3 10 12 0 9 15 6 1 1 10 1 0 2 10 2 9 13 11 3 9 9 3 9 9 4 11 1 11 1 15 15 14 0 6 5 1 13 13 15 11 15 0 5 4 1 0 1 3 5 0 0 15 15 6 15 1 10 10 10 11 10 11 10 11 10 10 11 11 10 11 9 11 11 12 11 12 12
0 0 14 11 0 14 9 10 15 9 11 14 14 1 1 1 9 13 1 1 3 15 6 6 15 7 14 14 10 9 14 2 12 15 3 11 13 11 13 2 9 11 9 9 2 1 2 0 0 14 11 6 7 0 11 9 9 11 3 11 1 2 1 1 1 1 1 3 15 15 6 15 7 3 10 10 10 11 10 11 11 11 11 11 11 10 12 9 11 9 9 10 11 9 9
