11 0 9 12 0 14 14 11 13 9 8 11 1 10 1 1 14 2 3 15 0 13 0 15 7 15 1 14 15 10 3 11 2 9 11 3 1 3 2 12 1 12 5 10 11 5 9 3 9 0 9 5 9 9 7 2 4 9 12 0 14 14 2 1 13 3 1 1 3 11 11 1 2 3 7 0 0 0 15 7 15 15 0 15 10 11 10 11 1 12 11 9 10 11 10 12 11 9 10 11 10 10 10 10 11 9 12 9 10 11
12 8 12 0 0 0 9 13 0 15 13 13 12 15 1 15 11 0 2 2 1 1 4 4 15 7 11 9 9 13 1 3 1 3 3 0 2 3 9 9 10 11 12 8 11 0 9 2 9 2 13 13 11 4 11 5 11 15 0 0 14 0 15 0 15 13 3 11 11 5 15 11 0 3 2 1 3 4 4 6 5 1 5 15 11 10 3 10 10 9 9 12 9 9 9 9 11 11 11 10 11 10 2 9 10 11 11 10 11 9
10 12 10 14 12 9 13 9 15 9 10 15 1 15 1 0 15 15 3 0 3 0 13 9 13 7 1 0 3 3 11 2 3 3 10 10 2 10 11 0 10 6 10 4 2 9 6 9 0 9 11 9 13 6 13 7 0 8 14 2 14 12 8 15 9 15 2 3 7 11 2 1 0 3 0 3 0 5 0 0 7 0 6 3 11 11 10 10 0 9 9 9 10 12 11 9 11 10 10 12 9 10 10 11 9 11 9 10 12 12
13 0 11 11 9 10 10 13 15 13 13 10 15 0 0 0 15 10 3 3 3 8 14 11 7 1 1 0 1 14 10 11 2 2 9 1 3 2 12 11 5 6 14 10 6 13 13 13 9 9 15 9 9 1 11 4 0 11 11 14 5 7 3 0 13 13 3 2 11 15 0 1 1 3 3 7 1 3 6 15 5 1 0 1 11 10 10 11 11 10 15 12 11 11 11 10 12 11 10 12 12 12 10 9 9 11 11 9 10 11
11 11 11 0 10 0 14 14 15 10 8 10 10 11 9 1 0 3 3 9 14 12 15 1 6 11 1 13 1 10 14 2 14 1 3 1 11 15 9 0 12 6 10 10 11 7 9 1 13 9 9 9 4 9 13 11 1 11 0 10 3 7 4 7 15 13 13 15 11 1 1 15 3 3 15 6 2 15 1 6 1 7 2 1 10 11 2 11 12 11 12 9 10 9 9 11 11 10 11 10 10 10 10 11 12 9 10 9 9 12
9 8 11 12 13 8 8 10 9 11 15 0 15 15 11 9 1 3 3 0 0 13 10 12 7 0 1 1 11 10 2 13 2 9 12 1 12 3 10 10 7 4 10 9 6 2 9 9 9 0 9 9 9 11 11 3 3 11 12 15 11 4 3 9 11 2 4 3 1 11 15 0 3 3 0 0 2 2 1 6 0 0 1 15 10 11 10 11 6 12 10 11 11 10 10 10 10 11 11 12 8 9 3 9 3 9 11 10 9 11
14 13 14 11 12 13 8 10 0 0 13 15 1 1 1 9 13 2 3 8 12 0 11 1 0 6 10 15 2 3 9 1 3 9 2 1 3 9 3 2 10 4 8 7 13 7 9 9 9 11 13 9 11 5 11 1 4 1 11 12 13 7 2 0 0 13 4 6 11 11 3 11 2 3 1 2 0 3 15 0 6 1 4 2 3 9 10 11 10 10 10 11 10 10 10 10 11 0 12 12 10 12 9 9 11 11 9 11 11 11
13 0 13 12 11 15 10 15 15 13 11 15 15 1 1 1 1 1 3 3 4 4 7 6 5 0 9 2 2 1 9 3 2 13 3 11 2 13 10 13 6 12 7 9 3 11 9 9 13 0 11 13 9 9 1 2 11 3 12 11 2 4 3 4 13 1 0 0 1 11 11 1 1 3 3 4 4 7 1 5 0 7 2 3 10 11 14 12 10 11 11 10 11 10 10 12 12 10 10 12 11 9 9 12 11 11 11 9 9 9
13 11 14 11 11 8 8 14 15 11 13 15 12 11 11 12 9 0 9 3 0 12 7 7 10 6 13 1 0 13 3 13 2 9 3 2 3 11 15 14 11 10 6 9 9 3 3 13 0 13 11 9 7 9 2 11 11 14 11 11 8 8 2 0 13 1 6 4 11 11 11 7 0 3 3 15 6 7 7 15 1 2 1 5 11 10 10 11 10 11 15 12 11 12 12 10 10 11 12 9 11 10 13 10 15 12 11 10 11 9
9 13 10 10 11 15 12 15 15 13 15 0 11 11 1 8 15 8 0 2 10 7 4 4 9 4 4 3 3 10 11 3 1 2 3 2 3 10 14 10 11 12 4 3 11 11 9 15 15 13 1 13 2 7 7 9 13 2 10 11 15 1 1 15 13 3 0 6 11 11 11 5 2 0 2 2 7 4 4 3 4 4 0 3 10 11 8 11 11 10 10 11 0 9 10 11 11 10 10 11 11 11 6 12 4 11 11 10 9 12
15 0 12 12 10 14 0 14 10 0 15 13 14 15 1 1 8 2 3 15 13 14 14 15 7 1 0 15 1 15 9 2 15 2 9 9 3 3 12 2 8 5 12 6 2 11 13 13 15 15 15 9 11 2 2 15 0 4 6 4 10 0 5 7 0 1 2 2 15 11 1 11 0 3 15 4 2 15 15 7 1 6 15 15 3 9 10 11 11 10 10 10 10 12 9 11 10 11 10 12 10 11 2 11 3 12 9 11 11 10
15 11 15 11 11 10 14 13 9 14 13 13 8 1 11 1 0 14 2 2 3 4 4 4 3 4 4 2 15 2 3 3 2 11 3 9 1 2 10 11 3 12 4 12 11 5 9 11 9 11 9 0 9 4 6 11 11 15 11 11 10 1 7 1 6 13 13 1 1 11 1 0 1 2 2 3 3 4 4 15 4 7 2 3 3 10 12 11 11 10 10 11 11 11 11 9 12 11 11 11 10 10 12 11 9 11 10 10 11 11
13 11 13 9 10 10 12 8 13 9 0 8 10 1 1 1 1 0 14 2 2 5 5 5 7 6 3 2 0 3 3 3 2 3 11 11 3 11 11 12 11 10 5 12 5 9 4 7 5 13 4 4 9 9 11 0 6 4 10 2 10 14 0 13 0 6 15 2 3 1 11 6 5 15 2 7 5 5 5 7 4 1 2 0 10 11 14 11 12 11 11 10 11 11 11 11 10 11 10 14 9 9 11 10 12 10 10 9 9 9
9 10 10 10 8 14 10 12 15 9 15 0 0 1 1 11 0 3 2 3 15 13 0 7 1 6 0 1 15 3 3 10 2 9 3 9 9 11 12 3 8 5 12 12 11 9 7 13 13 6 9 9 7 6 1 11 0 11 2 4 14 10 5 11 9 9 0 13 11 1 11 0 3 5 3 7 7 0 15 0 6 1 1 2 15 9 10 11 10 10 10 11 10 12 9 11 9 11 11 11 10 12 10 12 10 10 12 12 11 12
10 13 0 8 10 10 12 11 8 10 9 9 15 11 1 0 13 8 3 2 8 5 7 4 4 4 0 8 12 11 2 0 13 2 11 9 3 15 14 11 9 10 4 10 7 3 13 0 13 11 13 3 13 13 1 5 4 15 6 10 15 2 11 6 6 9 9 0 6 11 0 0 0 6 2 7 3 0 4 4 4 0 4 1 11 10 1 9 10 11 11 10 3 12 11 10 10 10 10 11 9 12 10 10 11 12 10 11 11 9
8 11 8 10 0 15 12 15 15 13 15 15 15 1 11 1 9 14 3 2 15 2 6 4 12 3 7 1 15 2 2 13 3 11 2 13 2 13 3 15 11 8 6 10 5 11 13 9 11 0 9 13 5 15 11 0 11 2 11 14 15 1 0 0 13 0 15 6 1 11 11 11 15 5 2 15 2 4 3 0 3 7 0 2 10 10 10 10 10 14 10 11 10 10 9 6 9 5 10 4 12 11 10 10 11 11 9 11 12 11
11 11 11 11 14 14 8 9 0 0 9 15 1 0 1 13 15 13 15 15 0 15 0 12 6 12 14 0 10 11 11 11 9 2 15 0 11 11 11 12 11 12 4 8 0 9 0 3 13 3 13 11 9 7 1 0 3 11 11 14 11 6 6 0 15 9 9 1 0 11 11 4 6 3 2 15 15 0 2 1 1 4 1 5 11 10 11 9 2 10 14 12 11 11 12 9 12 12 10 9 9 10 10 11 11 9 9 12 12 9
10 8 11 14 11 12 9 13 15 10 13 0 11 15 15 1 1 2 3 15 13 0 14 0 7 9 15 1 15 0 9 3 2 9 3 3 13 11 0 14 9 9 10 5 9 9 3 6 9 13 13 13 11 1 11 1 0 15 15 11 10 5 3 0 1 13 0 15 1 11 11 1 11 3 5 3 2 3 15 7 1 15 1 15 0 9 10 11 11 11 11 10 11 10 12 11 9 10 11 11 11 12 10 9 11 11 9 11 9 9
15 15 9 14 0 14 14 15 0 15 13 9 11 1 15 13 9 2 9 13 3 15 6 7 6 1 1 0 1 1 9 9 9 8 10 2 9 9 12 11 11 12 4 13 3 6 13 9 9 9 9 15 1 13 0 11 2 0 14 0 10 14 5 13 15 13 4 11 15 11 2 0 2 3 2 3 15 6 7 0 1 1 0 1 11 11 11 10 11 10 11 10 12 9 11 10 12 9 12 11 10 11 9 9 9 9 10 11 11 12
11 0 0 0 14 0 9 14 9 13 12 15 1 11 1 1 1 2 2 0 11 0 13 10 7 15 9 1 0 15 2 3 13 0 2 9 13 3 11 10 10 4 10 5 11 11 9 9 0 9 3 3 13 13 5 11 15 0 0 14 2 3 1 2 13 0 0 11 11 1 1 0 3 2 15 15 0 1 2 7 1 0 0 6 11 11 3 12 0 11 9 10 10 10 10 10 10 11 10 11 9 11 9 10 9 9 11 12 9 11
9 11 15 15 8 14 15 0 11 9 13 0 1 11 1 1 15 13 13 3 9 13 11 15 7 15 13 1 10 14 9 2 2 0 15 3 13 3 9 9 15 10 5 12 11 15 13 9 9 13 7 9 9 4 2 3 11 15 15 2 14 15 2 3 1 13 0 1 11 11 4 15 2 3 3 3 1 0 15 7 0 5 1 0 1 10 12 11 10 12 11 11 9 9 9 11 11 10 12 9 12 10 10 10 11 11 9 9 11 11
9 9 14 14 14 15 11 15 14 15 0 15 0 15 1 0 8 15 0 3 11 6 6 7 4 6 1 2 2 11 2 2 2 3 9 3 11 12 9 8 9 14 10 10 2 9 3 9 0 9 11 9 13 13 7 0 11 15 14 15 14 14 15 0 13 2 9 15 0 1 0 4 7 3 15 5 7 6 7 4 4 1 15 2 11 10 10 11 7 9 11 11 12 10 9 11 11 11 11 10 11 15 12 11 11 11 10 11 9 10
0 9 13 0 13 15 11 15 15 13 13 14 15 15 11 1 14 15 3 3 11 0 13 11 6 1 13 9 0 0 13 3 2 0 9 3 9 2 0 0 10 4 12 12 5 11 0 3 9 2 11 11 9 9 1 3 15 15 11 10 15 15 6 0 13 13 7 15 11 15 15 1 15 3 3 2 15 7 15 6 15 6 0 0 10 12 14 10 0 9 1 9 9 9 9 10 11 9 11 10 10 11 10 11 10 11 9 9 10 10
0 15 15 8 12 10 8 15 0 0 0 15 8 1 1 1 1 9 2 2 3 4 5 5 3 4 7 3 3 13 2 9 2 13 2 3 2 2 0 13 9 14 5 3 0 4 15 0 4 5 13 13 6 13 5 0 5 15 3 3 10 1 15 0 6 1 0 1 1 1 11 1 11 2 2 3 4 5 5 3 4 6 3 3 1 11 9 10 10 11 11 9 11 12 10 9 4 11 3 12 4 12 12 10 11 11 9 11 11 5
9 11 13 8 0 15 8 15 0 13 0 9 0 11 1 13 14 8 15 12 0 8 9 13 6 11 0 15 13 15 3 3 11 3 9 11 3 3 12 11 11 12 6 6 5 9 15 9 1 13 0 3 15 9 9 15 11 13 8 0 0 5 0 15 13 0 7 0 11 11 2 1 1 0 5 2 5 2 0 6 3 0 15 1 10 10 11 11 3 12 12 11 11 12 10 11 11 9 12 9 9 11 11 11 10 11 9 10 12 11
9 11 13 0 10 11 12 8 15 9 13 10 15 1 1 11 0 14 11 3 9 4 4 7 6 7 0 3 2 15 9 2 1 3 1 13 13 2 2 12 1 3 8 2 2 1 13 13 9 11 9 5 5 11 15 9 11 0 0 10 11 8 8 0 9 13 5 2 11 11 11 15 15 1 3 15 4 4 7 6 7 3 15 2 15 9 10 11 11 11 2 11 5 2 9 10 11 11 11 11 9 9 9 11 11 11 9 11 11 12
15 15 11 14 15 13 15 13 8 8 9 12 10 15 8 1 0 3 3 15 0 4 4 13 6 1 1 8 0 13 10 1 3 11 9 9 3 3 15 1 4 6 8 4 12 11 2 9 9 15 2 6 13 15 3 0 3 2 6 7 10 15 6 5 7 6 15 4 0 2 11 0 11 3 0 1 4 15 0 5 0 3 0 15 13 10 10 11 10 9 9 10 9 10 10 4 10 4 10 12 12 12 11 9 9 10 11 9 9 11
9 13 0 11 10 0 0 14 0 15 8 15 11 1 1 0 13 2 1 2 8 15 7 6 1 6 9 1 1 2 9 2 2 11 2 11 2 1 9 9 11 10 2 8 9 3 15 11 3 13 13 4 9 7 0 9 9 0 11 10 1 0 0 1 0 13 6 15 11 11 0 0 2 3 2 2 15 0 4 4 15 0 1 1 7 12 11 12 11 12 12 11 9 9 9 11 10 10 11 10 11 10 11 9 11 10 10 11 9 11
11 10 0 13 14 12 11 9 15 9 15 0 1 15 1 14 10 8 3 3 3 10 7 7 14 7 12 13 15 3 2 0 3 0 2 10 2 2 14 10 9 4 10 11 13 11 11 9 1 6 7 13 4 11 0 11 4 7 10 4 8 8 0 15 9 9 0 1 11 1 15 3 5 3 3 4 4 15 2 5 7 15 7 0 11 12 15 11 0 11 10 11 10 11 10 11 4 10 12 9 10 11 11 9 11 11 11 10 11 12
13 11 11 0 8 15 0 14 14 13 0 15 13 11 1 0 11 2 2 15 14 1 1 14 7 8 0 1 9 9 11 11 2 0 11 11 2 15 11 9 9 10 5 14 13 0 9 1 13 13 6 9 9 2 4 6 11 1 0 14 15 0 0 3 13 0 15 6 11 11 1 11 2 2 15 15 1 1 4 7 7 0 1 0 10 11 11 10 0 9 10 10 11 11 2 9 10 11 10 11 11 10 9 12 9 9 9 11 10 10
