14 15 9 15 8 8 13 15 11 8 9 0 13 9 1 13 0 11 11 3 11 3 0 15 15 4 7 0 0 4 4 3 14 15 15 1 11 11 15 9
0 12 7 0 8 14 9 14 8 14 13 0 0 0 1 13 15 1 2 1 11 3 0 15 2 5 3 4 4 3 3 14 7 3 0 14 3 6 9 7
15 14 15 14 10 0 11 13 14 8 8 15 9 0 1 9 11 0 3 1 11 3 15 15 2 7 5 4 15 15 0 4 0 2 8 3 10 2 11 2
10 12 7 7 15 11 0 10 10 0 13 10 15 1 9 15 9 2 1 2 11 2 15 15 4 2 0 2 1 15 14 7 0 1 15 6 9 11 11 15
7 0 15 0 7 15 12 14 11 14 14 14 0 0 15 1 13 15 2 0 11 3 0 1 7 15 2 15 5 2 15 14 4 15 15 11 12 14 9 5
0 11 9 7 13 9 14 9 14 15 11 9 11 15 1 9 11 3 2 3 11 0 5 4 5 7 3 15 3 3 0 14 14 5 15 13 13 9 4 11
0 7 8 13 0 0 11 10 8 12 14 15 11 1 1 9 11 15 3 0 2 11 1 1 1 2 6 0 1 15 7 7 1 2 13 13 11 13 15 5
7 0 11 7 15 10 0 13 15 11 14 0 0 1 13 1 9 3 1 3 11 3 3 5 15 7 15 0 3 5 3 0 14 5 1 11 13 2 8 9
8 9 15 15 11 13 10 8 14 0 13 11 0 9 1 9 9 13 0 3 1 11 1 6 4 0 6 3 15 15 3 2 0 3 7 9 9 15 13 9
14 9 0 11 7 13 12 10 0 0 14 15 0 15 1 9 13 2 2 3 11 15 4 6 6 5 7 15 3 6 4 0 2 15 15 1 12 1 14 15
11 10 11 10 13 8 0 10 12 11 15 13 11 15 1 9 1 1 0 3 11 1 2 4 3 3 0 6 2 5 7 15 6 3 6 10 9 7 6 5
10 0 15 10 12 13 15 13 14 9 10 13 9 1 1 9 1 15 3 2 11 15 15 2 1 4 2 6 3 2 6 15 5 14 15 0 3 9 10 2
4 7 8 7 0 15 14 13 14 0 11 15 15 15 9 1 15 0 2 11 0 3 7 6 15 5 2 15 2 2 4 6 3 14 11 11 1 11 2 11
14 10 8 9 9 15 15 13 8 13 0 8 11 15 1 9 0 11 3 3 11 2 15 2 3 5 3 15 3 0 14 7 2 0 5 9 8 5 0 12
0 10 10 9 10 14 14 15 14 12 9 12 15 13 1 1 9 3 3 0 0 11 0 2 2 5 15 7 7 1 5 14 0 8 13 10 6 11 1 15
10 3 7 8 11 13 11 11 12 9 11 14 1 1 1 0 13 15 15 3 11 0 0 3 1 0 6 7 5 0 14 3 3 0 0 1 0 9 15 7
7 0 15 7 10 13 10 9 12 9 13 15 1 1 11 9 15 1 3 1 11 2 15 7 1 5 0 1 2 5 4 0 1 3 6 9 15 9 6 1
15 11 14 7 12 0 0 13 8 14 13 12 8 0 1 11 13 0 2 1 11 1 15 7 1 4 5 4 3 3 14 6 0 15 0 11 1 9 4 15
7 12 7 7 15 8 0 15 13 8 14 15 15 13 1 13 13 15 1 3 11 2 0 7 4 6 6 7 2 1 14 14 1 13 7 11 11 9 12 12
11 15 10 7 15 15 14 12 14 11 11 15 15 1 9 1 9 15 2 15 11 1 2 7 0 0 7 4 1 3 3 0 15 15 15 9 3 9 2 0
13 7 9 8 11 0 0 14 8 11 10 0 11 1 1 13 9 1 15 3 11 2 2 3 0 7 15 0 0 5 7 6 1 2 2 12 9 1 9 9
0 10 0 8 0 13 14 14 10 13 8 15 9 1 1 9 15 2 3 0 11 0 0 0 4 7 5 15 2 0 1 7 0 1 13 12 13 11 3 15
0 7 10 7 9 0 0 15 14 8 13 11 9 9 1 11 13 0 2 15 11 0 3 7 3 5 3 4 1 1 0 6 2 3 15 11 13 6 9 12
8 7 14 9 12 9 14 0 8 0 14 15 9 1 15 1 13 15 3 2 11 3 15 7 4 7 0 5 3 1 6 0 0 2 1 1 15 9 4 1
11 14 9 8 12 12 8 9 10 10 8 8 15 1 13 11 9 0 3 1 11 0 0 3 5 6 5 0 15 3 14 14 15 15 0 1 15 11 4 1
11 8 13 11 7 12 0 15 0 14 14 10 15 1 9 1 9 11 2 11 11 11 1 7 3 4 0 3 0 7 6 7 7 14 8 11 13 2 7 5
3 3 0 14 7 8 8 14 15 9 8 0 15 1 13 11 9 13 3 15 11 15 4 7 0 7 15 1 15 5 7 0 14 0 2 1 11 12 7 8
7 8 11 0 0 13 10 9 9 13 12 15 0 13 1 15 9 11 3 3 11 1 3 15 2 2 4 1 2 0 2 14 1 0 6 0 12 11 0 12
7 10 10 10 13 11 12 13 15 8 9 10 15 1 1 0 13 11 3 11 3 11 3 1 7 6 7 15 0 1 2 5 15 5 0 4 1 0 6 0
12 15 15 10 13 9 10 8 8 15 10 9 11 1 15 13 0 15 3 15 11 2 15 1 1 2 0 3 2 1 5 14 3 13 1 11 13 11 9 11
