3 8 10 10 15 11 9 8 11 8 12 9 1 1 14 1 13 9 3 13 2 2 0 4 11 15 6 2 4 7 5 7 7 7 0 2 14 4 4 11 9 2 7 8 3
15 4 15 0 0 14 9 8 15 15 12 8 1 1 14 1 13 15 9 2 0 1 2 4 11 7 4 2 6 0 1 7 15 2 7 6 1 15 15 15 12 5 11 13 4
13 11 8 7 0 0 11 11 12 8 9 15 13 12 1 12 0 9 3 15 9 1 7 15 7 11 0 7 5 7 6 4 2 5 2 14 4 1 6 11 11 10 7 15 7
0 15 7 10 7 12 8 9 10 11 15 9 0 1 1 12 9 15 3 0 9 11 7 4 11 7 6 5 15 0 15 1 3 0 14 4 3 3 8 9 12 9 14 11 0
13 4 10 7 12 14 15 11 12 8 8 11 14 10 1 10 15 15 3 9 1 2 4 7 11 15 15 4 15 3 4 1 2 4 3 0 1 5 1 4 11 15 11 0 7
7 11 7 0 12 11 10 14 14 14 10 11 0 1 1 8 9 1 9 2 0 13 4 7 11 5 1 5 7 0 15 5 6 3 14 1 14 1 14 11 10 10 12 9 5
13 15 11 7 12 0 15 12 12 15 13 12 0 1 8 1 1 1 3 9 11 0 11 15 5 11 6 15 1 2 5 5 7 1 5 1 15 13 2 9 12 12 9 9 3
13 14 13 7 8 0 13 8 15 0 12 0 8 1 12 12 0 13 3 9 11 15 1 5 11 0 2 7 5 6 0 2 15 5 2 0 6 15 8 10 7 13 1 2 14
15 0 9 7 7 10 0 13 15 9 12 8 11 12 1 12 14 15 3 9 2 3 0 5 11 0 3 3 6 0 3 15 3 1 0 3 3 14 3 8 10 6 13 9 14
11 11 13 15 7 12 9 8 14 10 9 13 12 9 1 14 0 1 2 15 9 3 0 7 11 15 3 6 1 7 0 4 5 1 14 2 6 1 1 10 7 12 1 0 4
7 15 14 12 0 15 13 10 13 15 0 15 8 1 1 10 1 15 0 2 9 0 6 4 11 2 6 15 5 15 4 4 6 15 1 2 0 14 8 14 11 11 3 9 15
13 3 15 14 8 12 12 8 10 0 11 10 13 1 10 1 13 13 9 3 13 2 2 4 4 11 7 0 3 7 5 6 3 2 3 5 3 8 4 6 1 12 14 1 13
13 14 12 7 9 12 11 11 11 0 8 0 10 14 1 12 11 2 2 9 3 11 3 4 11 4 6 15 7 7 5 4 2 2 4 1 1 0 8 11 7 0 11 2 4
7 8 10 7 15 14 8 8 11 8 13 0 11 8 1 0 0 15 3 9 2 3 7 7 11 3 7 2 6 3 2 3 7 2 2 14 0 2 13 9 1 9 9 1 4
11 7 8 13 14 13 0 0 9 0 0 14 0 1 8 1 9 1 0 13 3 0 15 7 11 15 6 4 7 7 1 3 5 6 1 5 3 6 9 9 9 15 11 1 9
0 12 9 9 15 8 10 8 8 12 13 10 15 11 1 14 15 11 2 9 13 1 4 5 11 5 15 5 3 5 0 5 4 15 0 7 1 7 4 12 1 10 11 14 1
7 10 11 7 15 10 14 14 10 13 9 14 11 14 1 12 10 9 0 3 9 0 3 11 7 0 4 6 7 1 0 15 5 0 14 15 14 2 2 11 12 11 11 4 0
0 0 11 15 8 14 12 12 0 14 12 12 14 1 12 14 10 9 3 13 15 3 15 6 11 7 2 6 5 0 0 0 4 1 1 3 1 1 3 9 1 13 9 14 13
7 0 15 10 13 0 9 9 14 0 15 13 15 14 1 8 14 11 9 2 13 3 7 5 11 3 5 15 1 15 4 4 6 15 2 14 5 0 2 2 12 9 10 15 3
9 9 7 8 12 9 12 12 11 12 12 10 12 1 8 1 13 11 11 9 2 2 1 7 11 7 1 3 7 15 4 3 6 2 5 4 2 15 5 12 11 13 9 14 11
14 7 7 7 13 14 14 0 9 8 0 15 9 8 1 12 15 0 11 3 9 11 6 7 11 6 5 4 4 0 0 0 6 14 14 0 15 14 13 9 9 10 3 15 15
7 13 11 0 12 8 8 8 8 9 10 15 11 1 14 1 15 9 11 2 13 15 6 7 11 7 5 1 1 15 0 1 0 15 14 5 4 15 1 12 1 2 11 4 1
9 13 11 10 12 0 14 15 12 9 14 10 9 14 1 14 8 9 2 13 2 11 11 7 11 0 3 0 4 15 15 5 0 6 15 1 15 14 13 9 8 12 7 11 15
15 11 14 7 8 13 0 10 15 10 12 9 12 8 1 10 11 1 2 13 0 11 7 4 11 6 7 5 7 3 15 7 5 0 5 2 6 13 6 13 11 3 11 7 14
0 13 14 7 9 12 0 11 14 8 10 10 15 15 1 8 13 13 3 0 13 9 3 4 4 0 7 3 15 0 4 15 2 2 14 1 14 1 10 11 11 10 4 2 2
15 15 8 15 8 9 14 11 10 0 15 13 0 1 8 1 9 9 13 2 9 1 5 6 11 4 15 7 0 2 7 6 5 15 2 1 14 0 5 11 12 11 9 11 12
0 11 8 13 7 14 10 12 13 14 14 15 9 1 1 8 0 3 2 9 11 15 2 4 11 0 4 5 6 3 15 1 4 15 14 14 0 1 15 9 13 9 13 2 4
7 15 7 9 15 0 13 10 14 14 10 8 8 10 1 10 9 15 11 13 3 1 2 7 11 4 7 0 0 7 15 6 1 15 5 0 5 7 7 12 12 10 13 3 0
9 15 7 14 10 9 13 9 12 8 9 10 10 13 1 12 11 0 9 2 1 2 0 6 11 5 1 7 15 5 1 6 6 5 3 3 15 1 0 11 12 11 1 11 4
14 15 0 7 8 11 11 14 14 10 9 12 12 1 15 12 0 11 2 9 3 15 4 7 11 6 2 2 6 5 0 5 3 15 0 15 14 1 14 12 13 10 0 10 9
