n,sample_index,max_fidelity,ttime,cpu_time,generations
8,0,0.9916298338613176,35.00000000,32.89805126,11
8,1,0.9909751659868448,35.00000000,7.87427664,10
8,2,0.991977684021365,35.00000000,9.48669147,12
8,3,0.9903203261476216,35.00000000,7.93043280,10
8,4,0.9914640257845323,36.00000000,9.45866227,12
8,5,0.9922607703746584,35.00000000,11.10912967,14
8,6,0.9926346488030354,35.00000000,9.48829007,12
8,7,0.9919961467035717,35.00000000,7.93594837,10
8,8,0.9905375177372098,36.00000000,7.94514441,10
8,9,0.9903224975201996,35.00000000,8.73655438,11
8,10,0.9910464816241433,37.00000000,6.31039500,8
8,11,0.993946082265266,35.00000000,7.91860437,10
8,12,0.9909465201803719,39.00000000,11.92819095,15
8,13,0.9909942575067472,35.00000000,7.89850235,10
8,14,0.9906022079942194,36.00000000,8.66536117,11
8,15,0.9909990214513169,35.00000000,7.98512912,10
8,16,0.9910475443479893,35.00000000,9.52223063,12
8,17,0.9902571948647125,36.00000000,8.00569677,10
8,18,0.9909055510601888,40.00000000,12.82632709,16
8,19,0.9935192411115209,35.00000000,7.90408778,10
8,20,0.9913042721924201,35.00000000,8.69553804,11
8,21,0.9906427328696505,35.00000000,6.34894609,8
8,22,0.9934150395290202,35.00000000,8.74437475,11
8,23,0.992441643692169,35.00000000,9.52076125,12
8,24,0.9913470299954966,35.00000000,7.91566300,10
8,25,0.99396113402972,36.00000000,7.90766311,10
8,26,0.9906776557634769,35.00000000,8.72822046,11
8,27,0.9909243328705435,35.00000000,10.32170939,13
8,28,0.9913409858250456,35.00000000,7.92493916,10
8,29,0.990172368052217,35.00000000,8.70947933,11
9,0,0.9911701341578597,39.00000000,9.05518579,11
9,1,0.9905400866903884,39.00000000,9.04792809,11
9,2,0.9900416149604262,39.00000000,9.06969476,11
9,3,0.9909718632549964,40.00000000,9.90379477,12
9,4,0.9902713505479035,39.00000000,9.97679758,12
9,5,0.9913080743759608,44.00000000,11.63415718,14
9,6,0.9912316115179078,41.00000000,7.45295191,9
9,7,0.9909596789396286,39.00000000,10.80171657,13
9,8,0.9931668130602441,39.00000000,10.83387637,13
9,9,0.9926490977417893,39.00000000,10.00960636,12
9,10,0.9915400356550907,39.00000000,9.16931772,11
9,11,0.9914831420684648,39.00000000,10.02980423,12
9,12,0.9907612725793397,39.00000000,9.16568112,11
9,13,0.9907530121925167,39.00000000,11.80820203,14
9,14,0.9910247982044439,44.00000000,11.68783331,14
9,15,0.9904475358625221,39.00000000,10.00982094,12
9,16,0.9905355511588702,39.00000000,11.77285957,14
9,17,0.9919201160713108,40.00000000,10.91929698,13
9,18,0.9932039635523856,39.00000000,9.97125840,12
9,19,0.9918023498239091,41.00000000,10.91488338,13
9,20,0.991560640786264,41.00000000,9.18807268,11
9,21,0.9904672883521854,39.00000000,10.01252866,12
9,22,0.9906923049710757,39.00000000,10.16816568,12
9,23,0.990506718790315,39.00000000,10.10706639,12
9,24,0.9910160244447206,43.00000000,10.97076654,13
9,25,0.9930831200060267,39.00000000,11.96830583,14
9,26,0.9907827697305076,40.00000000,8.42798901,10
9,27,0.9912265432764878,42.00000000,10.93276739,13
9,28,0.9918195366702683,39.00000000,9.26169348,11
9,29,0.9905787178611347,39.00000000,9.25625896,11
10,0,0.9797901391849932,49.00000000,119.42680216,104
10,1,0.9816556250430216,50.00000000,136.69989419,108
10,2,0.9812072643167832,50.00000000,117.87820244,107
10,3,0.9811738498975509,50.00000000,151.21145129,118
10,4,0.9835715957540785,50.00000000,129.31935477,107
10,5,0.9823911495007995,50.00000000,114.49553776,100
10,6,0.9802582219715688,50.00000000,126.84655428,107
10,7,0.9809778351762648,50.00000000,138.55552149,110
10,8,0.9802227791115194,50.00000000,136.01230955,104
10,9,0.9784700314631836,50.00000000,114.11439395,95
10,10,0.9823522604639026,50.00000000,116.34426475,99
10,11,0.9787727865367518,50.00000000,122.56307626,99
10,12,0.9796623724917849,50.00000000,122.22226167,100
10,13,0.9821323652406471,50.00000000,134.56873393,103
10,14,0.9796711741445393,50.00000000,137.14745593,111
10,15,0.9794958876678779,49.00000000,102.96565914,97
10,16,0.9831441258322965,50.00000000,110.84921527,102
10,17,0.9827528034418604,50.00000000,145.93804741,117
10,18,0.9804092478038012,50.00000000,119.39674950,97
10,19,0.9797626793976655,50.00000000,133.30411291,103
10,20,0.9802260848845301,50.00000000,116.51161218,101
10,21,0.9826902301292418,48.00000000,157.61427474,130
10,22,0.9799507370603491,48.00000000,112.14756012,97
10,23,0.9818332317909947,49.00000000,144.26305890,113
10,24,0.9821515418277438,49.00000000,125.36649227,113
10,25,0.9802103682483037,48.00000000,151.75648260,131
10,26,0.9806538576950856,49.00000000,124.52201152,96
10,27,0.9829028912450812,50.00000000,134.32489395,108
10,28,0.9799071262088379,50.00000000,160.89280152,128
10,29,0.9807750316441,50.00000000,123.49327183,106
11,0,0.9748924299032333,54.00000000,118.15734696,109
11,1,0.9755766042631482,55.00000000,112.03101206,89
11,2,0.9730240951706537,54.00000000,103.78399539,99
11,3,0.9754693456103373,55.00000000,117.21518326,111
11,4,0.9765596848882965,55.00000000,104.92706490,101
11,5,0.9744748800000381,55.00000000,127.55699325,106
11,6,0.9741424441665926,55.00000000,118.76359463,106
11,7,0.9741888685082247,55.00000000,126.36933923,99
11,8,0.9755760930652887,54.00000000,137.91403008,113
11,9,0.9758410055790342,53.00000000,140.93970537,109
11,10,0.9756404903230134,55.00000000,148.17792320,124
11,11,0.9736537744313718,54.00000000,142.13463807,113
11,12,0.9725774466408625,54.00000000,104.54761386,95
11,13,0.9751484822301102,55.00000000,118.84418178,106
11,14,0.972552113979239,54.00000000,140.52643561,109
11,15,0.9742395981984426,55.00000000,145.85932398,117
11,16,0.9731215628327604,54.00000000,124.44812417,105
11,17,0.9761678801382153,55.00000000,113.25263524,111
11,18,0.9750272522409632,55.00000000,142.55398726,108
11,19,0.9761359714083246,54.00000000,147.54337382,109
11,20,0.9726557759669026,54.00000000,166.88513398,114
11,21,0.9748108333456369,54.00000000,167.15312219,128
11,22,0.9742736464097188,53.00000000,125.29595113,100
11,23,0.9755828342919237,55.00000000,140.41566563,106
11,24,0.9735813554631136,55.00000000,151.57861376,113
11,25,0.9750243050505552,55.00000000,103.41121125,96
11,26,0.9750109446864107,55.00000000,112.43387079,92
11,27,0.9729743875296478,54.00000000,148.46295595,120
11,28,0.9750709993879498,54.00000000,149.99927688,122
11,29,0.97264634818412,54.00000000,149.26368308,109
12,0,0.9686036224655976,60.00000000,108.05423450,109
12,1,0.9648023156306891,60.00000000,177.98769379,121
12,2,0.9679686020679881,59.00000000,142.00776434,123
12,3,0.9694781865776635,60.00000000,172.00616384,140
12,4,0.9680390361944192,59.00000000,117.62935543,104
12,5,0.9677234793216067,60.00000000,121.70813155,114
12,6,0.9644937235094009,60.00000000,181.02915549,137
12,7,0.966959884785882,59.00000000,120.33703780,115
12,8,0.9672398704034086,60.00000000,112.14197206,115
12,9,0.9662844707836007,59.00000000,147.00636268,117
12,10,0.967400806503773,59.00000000,156.94136143,119
12,11,0.9686135756426546,60.00000000,118.54884148,112
12,12,0.9667723252413113,60.00000000,122.91909337,123
12,13,0.9661921435280345,60.00000000,142.34118485,115
12,14,0.9688333472434186,60.00000000,120.15637445,106
12,15,0.9677829281056027,59.00000000,114.06744599,107
12,16,0.9685127451132747,60.00000000,108.11676359,112
12,17,0.966881467597231,60.00000000,136.55014420,115
12,18,0.9674040035108249,60.00000000,114.89795876,107
12,19,0.9664387628249778,60.00000000,130.51986170,113
12,20,0.9669277505285154,60.00000000,119.53801894,113
12,21,0.9681119777975095,59.00000000,133.02277994,119
12,22,0.9667005620479208,60.00000000,130.04434371,110
12,23,0.9667303090621813,56.00000000,117.56498790,113
12,24,0.9685582090333495,60.00000000,151.41454268,131
12,25,0.9684285682307272,60.00000000,152.14338207,117
12,26,0.9680746529334052,59.00000000,130.48403811,125
12,27,0.9668036222794416,58.00000000,115.08823252,105
12,28,0.9672814467501458,60.00000000,129.69790483,127
12,29,0.9662296300083293,59.00000000,114.21666217,100
13,0,0.9568392829396508,65.00000000,157.23630238,131
13,1,0.956494228656441,65.00000000,128.15589881,112
13,2,0.9581495104692429,64.00000000,154.18752384,132
13,3,0.9595582548436254,65.00000000,129.57142448,111
13,4,0.9571101318956391,65.00000000,141.89541197,119
13,5,0.9581419813815767,65.00000000,141.45511937,128
13,6,0.9580272381180184,65.00000000,136.92578697,120
13,7,0.9579436628941902,65.00000000,120.23095298,117
13,8,0.9584220419640919,65.00000000,171.76158643,121
13,9,0.9574454334920288,65.00000000,136.06930828,120
13,10,0.9581549933745052,65.00000000,127.19500756,120
13,11,0.958493601044586,64.00000000,117.84735227,113
13,12,0.9559572765314829,65.00000000,146.30929351,121
13,13,0.9568229181738845,64.00000000,131.04687357,121
13,14,0.9547905099105896,65.00000000,132.31881380,123
13,15,0.9557565416484121,65.00000000,119.81463599,118
13,16,0.9575103286577668,65.00000000,146.63251901,123
13,17,0.9562554387800806,65.00000000,164.42496228,116
13,18,0.9572823664620961,65.00000000,129.63076687,121
13,19,0.9566301516413366,62.00000000,126.60180211,122
13,20,0.9565157167275058,65.00000000,172.44989109,135
13,21,0.957542095875081,65.00000000,141.34301353,121
13,22,0.9587150323675147,65.00000000,168.04772735,136
13,23,0.958132265294646,62.00000000,182.90866923,137
13,24,0.9570651121292163,64.00000000,136.46521354,131
13,25,0.9569641560120679,65.00000000,128.83075976,121
13,26,0.958049742228316,64.00000000,135.44917655,119
13,27,0.9581715207244373,65.00000000,121.20926905,112
13,28,0.957730638675592,65.00000000,155.23573756,120
13,29,0.9576533032837554,65.00000000,107.51682854,105
14,0,0.9526716527804093,70.00000000,157.07413220,134
14,1,0.9522560209320038,70.00000000,134.08330154,122
14,2,0.9506788205405126,69.00000000,196.96781039,137
14,3,0.9545806798982622,70.00000000,165.99597812,124
14,4,0.951428875480305,70.00000000,178.52346992,124
14,5,0.9538657008345087,70.00000000,204.58215880,151
14,6,0.95112188953467,70.00000000,128.66303563,125
14,7,0.951534819828169,70.00000000,155.58495116,130
14,8,0.9528951524848754,69.00000000,128.67135143,115
14,9,0.9522621946586473,70.00000000,140.09513021,114
14,10,0.9513416064049343,70.00000000,166.48541546,125
14,11,0.9502959568988243,70.00000000,135.03159356,131
14,12,0.9514806713664654,66.00000000,215.53718042,166
14,13,0.9537833836247208,70.00000000,129.32060647,120
14,14,0.952173927907972,70.00000000,133.84986377,124
14,15,0.951109067174942,69.00000000,170.88790631,135
14,16,0.9513528053253352,70.00000000,155.75030351,127
14,17,0.9527545142679983,70.00000000,135.63680124,122
14,18,0.9494753180541352,70.00000000,214.27548647,139
14,19,0.951171763112842,70.00000000,131.63787413,118
14,20,0.9524268444544843,70.00000000,148.29731727,137
14,21,0.9542435994133946,70.00000000,163.32197237,127
14,22,0.9521142385602998,70.00000000,138.76771617,124
14,23,0.9525757875594862,69.00000000,168.59101748,143
14,24,0.9530534437236517,70.00000000,180.89181161,132
14,25,0.9513317462626164,70.00000000,138.26356077,137
14,26,0.9500181053949927,68.00000000,166.43610024,134
14,27,0.951224867104413,70.00000000,208.70370698,151
14,28,0.9475313579126291,69.00000000,134.31519938,130
14,29,0.9484607244484657,70.00000000,133.19475317,107
15,0,0.9453567071062323,75.00000000,135.29494381,117
15,1,0.9472242191487493,74.00000000,149.46032071,128
15,2,0.9432492435312417,73.00000000,179.36405849,151
15,3,0.9467746389265584,75.00000000,147.08801508,133
15,4,0.9470086059867132,74.00000000,177.46798491,127
15,5,0.9449469735872548,74.00000000,151.71431828,137
15,6,0.9456900007952445,74.00000000,150.60321379,129
15,7,0.9452130685116789,75.00000000,157.49560571,137
15,8,0.9435448085875091,75.00000000,165.80368710,138
15,9,0.9442805002395305,75.00000000,162.94238973,139
15,10,0.94414779336902,75.00000000,149.91389847,142
15,11,0.9428600543922044,75.00000000,151.85474420,135
15,12,0.9448148229789984,75.00000000,149.94626951,129
15,13,0.9480258480534842,75.00000000,162.04749680,145
15,14,0.946321981370906,75.00000000,145.07362008,135
15,15,0.9456207903865509,75.00000000,129.76365423,120
15,16,0.9421309220390337,72.00000000,185.46045732,153
15,17,0.9452235736050336,75.00000000,168.22526503,154
15,18,0.9498345058449993,74.00000000,154.30077362,135
15,19,0.9471296120443295,75.00000000,150.81993413,134
15,20,0.9443149300715105,74.00000000,150.04334354,126
15,21,0.9419746661139274,74.00000000,139.87198257,120
15,22,0.9442256656172264,75.00000000,165.01972127,135
15,23,0.9412290332116359,75.00000000,225.81962943,158
15,24,0.9419640383057879,75.00000000,146.14607763,124
15,25,0.9453611307820574,74.00000000,156.60644722,132
15,26,0.9439428056639101,75.00000000,122.90871882,121
15,27,0.9465884542344997,75.00000000,163.85478592,137
15,28,0.9465861862087064,74.00000000,167.10019755,145
15,29,0.9423360930005483,75.00000000,152.12594175,135
16,0,0.9373170353992408,79.00000000,153.53569365,130
16,1,0.9367701429815092,80.00000000,179.02543783,144
16,2,0.936011002317691,79.00000000,213.21833420,157
16,3,0.9454108503266393,79.00000000,165.42092323,148
16,4,0.9376057367168105,80.00000000,159.61887383,141
16,5,0.9378379276614421,80.00000000,151.20978260,137
16,6,0.9390062148078858,79.00000000,127.67911386,123
16,7,0.9391134121551747,79.00000000,145.99017429,140
16,8,0.9346617293507457,80.00000000,164.91684580,139
16,9,0.9392981320332177,80.00000000,136.24365473,116
16,10,0.9403028552943817,80.00000000,185.68024492,148
16,11,0.9379076405546634,80.00000000,134.02191472,125
16,12,0.9406740500768651,79.00000000,152.11084485,140
16,13,0.9391337005064513,80.00000000,172.59443021,135
16,14,0.936650067493163,80.00000000,165.01474452,136
16,15,0.9404804609669888,79.00000000,185.61183286,141
16,16,0.938142848530575,77.00000000,144.69566703,131
16,17,0.9331851371150798,79.00000000,171.46537423,142
16,18,0.9358768945923003,80.00000000,140.19227266,123
16,19,0.9355147465519574,80.00000000,188.19579005,153
16,20,0.9378758536488842,80.00000000,159.02389288,142
16,21,0.9343762305088323,79.00000000,150.87478685,133
16,22,0.9415659276940833,80.00000000,178.43861651,150
16,23,0.9398929268990407,77.00000000,155.37122631,137
16,24,0.9362961432677388,80.00000000,167.79898286,141
16,25,0.9388996863870315,78.00000000,150.24002886,138
16,26,0.9348717534325822,79.00000000,153.14718390,123
16,27,0.9364870731908967,79.00000000,153.50124741,141
16,28,0.9376127527757774,79.00000000,170.95776439,148
16,29,0.9366124273178282,79.00000000,154.68455529,137
17,0,0.9296044109008073,85.00000000,170.65547156,146
17,1,0.9332964311777435,85.00000000,199.38295388,160
17,2,0.9345044596689326,85.00000000,172.43015027,144
17,3,0.9322956375790343,80.00000000,175.53349423,133
17,4,0.9389955406574885,85.00000000,155.63801837,132
17,5,0.9348388962666137,84.00000000,166.40375280,141
17,6,0.9280584833734528,82.00000000,185.61700583,142
17,7,0.9375845993009869,84.00000000,165.58141494,136
17,8,0.9299814986409591,85.00000000,199.73130226,169
17,9,0.9271004471835997,85.00000000,147.11004066,127
17,10,0.924561782686919,85.00000000,179.18235898,142
17,11,0.9295577926040641,85.00000000,212.62791586,166
17,12,0.9319887180964578,85.00000000,168.64960241,136
17,13,0.9278273715572375,83.00000000,146.40783668,130
17,14,0.9294058721596509,85.00000000,154.21922088,130
17,15,0.9298780392250092,84.00000000,177.96259260,147
17,16,0.9364741846251791,85.00000000,190.19004273,140
17,17,0.9343154835211996,85.00000000,165.02362967,135
17,18,0.9302013736683885,84.00000000,156.43300962,135
17,19,0.9339228980821009,85.00000000,177.67028165,138
17,20,0.9325474769817126,85.00000000,176.66996908,150
17,21,0.9333938453048516,82.00000000,175.29555058,140
17,22,0.9277600582554483,84.00000000,168.11173534,146
17,23,0.9336724035463414,85.00000000,175.48533201,141
17,24,0.9319708122487579,83.00000000,170.38320851,134
17,25,0.9310732839990956,85.00000000,225.88004756,167
17,26,0.9306700619893282,83.00000000,150.76561880,124
17,27,0.9295548028895068,83.00000000,185.19669700,149
17,28,0.9328190821285931,85.00000000,229.74734855,169
17,29,0.9289282614551141,85.00000000,184.12954712,156
18,0,0.9248144414156584,90.00000000,160.10269690,131
18,1,0.9274850404628217,90.00000000,159.67315078,132
18,2,0.9200773147493307,88.00000000,174.15740466,137
18,3,0.9320641668675157,90.00000000,202.46618295,157
18,4,0.9263998673731064,87.00000000,173.59220505,135
18,5,0.9252014197951886,90.00000000,157.62845540,124
18,6,0.9294255826698352,88.00000000,173.76920271,136
18,7,0.9270581462413544,86.00000000,194.83147860,153
18,8,0.9230677450193996,88.00000000,191.46126676,149
18,9,0.9279669778702047,88.00000000,197.09317780,165
18,10,0.9273328150270144,90.00000000,192.26847816,146
18,11,0.920677347589659,85.00000000,192.49490213,149
18,12,0.9228698974236672,90.00000000,195.57699418,162
18,13,0.9286965241906318,90.00000000,184.93143320,138
18,14,0.9212336193859859,88.00000000,178.35676861,149
18,15,0.9245671166639443,90.00000000,222.08124852,150
18,16,0.9282355234448582,90.00000000,162.25096989,131
18,17,0.9248407518929349,89.00000000,166.92765188,130
18,18,0.9298342343972206,90.00000000,213.42310953,163
18,19,0.9255253152287618,89.00000000,175.50581145,136
18,20,0.9286496831734725,88.00000000,199.49927258,151
18,21,0.9258366974460407,89.00000000,208.97527838,160
18,22,0.92519001167097,90.00000000,233.08688903,176
18,23,0.9215882454529545,89.00000000,189.36453319,159
18,24,0.9214967340981185,90.00000000,157.24385476,126
18,25,0.926521726869231,90.00000000,159.89785409,132
18,26,0.922309228128047,87.00000000,164.57255936,137
18,27,0.9258006146872674,87.00000000,183.25819707,142
18,28,0.922661416904518,90.00000000,210.87003064,163
18,29,0.9318379593520886,89.00000000,180.28528404,146
19,0,0.9215546330972485,95.00000000,212.23171234,164
19,1,0.9143700932987836,94.00000000,153.03519559,130
19,2,0.9154964963618619,95.00000000,197.70715880,160
19,3,0.9194500283879145,95.00000000,174.71194386,131
19,4,0.9198096282444068,95.00000000,180.60709023,147
19,5,0.9191932094217743,94.00000000,214.21889329,169
19,6,0.9161885408017872,95.00000000,215.67153287,168
19,7,0.9210440809836056,91.00000000,189.47566152,156
19,8,0.9194507803187796,95.00000000,166.45285940,142
19,9,0.9236442130713928,94.00000000,185.42893720,146
19,10,0.9194343701334335,95.00000000,205.46484947,160
19,11,0.9222793736600052,94.00000000,156.07598495,129
19,12,0.9159139122766369,94.00000000,172.57266688,145
19,13,0.9202317923469352,94.00000000,168.94628572,141
19,14,0.9248876678969296,95.00000000,180.51912117,131
19,15,0.9140770612004725,95.00000000,225.57775426,163
19,16,0.9222114762812766,93.00000000,177.69614744,146
19,17,0.9129582774715479,89.00000000,197.88717103,155
19,18,0.9207086202807324,91.00000000,164.55489492,137
19,19,0.9211901188705613,94.00000000,187.30728912,148
19,20,0.9203722115985422,95.00000000,164.44649959,136
19,21,0.9197698513330975,95.00000000,173.74839997,135
19,22,0.9228644647572707,95.00000000,181.68246222,146
19,23,0.9289331293473593,94.00000000,166.68368435,133
19,24,0.9187047674041917,95.00000000,170.16304636,140
19,25,0.916314988041961,93.00000000,210.47989249,169
19,26,0.9180431143357306,94.00000000,200.64736938,144
19,27,0.920697028785194,94.00000000,171.63441372,141
19,28,0.9221579194959593,92.00000000,170.59980226,131
19,29,0.9267820084703946,95.00000000,174.10878825,144
20,0,0.9101223484701294,98.00000000,181.17523122,149
20,1,0.9177427896442839,99.00000000,219.24789596,160
20,2,0.9161411324775124,100.00000000,194.52055621,151
20,3,0.9210345483536555,100.00000000,178.70273376,139
20,4,0.9167237226228082,98.00000000,166.21271253,134
20,5,0.9251568276752709,100.00000000,211.25075603,167
20,6,0.9101072047207708,98.00000000,210.98875999,151
20,7,0.9188114088256141,99.00000000,208.51281500,162
20,8,0.9203273232009633,100.00000000,162.83187485,135
20,9,0.9141697451897172,100.00000000,196.23069859,157
20,10,0.9138189514676036,100.00000000,189.51607490,151
20,11,0.9186830685005299,98.00000000,180.62764502,140
20,12,0.908515918329909,100.00000000,188.57062459,148
20,13,0.9085986118151536,98.00000000,205.52575898,162
20,14,0.9119554740975377,100.00000000,195.85770297,151
20,15,0.9153351826094509,99.00000000,161.64807034,128
20,16,0.9169008756062372,100.00000000,184.70867062,136
20,17,0.919846178889846,99.00000000,206.05340624,158
20,18,0.9182181045316145,97.00000000,207.63642621,158
20,19,0.9134980937408775,100.00000000,176.28988671,143
20,20,0.9128252985855947,97.00000000,208.04987407,167
20,21,0.9088819787051695,100.00000000,178.77408147,139
20,22,0.9100961848316592,100.00000000,201.74634361,159
20,23,0.9241471447290328,100.00000000,181.24960399,144
20,24,0.9087695441496249,100.00000000,189.85564852,150
20,25,0.9109218131539069,97.00000000,168.53388596,141
20,26,0.905788261665873,100.00000000,212.54395556,163
20,27,0.9138828433127318,100.00000000,185.38657212,148
20,28,0.9166862635298667,100.00000000,204.49612141,156
20,29,0.913460528773521,100.00000000,232.62994885,184
21,0,0.9009224349887194,105.00000000,206.45171785,168
21,1,0.9096989833684281,105.00000000,190.29578567,150
21,2,0.9107486073758289,104.00000000,211.84867740,161
21,3,0.9034517838123743,105.00000000,227.19883847,153
21,4,0.9144656776289799,105.00000000,196.68471980,148
21,5,0.9085485253546862,105.00000000,195.89286876,157
21,6,0.9122074739070822,104.00000000,186.96999216,147
21,7,0.9114127911608041,105.00000000,221.53587985,165
21,8,0.9187500844823602,101.00000000,203.78971696,149
21,9,0.9179860397064107,104.00000000,181.06597853,149
21,10,0.9075382613333995,104.00000000,198.03382802,152
21,11,0.9139871941099124,105.00000000,179.96799731,138
21,12,0.9121195823040628,105.00000000,201.55182886,157
21,13,0.908312321407401,104.00000000,192.15013218,148
21,14,0.911543366995811,104.00000000,178.22369480,144
21,15,0.9060195188840611,102.00000000,220.42916059,182
21,16,0.9149013322541855,105.00000000,194.86717772,155
21,17,0.9059379769298088,105.00000000,192.03461528,149
21,18,0.9099207903395379,101.00000000,181.82853770,144
21,19,0.909200225637235,103.00000000,216.99907994,172
21,20,0.9123095454148089,104.00000000,218.77053356,161
21,21,0.9019496895211959,104.00000000,194.37171650,155
21,22,0.9089376224887151,103.00000000,211.80220461,173
21,23,0.90924741523801,105.00000000,183.50112200,150
21,24,0.9124153509614508,104.00000000,214.50978756,166
21,25,0.9040393466160219,104.00000000,182.40042353,149
21,26,0.9121157846442574,102.00000000,225.47372699,169
21,27,0.9118788958491993,105.00000000,204.83636570,159
21,28,0.9072447306497613,105.00000000,187.63944149,151
21,29,0.9150383031999456,104.00000000,203.05504227,154
22,0,0.9003091183722569,106.00000000,198.93966985,159
22,1,0.9105885827866649,110.00000000,197.74874473,166
22,2,0.8986674211362907,110.00000000,181.35287833,148
22,3,0.9070121764830635,110.00000000,212.87373447,172
22,4,0.902814134827495,110.00000000,204.07750463,160
22,5,0.9054780771646711,110.00000000,216.58100796,178
22,6,0.8981138132757815,110.00000000,187.52897525,150
22,7,0.8978723111838584,109.00000000,182.64620185,147
22,8,0.9022996687695697,110.00000000,189.62813020,155
22,9,0.8991441993757574,110.00000000,184.56658387,151
22,10,0.9133297884789101,110.00000000,197.84489679,153
22,11,0.9014665208976407,110.00000000,177.33182335,142
22,12,0.9001013182396104,110.00000000,142.00962830,121
22,13,0.9085965923687435,110.00000000,160.11421037,132
22,14,0.903834317443503,110.00000000,182.89172125,147
22,15,0.9042392658882404,110.00000000,213.08620358,172
22,16,0.9036365104310077,110.00000000,190.87171268,162
22,17,0.9100884999833334,110.00000000,193.91863942,162
22,18,0.9061253307305013,110.00000000,234.27137828,175
22,19,0.9108190448701955,109.00000000,215.35354233,160
22,20,0.9053861820204505,110.00000000,215.69923806,160
22,21,0.9120389003148419,110.00000000,173.18398380,147
22,22,0.9032965521802934,110.00000000,184.95030117,154
22,23,0.901971693980216,107.00000000,206.35385871,157
22,24,0.8975523040978829,110.00000000,217.10045314,174
22,25,0.9147129893661989,110.00000000,198.00852633,160
22,26,0.9095834144910006,107.00000000,235.41195107,181
22,27,0.9057655290719447,109.00000000,237.50674677,175
22,28,0.9085159592013634,110.00000000,149.16418982,123
22,29,0.9074994061003752,110.00000000,207.60845208,164
23,0,0.9096560891110634,115.00000000,220.21902847,172
23,1,0.8966225502011612,114.00000000,217.81105399,163
23,2,0.9061373693082487,114.00000000,238.10935497,184
23,3,0.8986343373126693,115.00000000,217.22062349,162
23,4,0.906014067786165,114.00000000,193.97228503,148
23,5,0.8961778824522058,114.00000000,204.04355073,161
23,6,0.9131187822048124,114.00000000,199.22725940,161
23,7,0.8918549561041228,113.00000000,232.82220793,171
23,8,0.9045218069071713,115.00000000,193.55537891,150
23,9,0.8954383468934948,115.00000000,188.31278396,154
23,10,0.9061920360751611,115.00000000,226.73109627,182
23,11,0.9118017468242434,114.00000000,208.49662590,166
23,12,0.9069477006264688,114.00000000,202.74704480,166
23,13,0.8953066800286172,111.00000000,199.47492242,159
23,14,0.932733927241176,113.00000000,204.67246509,163
23,15,0.8962986899030909,114.00000000,198.04909134,166
23,16,0.9094584719371304,115.00000000,247.81813955,194
23,17,0.8998566556500482,115.00000000,218.12482905,167
23,18,0.8965436521603879,115.00000000,203.33955646,154
23,19,0.9315579333076617,114.00000000,186.11110353,137
23,20,0.9246132659616604,114.00000000,189.24886894,154
23,21,0.8954012346041658,115.00000000,249.30622768,190
23,22,0.9208527029381393,115.00000000,219.57301712,172
23,23,0.9050477578662641,114.00000000,209.30585384,166
23,24,0.9215327204220101,115.00000000,205.75860548,155
23,25,0.9210679749704966,114.00000000,229.72586942,176
23,26,0.9045221086783058,112.00000000,208.46765757,163
23,27,0.902432417210958,115.00000000,198.34726954,154
23,28,0.898381978990164,115.00000000,215.33099699,167
23,29,0.9060236861681131,115.00000000,189.17797804,157
24,0,0.896144848868468,119.00000000,220.70824623,167
24,1,0.9029081073667108,116.00000000,214.33496881,168
24,2,0.913224486427968,120.00000000,284.17833924,216
24,3,0.8867503615891718,119.00000000,210.37235022,173
24,4,0.8980039164995408,119.00000000,206.15419197,165
24,5,0.9212381026762768,120.00000000,236.64465356,170
24,6,0.8877333781630559,120.00000000,225.75789475,182
24,7,0.8964506178579237,118.00000000,199.09773660,152
24,8,0.8974640918458167,119.00000000,200.37519360,145
24,9,0.8944757066853902,120.00000000,199.21950507,156
24,10,0.9045419403420065,120.00000000,217.85604072,171
24,11,0.9088490341290871,120.00000000,249.69677734,185
24,12,0.9184690741103442,119.00000000,222.57663393,170
24,13,0.8928452608241565,120.00000000,195.75279927,157
24,14,0.9097261459491561,119.00000000,238.59455276,182
24,15,0.9069251676107347,119.00000000,228.13994646,177
24,16,0.9329660642104765,119.00000000,212.39896846,162
24,17,0.8956253203322339,120.00000000,232.43476105,165
24,18,0.8946912250045016,116.00000000,194.03180337,154
24,19,0.9017218268493369,117.00000000,222.81925631,170
24,20,0.9226112879331088,120.00000000,238.61955571,181
24,21,0.9562177649091134,120.00000000,207.28276753,156
24,22,0.9014765815369105,120.00000000,226.04230094,171
24,23,0.9359384372407955,120.00000000,223.86815095,167
24,24,0.9018078705679186,120.00000000,253.17950225,184
24,25,0.8944657749503613,120.00000000,241.49361849,184
24,26,0.8991697100814457,119.00000000,197.71870589,159
24,27,0.89994002601158,120.00000000,217.87279177,173
24,28,0.9001636857142707,120.00000000,207.40746117,152
24,29,0.9093206532701013,113.00000000,186.97517967,153
25,0,0.9123796696538797,123.00000000,220.16136885,170
25,1,0.898259835687548,125.00000000,246.45016026,189
25,2,0.9226487108783861,123.00000000,199.19968987,159
25,3,0.9173255157357062,122.00000000,265.62315893,192
25,4,0.93646029755177,124.00000000,234.98101497,185
25,5,0.9266086412013534,122.00000000,207.17880988,164
25,6,0.9253150086224993,123.00000000,233.77918577,180
25,7,0.910497640594988,123.00000000,211.46667099,156
25,8,0.9406629489972358,124.00000000,221.16028571,162
25,9,0.9266739891175423,124.00000000,233.08927178,174
25,10,0.9153439790535535,125.00000000,183.67225075,145
25,11,0.9257491207153297,125.00000000,229.31465936,177
25,12,0.9298669342438999,125.00000000,249.43653536,187
25,13,0.9103588551274407,125.00000000,207.53183317,155
25,14,0.9122072653696407,124.00000000,224.83694220,177
25,15,0.9125946483339693,125.00000000,267.46736097,189
25,16,0.9178138998520813,125.00000000,207.53606415,146
25,17,0.9166763767541737,124.00000000,207.86850882,160
25,18,0.9094991877106511,125.00000000,222.63451195,171
25,19,0.8913136544590613,123.00000000,205.57741761,157
25,20,0.9394484485249335,122.00000000,218.94538569,172
25,21,0.9294278479806833,125.00000000,217.77227092,166
25,22,0.9426378582977752,125.00000000,229.94599223,182
25,23,0.920393640397893,123.00000000,225.23535490,169
25,24,0.942283324422323,125.00000000,203.24313855,152
25,25,0.9357746451227504,125.00000000,235.83534741,181
25,26,0.9101794208987799,124.00000000,233.88009953,180
25,27,0.9208321426758252,122.00000000,216.90032339,156
25,28,0.9292845521660547,124.00000000,220.66617751,155
25,29,0.9331970625761388,125.00000000,214.42060161,155
26,0,0.9283605114344842,130.00000000,246.38924360,177
26,1,0.9337660829395517,130.00000000,214.32332015,164
26,2,0.9258119371283418,130.00000000,275.00283837,173
26,3,0.9368126444044322,130.00000000,243.22638941,169
26,4,0.9423821938451149,130.00000000,203.37345338,150
26,5,0.9204081340047618,130.00000000,262.21632886,189
26,6,0.9402156971629787,130.00000000,211.36867070,156
26,7,0.9174965756857908,129.00000000,229.87548256,171
26,8,0.9237376488425081,129.00000000,230.68257594,162
26,9,0.9402943435958118,129.00000000,271.05867314,179
26,10,0.9328444829335932,130.00000000,243.25702786,187
26,11,0.9356547384820173,130.00000000,248.59395528,177
26,12,0.9389987486526771,129.00000000,220.69561338,161
26,13,0.9216126855078149,130.00000000,215.97535563,155
26,14,0.9252968341775755,130.00000000,233.50761724,175
26,15,0.9255553773269958,129.00000000,272.95646358,177
26,16,0.921494378841222,129.00000000,240.68030524,184
26,17,0.9366146613679188,125.00000000,222.90368557,167
26,18,0.8992422235154452,128.00000000,250.80997825,171
26,19,0.9251518226333038,129.00000000,286.06597400,183
26,20,0.9366217658253371,130.00000000,229.03358865,166
26,21,0.9348379087211609,129.00000000,240.77849126,171
26,22,0.9209610759785583,130.00000000,257.72196269,186
26,23,0.9371656024583742,125.00000000,230.77844715,174
26,24,0.9166165951231159,130.00000000,247.89435267,178
26,25,0.9274914047129309,128.00000000,225.11515188,169
26,26,0.9466866541119536,127.00000000,229.71015072,174
26,27,0.927741535758019,130.00000000,308.79617524,190
26,28,0.9402324738209034,129.00000000,240.52966619,173
26,29,0.9248133168112223,130.00000000,265.49582744,190
27,0,0.9262646755774516,134.00000000,258.28238702,186
27,1,0.9274788272829062,135.00000000,206.04152060,149
27,2,0.9188757597676791,134.00000000,273.72994399,200
27,3,0.9278272773510725,134.00000000,254.99518752,188
27,4,0.9170346979733923,131.00000000,232.51583314,174
27,5,0.9362039126218631,134.00000000,227.82743096,172
27,6,0.9172033999484106,133.00000000,262.73705626,192
27,7,0.9194324977068129,134.00000000,229.24422669,170
27,8,0.9297156283775959,130.00000000,248.01055908,180
27,9,0.9302292793992737,134.00000000,256.59092784,182
27,10,0.9230206397326541,135.00000000,222.43112111,161
27,11,0.9298130678657699,135.00000000,231.30662966,174
27,12,0.9318558193445142,134.00000000,254.02324033,185
27,13,0.9333251730939991,132.00000000,254.81016493,186
27,14,0.921676910113498,133.00000000,205.84917498,154
27,15,0.9320054449813404,135.00000000,219.79956675,164
27,16,0.9149399128101456,134.00000000,230.18999100,167
27,17,0.9318366336356877,133.00000000,264.06828451,189
27,18,0.9404889656082764,131.00000000,245.16222405,182
27,19,0.9311942672090835,135.00000000,217.11326408,163
27,20,0.9243079195818696,134.00000000,256.93190384,178
27,21,0.936417132293058,135.00000000,235.88332009,174
27,22,0.9311101020032749,135.00000000,259.96461511,173
27,23,0.9307582602719846,135.00000000,245.59538174,179
27,24,0.9382032575456273,135.00000000,235.87017679,166
27,25,0.9251211773450376,133.00000000,300.67648268,211
27,26,0.9197376752552416,134.00000000,225.47340631,172
27,27,0.928507765529842,130.00000000,229.32260966,172
27,28,0.9241873482285414,135.00000000,244.80226851,178
27,29,0.9312030070541538,135.00000000,276.04338908,180
28,0,0.9564645289083933,139.00000000,224.60503125,166
28,1,0.9488635247841632,140.00000000,269.02726936,188
28,2,0.926079468250673,140.00000000,228.62615013,172
28,3,0.921681308231262,139.00000000,290.81759381,201
28,4,0.9171825142589497,140.00000000,285.50267577,192
28,5,0.91025658990159,137.00000000,253.08106613,181
28,6,0.9377226516195427,140.00000000,256.07554936,189
28,7,0.9112931872238895,140.00000000,248.78850627,177
28,8,0.9317937839874153,139.00000000,265.33776736,195
28,9,0.9307137750003027,137.00000000,271.54984307,182
28,10,0.9260809385564517,140.00000000,241.75813365,173
28,11,0.9231872162790542,134.00000000,254.69071913,181
28,12,0.9105317129805287,139.00000000,310.69073915,212
28,13,0.9364450502852841,140.00000000,318.69280839,204
28,14,0.9277565983260785,139.00000000,276.32468104,206
28,15,0.9410141876052939,140.00000000,271.07268906,176
28,16,0.9237409430932153,140.00000000,252.25560308,177
28,17,0.9402770742575342,139.00000000,235.18900967,178
28,18,0.9355148433942776,140.00000000,232.45247221,178
28,19,0.931752226905245,139.00000000,225.73313475,163
28,20,0.9344245955677682,140.00000000,233.59838271,179
28,21,0.9345899523957053,140.00000000,247.26320672,178
28,22,0.9301495314850868,139.00000000,266.56384993,194
28,23,0.9104334115062285,139.00000000,258.76121974,184
28,24,0.93806031995596,140.00000000,253.07960081,162
28,25,0.897859055670198,138.00000000,205.57657051,152
28,26,0.9479376771528336,140.00000000,285.84927225,190
28,27,0.9224301986047411,138.00000000,249.02005363,177
28,28,0.9447125318551015,136.00000000,331.80193210,230
28,29,0.9275031236555666,134.00000000,250.26388383,180
29,0,0.907980361681658,145.00000000,313.43120289,199
29,1,0.9518954126758267,142.00000000,244.30894446,174
29,2,0.9214231908915798,145.00000000,240.15616679,170
29,3,0.9059348962902789,141.00000000,195.33307242,146
29,4,0.9366366942766553,145.00000000,264.36604881,193
29,5,0.9185205387137082,141.00000000,218.63190079,162
29,6,0.9265134826421789,145.00000000,240.46226215,177
29,7,0.9342465346660213,142.00000000,251.87812591,173
29,8,0.9300003877660024,145.00000000,263.58166504,184
29,9,0.9405275692548143,145.00000000,314.21941376,216
29,10,0.9270159900124303,142.00000000,267.51338935,190
29,11,0.9149419937537158,145.00000000,265.19600868,185
29,12,0.918360236115661,145.00000000,288.45079732,191
29,13,0.8936113010149171,142.00000000,252.13998222,178
29,14,0.9131399185188174,144.00000000,212.78971148,148
29,15,0.917269071496518,142.00000000,247.25105906,174
29,16,0.9267760152453692,145.00000000,254.48376417,183
29,17,0.9234467556048459,145.00000000,288.98304963,201
29,18,0.9569817887297829,145.00000000,254.30541945,183
29,19,0.9296620010019109,145.00000000,206.51718736,155
29,20,0.928118811115433,145.00000000,250.69395638,187
29,21,0.9216592714325897,145.00000000,312.14008617,219
29,22,0.9377863449753309,144.00000000,241.21147108,174
29,23,0.9239448348139809,143.00000000,241.05586362,165
29,24,0.9221150522120746,145.00000000,279.71848965,186
29,25,0.9212991020060965,142.00000000,262.24357653,178
29,26,0.9346940673940568,142.00000000,245.64807796,173
29,27,0.9069338151949887,145.00000000,229.16016722,164
29,28,0.9238150768900211,145.00000000,242.26930785,170
29,29,0.9397358244949222,145.00000000,288.64263058,197
30,0,0.9133854495166588,150.00000000,302.04882288,197
30,1,0.9075179001891873,150.00000000,266.20183516,183
30,2,0.9295576812688875,150.00000000,317.25079536,193
30,3,0.9386393414806105,150.00000000,266.55238461,183
30,4,0.9181812952365359,150.00000000,329.26012945,215
30,5,0.9304331731762762,148.00000000,269.04974318,178
30,6,0.9256391135264258,150.00000000,272.72010231,188
30,7,0.9299985731626681,149.00000000,221.09788394,160
30,8,0.9286008567120713,150.00000000,310.19581771,185
30,9,0.929946727157651,146.00000000,286.81887484,192
30,10,0.9123000711295861,150.00000000,288.29518986,200
30,11,0.9264946684717749,150.00000000,316.21374631,207
30,12,0.9225285262461163,146.00000000,302.17304420,203
30,13,0.925045014808667,150.00000000,223.48578882,162
30,14,0.9283127606393452,150.00000000,299.38476133,181
30,15,0.9387843641257108,148.00000000,275.70924163,184
30,16,0.9200725243292616,150.00000000,278.42958522,187
30,17,0.9040235822167043,150.00000000,240.09582090,171
30,18,0.9083882845539313,150.00000000,271.27530217,195
30,19,0.9091755508880799,140.00000000,125.92795849,93
30,20,0.9176758696322556,150.00000000,261.82691550,191
30,21,0.9300977840881466,150.00000000,304.93796873,198
30,22,0.9139209051408608,150.00000000,239.68935752,166
30,23,0.9333078123721423,150.00000000,280.16979361,193
30,24,0.9474903480204484,150.00000000,238.20452094,169
30,25,0.9410180104940224,150.00000000,275.05587792,191
30,26,0.9293921580678717,150.00000000,296.83796787,209
30,27,0.9112604786430074,150.00000000,271.65718651,190
30,28,0.9046495736907498,145.00000000,275.33734941,187
30,29,0.9213174733085603,150.00000000,281.71204925,186
31,0,0.9018946814825461,154.00000000,254.93655491,168
31,1,0.916937974294389,153.00000000,285.90054464,195
31,2,0.9157136945955544,155.00000000,257.88295078,174
31,3,0.9284738427643024,155.00000000,271.91347980,190
31,4,0.899854860657073,153.00000000,249.48425484,160
31,5,0.9218798586204361,155.00000000,275.44039297,194
31,6,0.9191157840004995,154.00000000,305.20380497,188
31,7,0.9253193578156225,153.00000000,295.18076921,191
31,8,0.9284901020639339,155.00000000,290.66984701,195
31,9,0.9330057785797213,155.00000000,257.37789297,176
31,10,0.9272679338001366,154.00000000,313.68579602,206
31,11,0.9188014701898913,154.00000000,271.67912960,180
31,12,0.9154160507896086,152.00000000,277.50640845,177
31,13,0.9434331460047591,154.00000000,239.77553511,168
31,14,0.9352231574565029,151.00000000,286.85469508,204
31,15,0.9268510578411651,154.00000000,363.26803994,227
31,16,0.9128391208094588,155.00000000,250.28672004,167
31,17,0.9305427751189517,150.00000000,292.20763230,190
31,18,0.9204212789910791,155.00000000,269.46016407,190
31,19,0.9253036337868819,154.00000000,282.69662595,181
31,20,0.901996904172986,152.00000000,330.25333261,207
31,21,0.9322210642248653,155.00000000,282.61142921,188
31,22,0.9253070414702899,155.00000000,249.86505103,175
31,23,0.9267490714398626,155.00000000,264.01276660,183
31,24,0.9259746762940974,154.00000000,252.22777939,166
31,25,0.9310974009267958,155.00000000,302.83237600,211
31,26,0.9130113579725465,152.00000000,294.66473126,198
31,27,0.9289924061664392,154.00000000,291.01160049,188
31,28,0.9406038242864334,154.00000000,296.90056586,191
31,29,0.9190748693590005,155.00000000,270.78496528,184
32,0,0.9330513919243686,159.00000000,275.20666432,173
32,1,0.9210969139468956,159.00000000,298.40085149,180
32,2,0.9205094601745387,157.00000000,254.76181436,178
32,3,0.917148759273642,158.00000000,279.74272847,185
32,4,0.9075746993441736,155.00000000,311.66630387,206
32,5,0.9253466093832184,159.00000000,321.72096324,203
32,6,0.920382340199134,158.00000000,324.93430114,213
32,7,0.9208613684923832,160.00000000,315.39787221,200
32,8,0.9127989878581728,159.00000000,290.73219585,202
32,9,0.9202283257315593,159.00000000,290.73008513,196
32,10,0.925823113989975,159.00000000,293.36376548,191
32,11,0.9220338064490756,159.00000000,330.86602259,224
32,12,0.9229198201762072,160.00000000,334.12387753,210
32,13,0.9396750656814732,156.00000000,280.81988931,188
32,14,0.929519394222759,160.00000000,284.15388560,187
32,15,0.9224668859627283,160.00000000,281.04066610,195
32,16,0.9193759164182174,160.00000000,282.12502575,190
32,17,0.9166523294530585,159.00000000,260.50430322,179
32,18,0.9167838832840881,160.00000000,272.84779501,184
32,19,0.918451057765675,159.00000000,299.41653299,186
32,20,0.9092644348813532,160.00000000,324.50473237,212
32,21,0.9123278781000472,157.00000000,283.06601715,190
32,22,0.930745406551868,160.00000000,257.00790572,178
32,23,0.9229491688114057,155.00000000,290.55997086,185
32,24,0.9132151518564359,159.00000000,320.81824350,201
32,25,0.9154853176844719,159.00000000,281.29731774,186
32,26,0.9202671869084114,160.00000000,285.32827973,189
32,27,0.9194780603257272,160.00000000,264.87521076,180
32,28,0.9249471505730953,156.00000000,255.76850820,174
32,29,0.9218477825583659,156.00000000,327.24878168,214
