10 12 15 13 13 13 15 11 11 11 13 0 15 15 1 15 15 1 1 3 9 4 4 7 9 4 4 13 11 9 2 13 2 9 9 11 13 14 12 10 10 12 15 13 13 13 11 11 11 7 0 15 15 6 1 15 1 15 0 1 15 4 4 14 11 12 10 10 10 10 11 10 11 9 9 11 11 10 12 12
15 9 15 13 9 0 11 11 11 0 8 15 0 10 13 1 0 3 3 15 9 0 1 9 6 9 11 13 13 3 3 9 9 2 11 2 11 10 11 2 6 4 0 13 2 3 0 11 11 0 3 0 0 2 1 1 0 2 3 7 2 0 1 11 10 10 11 11 11 11 10 11 10 12 9 10 11 12 9 10
12 13 0 9 0 11 12 11 12 11 13 8 8 8 1 14 1 13 3 0 3 10 6 7 11 6 1 9 11 9 2 9 13 3 13 3 11 10 13 10 12 13 15 13 0 11 11 11 11 11 7 5 3 0 1 1 1 0 1 0 3 1 2 10 11 10 12 14 11 0 12 11 10 10 11 9 9 10 11 10
12 8 9 11 13 15 11 11 15 11 15 12 15 1 11 15 15 8 2 2 10 14 14 12 6 9 11 1 9 13 11 11 9 1 3 15 1 14 12 6 12 8 8 7 9 0 11 2 11 11 15 1 15 1 3 15 15 15 2 2 4 5 0 11 10 10 11 11 11 11 10 11 9 12 11 11 9 12 11 10
14 11 12 11 15 11 11 11 11 11 11 12 1 1 15 13 0 0 3 15 0 9 4 4 9 4 11 9 13 11 9 13 3 9 3 9 9 14 12 10 14 8 2 6 11 11 11 11 11 11 11 6 1 3 15 1 3 6 3 6 7 2 4 10 10 10 11 10 11 9 9 10 10 11 11 10 11 9 9 10
14 0 13 0 0 0 0 12 0 14 0 8 1 0 0 1 14 10 3 3 14 14 14 9 7 1 11 1 15 13 11 2 13 2 9 2 11 14 2 14 14 0 13 0 3 0 0 0 2 15 1 1 1 0 0 6 15 15 0 3 6 0 2 10 11 11 10 14 9 10 11 11 11 11 9 12 9 11 11 12
10 15 13 10 15 0 11 11 10 8 11 15 8 1 0 1 1 0 2 1 11 10 0 8 7 9 11 9 3 3 13 11 3 9 11 9 9 12 10 8 10 12 13 4 15 0 11 11 11 11 11 15 2 1 0 1 1 15 2 15 6 0 0 11 10 10 11 10 11 14 9 9 11 10 9 9 10 12 10 9
0 7 15 0 11 15 13 9 11 8 14 10 13 1 1 1 0 8 14 3 2 4 7 1 6 12 8 3 4 14 11 2 11 9 4 9 12 11 1 12 12 4 5 11 7 15 11 11 11 0 4 5 1 0 5 1 3 4 6 3 15 2 14 10 12 9 12 11 11 11 0 11 3 14 11 6 12 3 10 3
14 13 13 13 0 12 11 9 11 12 13 13 8 11 1 0 11 3 2 0 12 2 14 10 12 11 11 0 1 13 11 13 3 2 3 3 14 10 12 14 14 13 13 13 7 1 11 7 11 15 0 0 2 2 1 0 1 3 3 3 5 2 6 10 10 10 11 10 11 10 11 10 11 9 10 12 11 9 10 12
10 14 15 12 11 0 11 12 15 10 15 11 8 9 1 15 13 0 15 3 3 3 15 15 13 6 13 13 9 1 0 9 2 9 2 11 11 14 12 10 8 14 7 1 7 0 11 15 15 11 11 3 1 15 1 3 6 0 0 3 3 3 5 10 10 6 10 14 12 12 11 9 9 9 9 9 10 12 11 10
