14 12 14 8 15 12 15 13 9 11 11 11 14 0 0 1 1 12 3 12 9 0 0 13 7 9 1 3 2 9 11 2 2 3 13 2 2 13 3 1 13 3 9 9 13 11 13 11 13 11 14 12 14 14 15 12 0 13 9 11 11 11 11 1 3 1 1 0 15 2 1 4 0 15 6 2 3 3 10 11 11 11 11 10 11 10 12 11 9 10 11 9 9 10 12 11 11 11 12 11
8 13 14 0 0 8 12 10 13 11 9 10 11 0 1 1 1 15 10 14 11 9 10 7 9 12 1 1 11 11 9 10 13 2 0 9 2 0 13 2 9 11 6 9 6 13 11 11 11 3 3 0 14 0 0 4 0 7 2 2 15 0 11 0 15 0 15 0 1 15 3 0 15 15 0 15 15 12 11 11 11 10 11 10 11 9 10 12 11 9 9 9 9 9 9 11 11 11 9 9
0 10 12 14 10 0 13 15 10 9 13 10 15 1 1 1 1 1 14 2 0 0 1 7 7 4 2 4 3 2 10 2 12 11 10 5 5 14 6 12 5 5 6 9 7 13 9 11 0 2 0 10 2 14 10 0 13 15 6 13 6 11 0 11 1 1 1 2 3 15 0 0 1 4 7 4 2 4 11 11 11 10 11 10 11 10 12 11 9 10 11 10 11 10 12 11 9 10 12 10
10 14 0 0 11 0 11 11 10 0 15 10 11 1 1 15 10 15 8 1 2 0 9 7 6 1 6 13 1 10 10 3 10 3 2 13 1 1 9 9 4 9 11 9 6 9 9 3 2 7 6 14 15 4 2 6 11 11 13 5 15 2 6 1 4 2 4 15 0 1 15 0 6 5 6 1 11 10 14 10 11 10 10 10 11 9 12 10 11 9 10 12 11 9 9 10 11 9 9 10
13 9 15 0 8 15 8 0 0 8 15 0 0 1 1 11 11 2 2 12 13 0 15 11 6 13 1 1 9 3 2 3 12 3 14 9 10 2 8 10 4 11 15 5 9 9 5 3 5 1 13 9 11 14 4 15 6 0 0 4 4 3 2 11 1 11 0 2 15 15 2 15 15 5 6 5 1 1 11 11 11 9 12 9 9 9 9 11 11 11 10 11 9 11 10 10 11 10 12 9
15 14 0 15 11 11 11 0 13 9 15 11 11 1 1 0 11 2 3 13 15 14 9 13 15 6 15 0 12 12 1 3 10 2 11 2 9 15 1 9 11 13 5 9 9 9 1 11 0 11 15 14 3 15 11 6 11 0 13 4 4 11 11 11 1 15 3 2 3 0 6 1 0 1 0 6 2 0 12 10 10 10 11 11 11 2 9 11 10 10 11 10 11 11 10 7 9 10 12 11
12 15 15 15 0 14 11 9 9 12 8 15 13 13 9 1 0 13 0 15 13 0 10 8 6 8 0 10 12 12 0 9 10 3 2 10 3 9 9 9 11 9 9 13 9 11 0 0 11 11 7 7 15 15 6 6 13 3 7 15 0 0 4 11 11 1 0 2 15 15 6 0 5 5 4 2 0 10 12 11 9 11 10 10 10 10 11 10 11 11 11 5 10 11 9 9 10 11 9 10
11 10 10 11 0 0 14 9 9 15 0 0 15 11 14 0 14 15 3 2 2 15 2 8 12 15 1 11 15 0 11 2 3 10 2 14 3 11 2 9 9 4 13 13 9 9 2 1 3 2 3 10 15 15 0 2 0 0 9 9 0 15 11 11 3 6 6 15 3 2 2 1 2 3 15 15 1 11 10 11 11 2 11 0 11 11 11 11 11 3 9 10 11 11 9 9 9 10 11 9
11 12 8 13 14 8 14 13 13 13 13 0 1 1 11 1 12 15 3 2 0 12 5 4 14 6 12 14 10 10 14 3 15 12 2 2 8 11 9 5 7 9 5 5 1 9 9 1 11 5 11 12 8 13 14 8 14 13 13 13 1 15 11 2 11 3 2 3 3 2 15 3 5 4 0 15 15 2 10 10 10 11 10 11 11 10 10 11 10 11 10 11 9 11 10 10 11 11 10 10
11 15 14 8 11 14 12 14 15 13 0 8 11 1 1 1 1 12 1 15 0 5 6 5 3 4 4 3 15 15 3 2 10 11 14 7 12 6 8 7 9 7 9 9 11 9 13 0 13 13 11 3 14 8 11 14 12 14 13 13 15 2 11 11 11 1 1 15 1 3 5 0 1 5 3 4 4 2 1 10 11 11 10 11 10 10 11 13 9 6 10 14 9 11 11 11 10 11 12 9
