14 13 9 9 15 15 10 11 10 12 15 0 10 1 1 1 15 9 2 11 15 3 1 7 6 0 6 0 12 1 1 1 15 11 9 2 11 11 9 15 4 4 0 6 3 9 13 11 9 9 1 11 9 13 2 13 9 9 9 9 9 13 9 15 1 11 11 7 14 15 7 15 15 1 1 1 6 4 2 11 15 3 15 7 6 0 6 0 7 1 1 3 15 11 10 10 11 11 10 10 11 11 11 12 10 12 9 11 11 10 10 11 11 10 11 9 9 9 9 11
14 15 9 14 9 13 13 0 14 12 10 15 11 15 15 9 2 15 3 15 14 12 7 7 6 14 12 1 12 15 0 3 0 3 14 1 3 12 0 2 10 8 15 11 4 5 0 1 4 6 3 6 6 11 11 4 6 0 11 7 4 15 5 7 9 0 13 7 7 4 6 15 0 15 0 1 2 6 1 15 3 5 7 7 5 0 3 0 7 15 0 8 11 11 14 2 10 14 0 2 6 10 10 10 14 11 15 9 10 12 9 9 11 11 11 11 10 12 9 12
9 10 9 11 0 8 9 10 0 0 15 13 9 13 1 1 11 2 3 10 3 0 6 4 10 3 5 8 15 3 1 14 2 3 1 2 10 12 2 10 15 11 4 4 4 4 4 6 14 11 12 0 1 15 13 11 9 2 13 7 9 3 0 11 3 0 11 10 0 0 11 2 3 13 13 15 11 15 3 1 2 0 6 4 2 3 5 2 15 3 6 10 11 14 12 10 10 10 11 10 11 10 10 10 10 11 11 11 11 10 12 11 9 9 11 11 12 9 9 10
15 15 13 15 0 0 14 15 14 14 0 12 9 11 1 15 9 15 15 2 12 4 5 7 7 5 2 3 2 15 2 3 3 3 8 2 13 15 0 2 11 15 15 15 15 5 9 8 12 10 12 3 10 12 12 13 2 3 5 9 7 15 15 3 11 0 14 15 14 14 4 13 2 7 0 3 1 11 1 2 3 4 5 15 5 5 2 3 2 15 15 2 10 11 10 10 10 12 10 11 10 10 10 12 12 12 12 12 11 10 11 11 10 7 12 11 10 11 9 9
8 9 9 15 14 14 13 11 12 8 14 14 15 10 15 1 15 0 0 2 13 15 0 15 9 0 0 0 10 0 3 3 3 0 0 9 9 5 8 8 1 10 9 10 2 2 14 12 11 11 2 4 8 10 4 9 2 10 9 2 2 9 9 15 14 14 15 11 11 0 5 6 5 5 0 15 1 6 15 2 2 3 1 2 4 0 0 0 3 11 1 10 3 0 15 9 11 5 11 0 11 4 4 10 11 10 10 9 12 10 9 12 11 10 11 9 9 10 9 11
11 13 9 11 9 0 9 10 0 14 0 0 15 15 1 11 1 11 0 3 9 5 0 6 5 7 4 2 15 3 3 3 0 2 15 2 11 1 5 6 7 9 5 5 5 9 0 3 13 11 11 9 2 13 9 2 9 9 3 3 11 13 9 15 0 15 2 14 0 0 2 0 2 3 1 0 1 11 7 3 3 5 15 6 15 7 7 2 15 15 0 3 12 11 10 10 11 8 11 11 9 9 11 11 10 11 10 11 10 11 11 11 12 9 10 11 12 10 10 12
0 9 12 14 11 10 13 11 15 13 15 15 13 1 1 11 8 11 3 15 15 12 15 1 0 6 15 1 0 0 10 3 13 2 0 1 2 9 1 9 1 3 11 6 10 11 12 12 9 2 7 9 9 0 9 2 9 0 11 3 2 1 3 2 11 10 2 15 1 1 3 1 1 1 1 11 2 11 4 6 5 3 2 1 5 0 0 1 0 1 10 10 11 11 14 12 10 10 9 9 9 11 11 11 10 11 10 12 9 2 12 11 10 11 9 9 11 12 9 10
13 0 14 0 0 15 10 14 9 12 9 9 9 1 8 12 0 15 2 2 2 15 10 1 6 1 15 15 1 1 12 11 0 5 8 13 11 11 2 11 2 1 9 3 1 4 13 5 11 7 0 11 4 6 11 12 7 14 6 0 11 5 7 0 0 6 4 11 15 15 1 11 11 1 3 15 1 2 2 1 2 1 3 1 6 2 5 2 1 1 8 11 11 14 10 10 11 7 2 4 2 11 11 11 10 11 11 11 3 12 11 11 11 10 12 12 9 9 10 9
12 0 13 9 13 15 11 10 0 14 11 9 11 13 1 8 1 0 15 3 14 10 14 1 1 7 15 13 15 2 3 8 12 7 6 8 11 2 10 9 1 15 1 11 14 2 10 2 14 11 10 14 9 10 5 10 10 10 10 10 12 0 13 13 0 5 11 5 0 7 11 6 11 5 1 6 5 0 0 4 2 2 1 5 0 2 15 6 4 2 11 10 10 10 10 11 11 1 11 1 1 2 15 11 11 11 10 11 10 11 10 12 9 10 10 11 10 10 12 9
11 13 0 8 9 0 15 10 0 11 15 15 8 1 11 1 1 11 11 15 3 5 6 3 0 7 15 10 10 2 14 3 3 10 3 1 2 3 10 9 10 10 10 4 14 10 10 11 12 6 12 12 4 7 11 9 13 6 13 5 2 1 0 0 2 3 15 10 15 11 2 15 0 9 6 1 5 11 15 15 3 6 15 1 7 4 15 0 3 2 4 7 10 10 14 10 2 11 9 9 10 10 10 9 11 10 10 12 10 10 10 11 11 11 11 10 12 11 9 9
