13 13 9 0 9 11 11 9 11 13 11 14 15 10 11 1 12 13 15 15 15 0 8 4 4 4 11 6 15 1 13 15 14 1 13 12 3 1 6 13 3 1 7 5 0 11 11 3 13 1 2 15 15 9 0 3 11 11 9 1 9 2 9 9 1 11 7 4 1 2 13 13 9 0 15 15 3 9 11 13 1 11 11 15 0 2 15 3 0 15 7 0 3 4 4 6 1 6 1 2 5 1 6 6 13 14 11 1 10 10 14 2 7 4 12 10 11 11 10 10 11 4 11 10 12 10 11 11 10 10 10 10 12 10 10 9 10 10 10 9
11 13 10 11 0 13 14 15 11 15 14 9 12 1 1 10 14 0 13 5 1 5 4 7 4 10 0 13 2 10 9 2 12 1 3 15 6 6 4 6 9 2 5 3 9 11 2 8 12 12 9 11 5 6 11 2 9 3 11 9 11 9 13 9 9 13 13 5 9 11 11 13 13 11 9 13 13 13 11 15 7 2 3 2 4 6 0 0 4 7 6 5 1 7 7 7 0 0 3 1 3 0 6 1 10 15 10 2 11 11 14 14 5 2 9 11 11 11 10 12 12 11 10 12 10 11 11 10 11 9 11 11 9 9 10 12 11 9 10 11
11 9 8 14 0 8 14 8 11 15 11 15 10 9 10 0 14 15 2 15 15 10 15 3 12 5 15 1 8 1 11 15 15 2 14 3 3 12 5 6 1 6 15 10 10 3 4 13 15 11 3 15 9 9 3 0 7 9 6 9 0 5 9 7 4 9 12 12 7 9 3 9 0 14 9 8 14 15 15 15 3 15 2 15 4 3 0 5 2 15 2 1 15 3 0 2 15 0 6 1 0 2 11 10 10 11 14 11 10 5 7 10 10 10 10 10 4 9 10 12 11 10 9 9 9 9 7 10 6 10 11 10 10 10 11 10 12 12 12 11
14 13 8 9 9 11 0 15 13 0 13 11 1 1 1 13 1 3 3 4 15 5 7 6 4 3 3 2 3 2 3 2 10 3 15 2 0 14 4 10 4 10 6 5 1 6 13 8 15 12 2 13 13 10 6 8 15 8 11 4 10 9 8 9 9 4 9 9 0 15 3 2 5 5 9 13 0 11 13 0 2 11 9 13 15 4 5 0 3 15 15 5 4 3 0 3 2 2 3 15 3 6 11 3 10 14 14 4 14 10 10 10 6 11 4 10 11 10 15 12 9 10 14 10 5 9 11 10 10 11 9 9 9 10 11 11 9 12 9 10
15 13 13 11 8 0 13 10 13 14 8 15 10 1 11 1 11 15 15 2 1 9 12 4 4 0 6 1 13 9 15 0 2 15 12 0 5 12 13 2 2 11 15 3 15 8 3 0 3 3 9 1 9 11 1 7 2 1 9 3 0 0 13 11 13 9 13 13 13 13 13 13 7 9 9 0 13 9 9 1 0 15 11 2 11 11 6 4 15 2 2 0 3 7 4 0 6 1 7 6 15 7 1 6 6 10 14 10 14 11 2 11 15 3 15 15 3 9 10 10 10 10 12 11 9 11 10 10 11 3 12 11 11 11 5 9 6 10 9 12
8 13 15 11 14 15 12 13 11 15 14 13 10 11 1 1 14 15 2 15 14 0 1 6 6 6 7 11 2 11 2 3 1 3 1 3 13 11 0 1 7 0 2 2 10 15 10 3 12 3 9 8 3 11 11 8 10 10 2 10 10 2 15 0 2 13 1 9 4 9 4 7 15 1 6 0 2 15 9 0 3 13 2 11 11 11 15 3 2 0 3 6 1 6 2 6 7 6 2 1 2 7 1 9 0 3 12 11 5 15 10 6 2 7 2 15 11 11 11 11 11 10 11 10 11 10 12 12 9 10 10 9 11 12 12 10 10 11 9 9
6 11 0 13 15 9 12 9 9 10 8 11 1 0 1 14 15 3 3 8 0 4 5 9 6 15 13 14 12 1 8 13 1 3 9 15 12 2 6 14 15 9 4 11 0 13 9 15 11 15 9 0 9 2 9 11 9 1 9 7 9 4 13 15 4 9 13 1 13 15 3 3 0 13 15 9 13 9 9 15 5 4 7 5 4 5 6 7 0 7 5 4 6 4 6 15 5 3 3 3 15 13 1 15 10 3 10 7 11 14 14 7 4 11 10 14 12 12 10 12 12 10 9 12 9 9 11 11 11 9 9 9 9 9 10 10 11 10 12 12
11 0 14 9 13 0 9 15 9 10 11 12 14 1 9 1 10 0 2 2 6 5 0 6 11 4 7 1 3 3 8 3 3 2 2 2 9 1 10 15 10 12 6 0 3 3 10 9 9 14 9 12 3 8 6 5 11 11 9 2 9 9 3 9 11 8 10 9 15 8 15 0 14 9 13 0 9 9 7 0 11 0 4 1 6 15 0 0 7 2 6 0 15 15 5 4 15 7 5 7 6 11 2 5 10 14 5 1 14 13 10 11 6 9 11 11 11 9 9 11 9 12 11 11 11 5 9 10 12 11 9 9 9 10 11 11 10 12 10 10
8 10 9 0 0 11 0 14 14 10 12 12 15 1 11 11 9 11 3 2 2 0 2 8 0 8 12 1 14 0 15 3 2 8 2 3 2 10 13 3 11 3 10 10 2 11 11 3 13 9 11 11 1 2 3 11 13 11 5 6 6 1 3 5 4 15 9 9 0 6 7 0 11 11 15 6 0 4 14 14 5 4 0 11 11 1 7 7 3 2 2 4 2 6 0 1 5 0 4 0 4 3 11 4 10 3 7 4 13 10 11 10 10 11 15 11 11 12 10 9 11 12 9 12 11 11 11 11 9 9 12 12 10 10 11 6 11 11 12 9
10 13 0 0 14 8 14 8 14 0 9 10 8 15 0 1 10 3 2 2 15 12 0 1 6 6 1 10 10 1 11 3 2 11 9 15 1 4 12 1 1 1 1 2 0 2 0 9 9 0 13 1 11 7 5 11 13 2 15 0 9 0 11 9 9 9 4 13 6 11 15 11 4 14 14 8 14 8 6 9 9 6 11 15 5 1 4 3 2 2 15 15 0 1 6 2 2 0 4 4 2 3 15 9 9 12 12 10 7 10 5 11 11 2 15 15 0 9 10 12 9 10 11 12 5 11 5 12 12 9 10 12 11 9 9 10 11 10 12 11
