8 8 15 11 9 9 8 14 12 13 0 13 1 0 1 8 1 8 2 0 5 14 5 5 7 4 0 2 3 3 1 0 2 2 3 2 0 1 2 13 0 1 4 13 9 13 1 9 15 10 9 2 1 1 0 1 10 8 11 2 7 3 14 15 12 12 2 3 4 11 15 9 5 13 6 13 2 1 6 8 8 14 15 11 15 5 2 9 9 13 0 13 13 6 11 3 11 1 1 0 0 6 5 5 7 4 4 1 3 3 15 7 0 2 3 11 7 1 10 6 15 1 5 14 9 10 2 10 15 10 10 9 1 11 3 11 15 12 11 11 11 15 9 2 11 11 8 11 14 11 14 9 10 11 9 11 11 9 10 12
0 11 13 13 11 15 13 15 11 13 9 8 11 13 1 0 11 10 10 3 15 7 5 7 7 5 10 15 15 2 2 13 1 3 3 13 12 7 14 7 14 0 5 15 12 6 13 6 9 2 11 6 11 6 1 4 7 5 5 6 6 9 7 9 5 2 4 9 0 7 6 6 7 9 6 9 6 3 15 4 3 11 13 13 5 9 13 15 7 13 2 15 1 11 4 0 5 6 7 3 15 7 15 5 5 5 1 3 7 2 2 0 7 0 11 3 15 10 14 0 2 0 5 14 11 11 9 9 9 10 11 11 11 10 12 9 10 9 5 10 6 9 15 9 15 10 4 10 9 10 10 11 9 12 12 11 12 11 12 9
13 15 0 14 8 14 8 12 15 15 9 0 1 13 0 1 1 9 15 3 0 0 9 11 8 7 0 15 13 2 3 11 0 1 3 1 2 3 13 0 1 7 6 9 7 14 9 3 12 0 12 0 9 10 10 2 15 5 3 5 12 5 5 6 10 9 4 10 10 12 12 9 8 14 14 12 8 1 10 10 10 8 4 14 8 14 8 12 15 2 9 3 13 13 2 0 1 2 0 5 0 3 1 6 5 7 0 15 5 7 15 5 6 1 3 5 2 11 11 10 1 10 4 3 2 14 9 12 11 12 12 9 9 10 10 11 15 12 15 12 11 9 4 9 6 10 15 12 10 11 11 10 11 9 9 9 9 11 10 9
10 0 14 10 10 11 10 10 9 10 14 12 11 1 1 11 14 0 2 9 3 12 13 7 7 10 6 0 1 0 15 15 2 2 0 2 15 8 12 9 5 4 11 11 9 1 0 0 2 10 5 4 8 11 15 6 3 5 10 13 0 11 12 11 9 10 5 8 15 10 10 10 12 10 8 10 12 12 12 14 10 0 14 10 13 10 10 14 9 7 9 7 11 15 1 15 0 2 0 0 15 15 0 1 1 0 6 2 15 3 1 15 5 0 1 2 8 10 11 10 11 10 11 11 15 7 4 0 10 10 10 11 11 11 10 10 10 11 10 11 11 11 10 11 9 12 10 9 11 10 10 12 12 11 10 12 12 12 12 12
9 0 12 14 8 11 8 11 10 13 15 10 15 0 1 1 1 8 15 0 9 3 15 6 7 12 7 9 15 2 9 13 0 5 1 13 0 15 15 13 3 1 3 9 11 2 2 1 11 6 7 6 7 14 10 9 7 10 10 0 10 10 3 10 11 8 15 2 14 9 3 10 11 12 15 12 2 1 8 10 9 0 3 14 10 11 8 6 3 13 7 3 15 0 5 1 11 7 11 0 15 3 4 2 5 2 4 5 3 2 1 5 2 5 1 4 0 4 2 10 3 5 10 6 1 11 11 1 3 3 7 11 7 11 6 10 11 2 9 11 0 10 3 11 11 7 13 11 0 11 3 10 12 12 12 9 9 12 12 11
14 13 14 14 9 9 11 14 10 15 13 0 9 1 13 1 14 12 3 11 5 1 7 6 6 5 15 2 3 0 2 15 2 15 3 11 0 13 12 2 6 7 4 12 4 2 15 3 9 0 2 8 2 10 10 2 10 3 9 3 9 2 14 9 10 11 13 3 15 13 9 13 2 0 13 3 11 0 3 15 13 13 3 15 15 1 11 14 14 6 4 1 9 4 13 13 6 11 3 11 11 3 7 15 6 5 15 2 15 5 2 15 2 15 3 1 0 13 11 2 10 7 6 10 4 2 15 15 9 11 2 10 10 10 10 10 11 3 9 3 10 4 9 9 10 10 11 11 11 11 10 11 10 12 9 12 12 12 12 11
10 0 10 8 15 10 9 10 15 15 0 11 1 0 1 14 13 9 15 1 15 1 10 7 0 0 1 0 0 3 2 1 11 3 15 14 4 4 10 10 13 0 11 10 3 15 5 4 8 3 12 5 6 3 2 7 5 11 1 10 10 0 9 11 9 11 3 2 2 9 2 13 0 9 13 4 9 11 15 4 10 0 10 10 10 10 9 2 13 11 0 3 3 11 11 11 11 11 7 1 1 1 1 7 0 3 1 0 0 3 4 6 3 3 15 2 0 2 10 10 10 10 11 11 11 11 5 4 5 3 12 12 11 9 9 10 10 10 11 10 10 11 10 11 10 10 9 12 10 12 12 12 10 9 10 11 9 9 9 9
15 10 0 15 13 10 0 8 8 14 13 13 9 12 15 11 1 13 3 2 3 15 9 0 8 15 7 15 0 13 0 2 3 15 2 3 3 15 13 14 11 10 14 3 4 7 13 11 0 10 14 9 4 5 10 14 2 11 11 0 9 3 6 8 9 9 10 3 8 11 3 9 11 3 13 9 13 9 3 5 0 4 0 15 6 2 5 7 6 6 13 13 13 7 1 5 6 11 15 11 2 15 4 0 7 0 0 15 0 6 6 3 7 2 2 0 11 5 10 10 14 11 14 3 0 7 11 10 0 10 9 9 9 5 10 14 9 11 10 0 9 9 11 11 11 10 10 9 12 10 11 10 11 11 10 9 10 9 11 9
11 15 0 9 12 13 0 10 10 15 9 11 9 9 1 15 14 14 9 2 0 8 11 8 14 1 6 1 14 0 15 3 2 12 4 1 2 3 13 10 10 3 0 11 3 2 10 2 15 15 0 9 2 5 9 1 0 1 9 3 5 7 11 9 6 9 3 6 9 4 9 7 13 0 2 9 9 9 11 2 11 15 5 0 8 7 8 10 15 15 0 11 5 2 4 11 1 11 2 2 0 4 0 0 15 1 6 6 2 0 15 3 2 4 4 6 2 11 10 10 10 10 1 11 3 11 11 7 0 5 0 9 11 11 11 10 11 10 11 9 12 10 11 10 11 10 12 9 9 9 9 12 10 12 10 10 11 9 11 12
11 9 14 8 14 9 15 11 14 0 9 15 11 15 8 1 14 15 3 3 8 8 0 10 12 6 9 1 15 0 15 1 2 11 2 11 9 5 6 5 14 7 0 2 11 5 11 15 12 9 9 14 3 12 11 9 10 5 0 12 4 10 12 7 7 10 5 10 5 10 10 5 10 11 7 14 10 5 4 11 10 14 9 12 15 0 0 7 5 13 1 15 7 0 6 0 3 3 7 6 7 4 1 5 6 1 5 0 5 0 2 3 2 11 2 11 10 10 6 5 1 13 14 11 10 10 11 9 12 9 9 9 11 11 11 9 10 11 11 11 11 9 9 9 11 10 10 10 11 5 11 10 11 11 7 11 7 9 10 11
