11 11 11 11 11 11 8 8 8 8 12 12 12 1 1 12 10 10 10 10 10 11 6 7 10 10 11 11 11 3 3 2 2 7 7 7 7 7 7 7 7 7 0 0 0 0 0 3 3 6 11 11 14 11 3 11 11 0 0 11 9 9 10 3 9
9 0 0 0 13 13 0 0 0 0 11 0 0 1 12 12 12 12 12 12 12 13 7 7 12 12 0 0 0 0 0 0 0 0 0 0 0 0 5 0 0 0 0 0 4 4 0 0 0 0 10 10 10 0 3 10 10 10 11 3 3 3 11 1 1
10 0 0 0 0 10 10 12 12 12 12 10 12 1 11 15 12 2 2 2 12 12 6 6 6 6 6 6 6 6 6 3 3 3 6 6 6 6 6 6 6 4 4 4 4 2 5 5 11 10 14 6 6 10 10 6 6 10 6 10 10 6 6 9 6
9 13 13 13 13 13 13 0 0 11 11 10 10 1 1 1 11 11 10 10 10 10 10 6 12 12 15 0 0 0 0 0 3 0 0 0 0 0 6 6 6 0 0 0 0 0 0 0 0 11 11 14 2 2 11 0 9 9 9 0 9 9 9 0 9
8 15 12 12 12 12 8 8 8 8 11 11 11 11 11 11 11 11 3 14 14 14 14 5 5 11 11 15 1 1 3 15 3 5 5 5 7 3 7 7 5 7 5 4 5 2 2 2 2 14 11 10 14 11 14 10 2 2 6 10 10 10 6 10 10
13 9 14 14 9 9 9 14 14 14 14 11 1 1 1 1 1 14 14 14 3 10 3 6 7 12 12 13 15 0 0 7 3 3 3 3 4 4 0 3 3 3 3 3 3 3 3 3 3 11 1 10 1 1 1 11 6 10 6 6 9 6 9 6 9
15 13 13 13 13 14 14 9 14 14 14 14 14 1 8 0 0 0 2 2 14 14 14 7 7 13 13 13 0 0 0 3 3 3 3 3 3 3 0 0 4 3 3 3 3 3 3 3 11 3 10 14 3 0 0 10 10 9 9 9 0 9 9 9 9
11 11 11 11 11 11 11 11 14 12 14 14 14 14 1 14 9 9 9 2 2 10 10 10 10 11 11 11 11 11 11 1 7 7 7 7 7 7 7 7 7 7 5 5 5 5 5 5 5 11 11 14 10 11 7 5 9 9 1 6 6 6 10 10 9
11 0 0 0 0 0 9 0 0 0 0 9 1 1 1 1 1 1 1 1 1 1 7 7 1 1 1 1 1 1 1 1 1 1 1 1 7 7 0 3 2 2 2 6 6 6 15 3 3 11 10 1 6 10 10 15 10 10 10 6 6 10 10 10 10
10 10 10 10 10 10 14 9 14 9 12 12 1 1 12 15 1 1 1 3 1 3 3 7 7 3 1 1 3 3 3 15 2 2 2 2 2 2 2 2 2 2 4 0 0 0 0 0 1 14 10 10 10 6 10 10 6 6 9 10 10 6 6 9 6
