9 13 9 7 9 10 11 0 11 9 9 8 13 1 10 13 11 9 13 3 13 14 1 5 14 7 4 5 4 9 5 11 6 11 2 6 0 6 6 1 15 3 1 5 5 0 15 14 4 13 3 9 5 14 9 13 15 12 3 3
14 0 15 0 14 9 0 0 0 11 14 0 9 15 1 13 14 15 15 3 14 15 1 10 4 8 0 9 0 13 15 6 15 6 11 3 1 2 5 5 4 4 3 1 3 2 1 6 15 3 12 11 5 15 10 11 10 11 1 11
8 7 15 10 9 11 8 9 0 11 15 12 0 1 12 1 9 9 9 2 15 2 9 0 6 8 15 3 13 11 7 5 11 15 2 11 7 1 0 0 7 0 15 6 4 1 2 3 4 14 10 12 15 10 8 0 11 12 4 2
9 9 15 7 7 8 11 11 15 12 12 11 12 15 13 1 1 3 2 8 11 9 13 6 15 12 2 15 1 15 13 3 6 0 1 1 11 7 15 4 3 1 5 6 6 3 3 15 14 4 14 6 0 2 14 15 13 5 3 6
7 4 14 14 8 10 9 12 11 11 12 11 1 15 1 11 15 12 2 15 0 9 9 6 8 15 6 0 2 0 13 3 2 7 11 0 11 7 15 1 4 2 6 15 5 4 14 1 4 6 9 9 11 3 8 10 0 0 1 10
14 15 12 12 15 10 9 14 12 11 11 14 1 13 1 0 11 11 3 13 9 2 1 6 14 5 9 3 4 7 13 2 6 7 5 11 4 6 5 5 2 1 2 3 6 3 2 14 6 6 9 10 9 1 3 10 9 11 14 9
14 11 14 11 14 13 0 15 0 11 10 14 9 11 1 14 13 10 0 14 8 8 2 8 5 11 8 9 9 15 13 2 2 3 4 11 6 15 6 5 6 6 1 5 5 5 14 4 1 14 12 6 5 0 14 10 8 0 13 7
14 11 10 7 15 11 0 8 11 10 15 13 15 13 10 1 13 0 2 9 3 15 3 5 14 5 8 3 7 4 13 13 6 0 11 7 11 6 0 15 7 5 15 5 0 15 14 1 7 2 12 12 12 12 4 13 1 4 2 2
10 7 15 9 11 9 12 11 15 14 10 14 8 1 15 13 10 1 0 2 14 13 12 9 5 8 13 1 1 13 15 7 7 11 1 11 5 7 1 7 15 15 4 6 5 1 1 0 4 13 2 11 5 5 15 0 6 2 5 2
11 0 13 13 9 0 9 11 14 14 11 14 9 1 9 1 13 14 15 2 0 8 0 5 14 7 1 5 7 13 9 4 15 4 11 5 2 4 5 4 15 1 6 3 2 3 2 4 14 1 2 11 4 8 11 9 10 3 8 6
8 10 15 7 11 12 14 9 8 15 9 9 9 1 15 1 0 8 14 9 13 9 8 6 14 14 13 13 9 13 13 11 0 7 2 11 4 6 7 3 0 6 5 5 3 2 0 1 14 3 8 6 4 5 10 12 11 0 15 14
10 9 7 15 11 12 9 14 8 12 10 0 14 10 1 15 15 9 3 10 2 1 11 10 4 12 10 1 11 11 9 0 7 0 7 11 6 5 15 2 6 6 6 15 6 15 15 14 0 15 11 10 10 11 11 12 15 7 0 8
0 12 12 14 9 13 15 9 15 15 13 15 11 15 1 15 0 9 0 10 9 1 10 8 6 8 9 13 0 9 13 9 11 1 0 11 4 3 2 0 2 1 7 6 1 1 15 14 4 13 9 3 15 11 11 11 9 1 14 13
0 9 8 0 10 9 12 0 15 0 9 10 8 8 1 13 12 14 9 13 13 11 1 6 11 8 13 11 9 11 13 4 1 15 11 7 15 4 3 0 2 2 5 7 15 7 4 7 2 10 12 4 11 8 9 3 9 8 7 8
9 12 10 0 14 15 9 14 0 8 0 11 12 1 15 1 15 11 3 15 14 11 0 6 13 14 4 15 13 15 9 13 1 11 5 11 15 7 3 4 0 7 7 2 5 5 6 14 4 3 11 11 10 14 4 10 9 3 2 2
7 12 14 12 0 9 0 8 11 10 9 15 9 1 8 13 1 1 1 3 1 2 12 10 7 12 6 4 2 3 11 1 6 0 5 3 5 7 4 6 2 1 7 5 1 1 7 0 10 11 11 1 9 3 0 7 4 9 13 0
0 11 14 13 7 10 11 15 9 15 13 15 10 1 8 8 11 3 13 13 9 5 7 0 6 2 14 10 10 3 9 7 0 7 6 11 11 0 2 2 1 3 6 4 6 2 14 4 1 15 3 10 7 5 7 10 15 2 2 2
0 9 12 12 9 14 12 0 14 14 15 0 0 1 10 0 9 1 1 3 10 15 13 7 11 0 14 1 1 2 6 6 3 1 3 2 0 1 2 5 0 2 2 15 0 10 1 11 3 13 15 6 0 0 9 1 9 11 7 4
14 15 15 0 9 10 11 0 14 12 13 10 11 14 1 15 0 15 0 2 14 9 14 8 10 7 2 9 13 13 15 1 11 15 2 11 7 5 1 4 4 1 0 2 2 0 2 5 5 0 9 14 2 0 9 9 4 12 4 6
15 13 9 9 12 8 10 14 10 11 9 14 10 1 0 1 0 11 2 1 8 12 4 4 12 7 10 9 11 0 13 13 6 11 15 11 5 7 2 7 4 5 3 3 1 3 15 5 3 14 13 2 13 11 15 3 9 12 4 6
4 7 13 15 11 13 13 0 15 11 11 8 11 9 1 15 12 12 12 3 0 3 15 4 12 6 6 11 5 6 13 11 3 3 11 15 11 15 2 5 1 3 1 15 0 0 1 1 6 14 11 9 4 14 12 14 12 11 13 13
9 7 11 13 8 12 15 13 11 12 11 9 14 1 9 13 10 15 3 10 8 8 14 3 5 8 1 1 9 0 1 13 1 4 6 11 11 7 3 2 1 1 5 0 4 15 5 15 5 0 12 12 12 4 12 9 12 13 0 10
3 11 10 7 0 15 15 8 9 9 14 14 14 1 1 14 9 12 3 13 3 11 8 4 5 8 5 5 11 5 9 6 4 15 0 11 3 0 15 3 3 3 3 6 15 14 14 1 1 15 11 14 3 10 7 7 9 3 12 13
7 3 15 10 9 14 15 0 0 9 12 10 1 10 1 10 10 11 3 8 2 9 3 15 7 10 10 4 3 11 9 1 0 2 15 11 2 3 3 1 4 0 6 15 5 1 1 5 1 1 9 11 4 11 6 11 6 8 1 2
10 0 0 12 0 0 0 11 15 8 11 9 12 1 1 9 10 14 3 3 11 10 7 13 10 7 8 15 9 9 13 6 1 2 2 11 3 1 3 3 0 0 15 2 3 15 6 4 3 8 9 5 11 6 11 3 10 5 14 3
12 13 15 7 11 12 10 10 14 0 9 12 9 10 1 14 13 11 13 2 0 0 11 14 2 4 12 8 3 4 9 9 0 15 6 11 4 6 2 1 7 7 2 5 7 6 3 14 3 0 9 10 9 4 10 8 10 8 14 9
11 3 9 8 8 11 10 13 11 13 14 0 12 1 9 1 12 15 2 15 2 2 4 5 5 12 10 12 9 15 0 13 2 7 0 11 7 3 15 4 15 15 0 3 7 5 2 5 7 9 11 13 10 9 9 0 5 5 11 6
6 12 3 0 12 8 12 15 14 0 13 8 14 8 1 15 12 8 11 3 15 13 13 0 7 1 14 4 4 11 11 0 13 7 15 0 7 3 6 3 0 4 3 4 1 0 14 2 15 5 0 0 12 1 2 5 10 13 10 15
11 15 7 11 13 12 10 12 11 12 15 10 9 10 1 13 1 1 14 3 3 11 1 7 7 12 12 6 0 9 4 15 15 4 11 5 2 15 5 0 1 3 3 3 15 3 15 14 7 4 11 1 1 9 7 6 10 3 13 14
8 13 12 12 8 11 15 8 15 11 8 14 11 14 1 10 10 9 9 11 10 11 11 4 8 9 6 11 15 15 13 1 3 6 11 5 0 2 15 1 2 6 2 1 1 4 3 15 4 2 10 9 2 9 2 8 9 8 3 10
