12 10 13 10 9 14 11 0 11 14 11 14 11 1 1 1 0 2 2 0 14 1 8 9 6 13 13 11 13 13 9 3 9 11 2 11 0 11 10 9 12 10 13 7 11 15 11 11 11 11 5 3 3 1 1 1 15 2 3 0 15 1 15 1 9 10 11 11 9 9 9 10 11 10 11 9 9 11 11 10
12 9 13 13 10 11 15 11 11 10 0 15 13 1 15 1 14 3 2 15 1 0 1 9 6 0 13 11 15 9 2 9 2 13 15 2 1 14 3 12 12 6 6 13 7 15 15 11 11 15 0 3 1 1 15 1 0 3 2 15 3 1 1 10 10 10 11 10 11 9 11 12 11 9 11 9 10 10 12 12
9 13 14 11 9 13 11 0 11 11 11 13 0 1 0 1 1 12 0 3 0 10 4 4 9 5 2 11 9 13 9 2 9 13 3 11 11 11 10 11 11 11 1 11 9 13 11 0 11 11 0 0 6 1 6 7 6 7 0 3 0 4 4 11 10 9 12 10 10 9 12 10 11 10 11 10 11 9 10 12
14 11 13 8 9 0 13 11 11 11 11 15 15 1 10 1 9 12 0 2 12 1 5 4 15 9 4 9 2 9 11 3 9 13 9 2 11 14 2 10 14 11 13 7 0 0 7 11 11 11 6 15 1 4 0 1 6 3 0 2 5 0 4 10 10 10 11 10 11 9 11 10 10 12 9 10 9 10 9 9
14 14 11 13 0 15 12 15 8 11 15 15 15 15 1 0 14 2 2 15 12 15 15 11 6 9 11 9 9 0 13 2 2 9 2 2 11 10 9 8 14 4 0 13 7 15 0 0 11 11 0 15 15 15 1 3 1 15 7 0 0 15 15 10 10 10 11 10 11 10 11 9 11 9 10 12 12 12 12 12
14 15 13 15 0 15 11 11 11 11 9 14 15 0 1 11 1 15 15 3 12 0 0 13 7 11 11 13 15 11 9 2 3 9 2 3 11 14 3 10 14 6 13 15 0 3 11 11 11 11 15 1 4 2 4 4 15 15 3 3 15 0 2 10 11 11 11 11 10 11 10 11 10 12 11 10 9 11 11 10
8 8 13 13 13 8 11 11 10 11 0 9 0 1 1 1 1 8 3 3 3 5 6 4 9 6 5 9 1 9 2 9 2 9 9 3 9 12 10 12 8 8 13 13 11 11 11 11 11 11 0 7 15 1 0 1 15 7 7 4 3 2 6 11 10 10 10 10 11 10 12 9 11 9 9 9 10 11 10 12
8 15 8 15 0 8 10 15 11 11 10 15 12 1 1 1 1 3 2 1 1 1 1 11 6 9 11 9 1 2 2 9 1 2 1 11 3 14 11 12 8 7 7 13 5 3 7 11 11 11 2 15 0 1 1 2 1 15 2 1 2 5 1 10 10 10 11 10 11 10 11 9 12 10 10 11 11 10 12 12
0 15 8 9 15 15 0 13 9 10 8 14 13 1 1 0 1 10 1 15 2 14 6 7 9 7 11 9 11 13 2 9 9 2 15 11 2 0 14 11 0 0 7 15 9 9 4 15 11 15 15 1 1 1 1 0 6 0 3 2 2 3 6 10 10 10 11 10 11 10 11 9 12 9 10 10 10 10 12 11
8 10 9 9 9 15 11 9 11 13 11 0 10 1 1 1 1 15 2 3 15 14 5 6 9 9 5 9 11 9 11 2 9 3 9 3 1 10 12 8 8 8 7 9 9 15 11 11 11 11 15 0 4 1 1 1 1 15 2 3 15 4 5 11 10 10 11 10 10 9 12 10 11 10 11 10 10 11 11 9
8 12 13 10 9 0 11 0 10 8 11 12 11 1 0 15 15 8 14 3 10 8 7 7 9 7 1 9 9 2 9 9 2 9 9 9 3 12 10 12 14 12 13 9 9 0 11 15 11 11 1 7 0 1 0 0 0 0 3 3 2 6 7 11 10 10 11 2 9 10 11 10 11 9 9 9 11 11 11 9
9 9 13 9 9 0 15 11 8 11 11 14 15 1 1 1 11 2 2 0 14 14 1 11 6 15 1 13 13 11 9 2 13 13 2 11 10 10 12 12 8 6 13 13 0 0 5 11 11 11 5 5 0 2 1 1 1 2 2 0 3 0 1 10 10 10 11 10 11 10 12 12 11 9 9 10 11 9 10 12
14 0 0 13 0 14 15 0 11 11 14 15 14 1 0 15 1 1 0 3 14 14 14 9 4 2 1 15 13 15 9 9 11 11 9 2 15 14 15 10 14 0 7 13 0 1 6 0 11 11 0 4 7 1 0 15 1 1 5 3 1 15 15 11 10 10 11 15 9 10 12 9 11 11 10 10 12 12 12 12
12 14 9 13 13 15 0 11 11 14 14 0 15 8 9 1 1 0 10 3 14 14 15 13 7 11 11 15 9 11 9 3 3 3 15 11 2 11 10 1 15 4 15 13 13 15 0 11 0 0 1 0 7 1 0 1 1 15 15 1 3 15 1 10 10 10 11 10 11 10 11 10 11 9 11 11 11 9 10 12
8 11 9 9 9 11 15 10 11 11 14 9 15 1 11 1 0 15 8 2 3 6 6 4 6 7 9 3 0 2 13 2 13 9 3 3 1 10 3 12 8 7 0 13 9 7 15 11 11 11 15 7 4 1 2 1 0 2 2 2 7 6 6 10 11 11 10 14 12 11 10 11 10 9 12 11 9 10 12 12
14 0 9 0 11 0 14 11 10 11 0 0 15 15 1 1 1 2 2 14 0 8 15 13 7 1 1 9 11 3 2 9 9 2 13 2 1 14 0 14 14 7 9 7 11 3 15 11 11 0 0 15 15 15 1 1 1 15 2 3 0 5 15 10 11 11 10 10 11 3 9 9 11 9 12 12 11 9 10 10
9 11 0 13 13 15 15 11 15 0 0 14 15 15 1 0 8 0 3 3 12 15 0 1 6 13 1 9 1 9 2 9 2 11 2 11 11 3 10 1 0 4 0 13 13 15 15 11 15 0 1 5 7 0 1 15 0 0 3 3 1 3 0 10 11 10 10 10 11 10 11 10 12 9 11 11 11 10 12 12
0 14 13 13 0 12 15 8 11 11 15 0 0 1 0 1 15 1 10 3 15 8 6 5 13 4 9 13 13 9 9 3 9 9 3 11 3 10 1 10 11 7 13 13 0 0 0 11 11 11 0 6 4 1 4 1 15 4 6 3 7 15 7 11 10 10 11 13 10 10 11 9 11 9 11 11 9 10 12 11
9 0 0 13 0 12 15 14 11 8 0 0 15 1 10 15 0 8 3 3 3 8 0 15 7 13 11 1 13 1 13 2 2 1 13 9 3 14 2 2 1 6 0 13 0 2 15 11 11 0 15 15 7 7 6 0 15 0 3 3 3 4 15 10 11 11 10 1 12 12 9 11 9 9 11 12 9 12 12 12
8 13 0 10 9 15 11 15 11 10 0 0 14 1 14 15 9 8 3 3 3 12 0 9 7 11 0 13 9 3 2 13 11 0 11 2 1 10 3 12 8 15 5 13 9 7 11 5 11 1 15 4 4 1 2 2 15 1 3 5 3 0 0 11 11 11 10 11 10 11 10 12 11 9 10 11 9 9 10 12
9 11 15 15 9 13 11 15 13 11 11 15 15 1 15 1 13 8 3 3 3 3 7 5 9 1 5 9 15 13 2 9 9 2 11 2 11 3 14 11 15 11 1 11 9 13 11 3 11 11 3 15 5 6 7 6 5 3 3 3 3 3 7 12 9 10 10 10 11 10 11 10 11 9 11 11 11 10 11 9
0 13 13 13 0 15 15 15 15 0 15 9 15 1 1 1 1 12 3 2 3 6 7 5 1 6 4 3 3 2 9 9 2 11 3 11 3 2 14 15 0 7 7 13 0 7 11 11 15 0 0 15 1 15 1 1 1 0 3 2 3 3 7 10 10 10 11 10 11 10 11 10 11 10 10 11 12 12 12 12
11 12 11 11 13 13 15 14 10 11 8 8 12 1 1 15 1 14 1 3 10 8 4 5 13 6 11 9 11 9 2 9 9 2 0 11 2 0 14 15 11 11 11 15 13 13 3 11 2 11 0 2 4 6 1 1 1 2 2 3 3 0 4 10 10 10 11 10 11 9 9 9 9 9 10 11 10 12 12 11
12 12 9 13 13 9 15 11 11 13 8 15 0 1 1 1 1 8 15 2 3 7 6 5 7 6 9 3 3 9 2 9 9 2 9 9 3 14 8 10 12 12 9 13 13 11 11 11 11 11 0 6 7 1 1 3 1 2 3 2 3 7 6 10 11 11 10 13 10 10 11 10 11 11 10 9 12 10 12 11
11 15 13 15 9 0 15 0 11 11 14 15 0 1 15 1 9 3 12 2 2 1 0 6 9 6 1 15 1 9 13 2 9 3 11 0 2 12 11 2 11 7 13 6 11 0 11 0 11 11 1 2 2 0 0 1 4 0 0 2 2 1 0 8 10 6 10 14 11 10 12 12 10 9 11 12 12 12 11 9
8 12 0 13 9 15 15 11 8 11 15 13 15 1 1 1 1 3 2 1 15 14 1 1 6 11 9 1 11 9 3 9 3 9 11 11 11 14 11 12 8 15 1 13 9 15 15 11 11 11 2 6 6 6 15 1 1 2 2 1 3 15 3 10 11 11 11 11 11 11 3 11 15 9 10 11 9 11 11 10
8 13 13 13 9 15 10 8 13 11 11 15 9 1 15 1 13 10 3 1 12 2 7 6 2 4 1 13 1 9 11 13 2 13 2 3 0 14 11 12 8 7 15 13 9 7 3 11 11 11 3 15 7 7 15 1 1 6 3 1 3 2 7 10 10 10 11 10 11 10 11 10 12 9 10 10 9 12 11 12
15 0 11 13 15 0 11 11 15 11 8 10 15 1 0 0 1 14 3 3 14 14 10 15 6 15 1 15 13 9 9 9 3 3 11 1 11 2 14 3 15 6 4 13 7 0 11 11 15 11 3 2 15 1 15 7 5 0 3 3 3 0 15 10 11 11 10 15 9 10 11 10 10 9 12 10 11 9 10 11
8 13 8 13 9 0 15 9 11 11 10 11 12 15 1 1 11 8 3 10 8 8 0 0 6 9 9 11 9 11 9 3 11 9 3 1 2 14 11 12 8 4 7 13 9 0 0 11 11 11 15 15 4 15 2 2 0 6 3 0 3 1 0 10 11 11 11 11 10 11 10 12 10 9 10 11 9 10 11 12
8 0 8 13 13 15 15 11 15 0 12 15 0 1 1 11 15 13 10 3 3 8 15 7 1 7 9 11 9 2 3 13 3 11 2 11 2 14 11 12 8 0 7 13 0 0 0 11 11 0 0 0 0 5 4 2 15 0 15 3 3 0 15 11 10 9 12 11 11 11 10 11 10 11 10 11 10 10 9 10
