3 13 12 0 13 11 11 10 11 14 15 10 10 8 1 11 13 13 15 2 15 1 2 15 15 0 2 7 6 3 6 2 14 0 3 10 13 9 5 0
12 10 3 14 12 15 8 0 0 11 0 15 10 9 1 9 15 13 3 1 3 1 3 4 1 15 5 15 1 5 6 1 5 0 6 1 13 9 2 10
7 4 0 13 10 12 8 8 13 0 14 11 9 0 11 13 11 2 1 3 11 15 11 3 2 7 15 6 0 7 2 7 0 14 4 1 3 0 15 0
8 13 7 14 10 9 13 8 12 8 11 14 14 8 0 0 15 3 3 3 3 1 1 15 3 4 7 5 0 3 14 1 0 3 13 3 3 12 3 6
12 1 10 14 9 13 15 10 12 0 12 12 15 8 15 9 11 1 11 0 3 3 1 0 11 7 3 3 4 1 1 2 6 0 8 8 7 2 8 4
9 7 7 0 0 8 15 0 15 13 14 14 1 13 1 9 15 15 0 15 3 15 15 6 6 3 5 15 4 1 3 7 5 7 4 5 14 14 6 11
11 11 14 9 11 14 10 14 15 12 14 12 10 15 1 11 15 13 2 3 2 15 15 2 7 7 15 4 14 14 14 10 6 11 4 13 0 6 3 6
9 12 12 0 9 10 10 0 9 14 8 13 1 1 0 11 0 13 2 13 15 0 15 0 0 15 1 3 5 14 0 15 5 6 5 5 9 5 6 3
14 14 9 11 13 13 15 13 14 0 10 15 14 1 15 1 13 0 15 15 1 1 3 15 3 3 1 4 2 0 7 7 3 1 14 0 6 7 15 15
13 13 9 13 9 0 8 12 12 10 8 11 9 1 11 0 13 13 3 1 3 11 3 4 6 7 7 7 4 2 3 4 14 6 5 11 13 13 15 9
3 8 13 13 8 15 12 13 8 14 8 14 0 10 1 9 9 13 0 1 3 15 6 15 3 5 3 5 2 14 4 6 14 5 14 3 8 6 15 10
11 8 3 15 15 13 10 7 12 15 13 11 12 11 1 1 3 13 1 2 3 11 6 0 4 1 3 1 5 5 5 6 6 14 1 0 4 4 1 4
12 13 3 0 14 8 13 0 11 14 15 14 1 0 9 1 3 2 11 1 2 11 0 3 7 6 7 2 2 2 7 2 1 4 15 6 9 13 8 3
13 4 4 4 15 14 15 8 15 15 11 11 15 1 11 0 9 11 15 0 11 2 15 2 4 3 4 6 1 4 2 14 14 3 4 4 11 3 15 11
15 12 7 15 11 10 8 9 11 15 10 13 15 9 11 13 11 2 3 3 3 0 3 3 0 3 7 5 6 14 7 14 5 4 15 2 1 3 1 8
8 8 0 7 7 12 10 14 15 10 0 12 13 10 1 11 1 15 9 0 0 0 2 15 6 2 2 2 6 5 14 3 2 14 2 8 5 11 2 6
5 7 3 10 11 0 0 0 10 13 14 9 11 11 13 11 11 13 0 2 0 11 0 5 1 7 1 0 6 1 1 6 0 4 6 14 12 4 9 1
14 12 13 0 7 11 8 7 12 15 14 0 10 0 11 1 3 9 15 0 6 4 5 0 1 7 6 15 15 5 0 3 7 14 11 10 3 3 7 14
12 10 9 10 12 7 12 10 9 0 11 13 1 0 15 11 3 13 1 0 1 15 5 0 4 5 2 15 6 0 2 4 14 11 9 6 5 5 9 8
7 15 12 4 12 8 7 11 14 15 11 1 1 1 1 0 15 13 2 0 2 4 7 7 3 0 3 0 0 0 3 7 7 7 2 15 4 14 3 11
15 9 11 0 14 0 0 13 11 14 0 9 14 12 0 0 13 9 3 0 11 2 11 2 2 2 5 6 6 3 7 13 8 0 15 5 14 0 15 10
14 0 0 0 10 14 9 12 10 11 15 11 0 9 1 9 9 13 3 3 3 7 5 7 2 5 4 1 3 0 0 15 6 3 2 6 4 3 0 3
14 14 14 15 11 10 15 9 14 11 14 8 1 11 9 9 0 3 11 3 0 3 15 0 15 1 1 5 5 7 5 5 3 8 0 11 7 4 8 0
11 9 13 9 13 14 8 15 14 11 14 11 14 1 11 11 9 9 2 1 15 11 0 6 15 15 7 1 15 14 14 2 1 14 0 11 3 10 4 8
9 8 4 10 11 9 10 8 8 12 8 9 9 1 1 9 11 0 15 11 3 15 5 3 15 5 3 15 4 4 3 1 2 14 0 11 13 4 9 10
8 15 9 11 8 0 12 9 8 11 8 10 11 9 0 13 15 2 1 1 11 3 6 3 4 2 2 3 5 14 14 15 15 14 0 5 0 0 9 14
8 13 9 14 15 13 9 10 11 13 0 15 9 15 11 1 9 15 3 15 15 15 0 7 15 6 7 15 1 3 1 5 14 6 11 9 5 5 4 10
7 9 15 0 12 15 9 15 10 14 9 12 8 14 1 9 0 15 3 0 3 0 15 2 5 2 3 7 1 1 5 14 5 7 6 15 11 1 1 15
9 12 0 0 7 10 11 0 11 11 12 1 1 15 11 11 0 3 15 11 15 1 2 6 4 0 15 3 5 2 4 6 5 7 13 6 4 9 9 9
9 9 15 12 14 13 11 14 9 0 15 10 0 0 1 1 13 1 0 2 1 1 3 4 4 5 5 3 5 0 5 15 5 1 15 0 9 12 0 5
