n,sample_index,max_fidelity,ttime,cpu_time,generations
32,0,0.9901844762470149,135.00000000,64.05612612,42
32,1,0.9902510924408325,156.00000000,71.99115396,58
32,2,0.9900848806305168,131.00000000,48.86682320,40
32,3,0.9901770477130778,138.00000000,45.53228259,37
32,4,0.9904500284981647,141.00000000,56.24970603,46
32,5,0.9902796671222989,126.00000000,51.87025404,42
32,6,0.9901310824627774,157.00000000,50.64931107,41
32,7,0.9900507128467175,133.00000000,48.14322805,39
32,8,0.9903259881134449,152.00000000,61.34529471,50
32,9,0.9914186639277407,157.00000000,79.58106399,64
32,10,0.9929450293435511,144.00000000,47.30572009,39
32,11,0.9901792314078133,145.00000000,52.88378620,44
32,12,0.9910323061295877,150.00000000,60.42144704,50
32,13,0.9904569573120066,154.00000000,66.30767369,54
32,14,0.9900987617429726,153.00000000,104.22859502,85
32,15,0.9902249012488256,145.00000000,55.35450959,46
32,16,0.9905089033030375,138.00000000,50.16777182,41
32,17,0.9903357988230923,138.00000000,68.83652782,54
32,18,0.990052264358984,146.00000000,50.61910439,41
32,19,0.9909556830454865,151.00000000,59.79191852,48
32,20,0.9903483354053418,139.00000000,55.99546599,45
32,21,0.9900837375150157,142.00000000,68.48498893,55
32,22,0.991908995656287,153.00000000,50.61320114,41
32,23,0.9906493646821166,143.00000000,68.19259739,54
32,24,0.9902165480094578,148.00000000,68.86019278,54
32,25,0.9916612279255258,141.00000000,53.24353194,43
32,26,0.9859300363510519,158.00000000,191.20898199,140
32,27,0.9903373616300021,155.00000000,57.28973579,46
32,28,0.9886759244975407,157.00000000,183.71006846,138
32,29,0.990769603335146,146.00000000,53.47827125,43
32,30,0.99071281288382,139.00000000,50.53867388,41
32,31,0.9907507104704484,157.00000000,51.06438994,41
32,32,0.9902881146109098,137.00000000,58.61900640,47
32,33,0.9904294231783638,150.00000000,75.29237223,60
32,34,0.9900283594374417,160.00000000,66.17200708,53
32,35,0.9901777129543676,136.00000000,46.11432219,37
32,36,0.9900413984157476,140.00000000,54.26546407,44
32,37,0.9902601665885429,153.00000000,57.70493579,46
32,38,0.9907731474861019,153.00000000,51.28501415,41
32,39,0.9902372502936096,150.00000000,67.76064205,54
32,40,0.9902650289377222,142.00000000,62.33137584,50
32,41,0.9900933916588565,135.00000000,58.56971359,47
32,42,0.991079249373696,149.00000000,54.88637185,44
32,43,0.9903679082549103,143.00000000,56.94223833,46
32,44,0.9900695356527409,158.00000000,62.37090802,50
32,45,0.9902720744689988,145.00000000,68.75925732,55
32,46,0.9921195007423929,151.00000000,60.71581793,48
32,47,0.9911859091550359,150.00000000,66.13611984,53
32,48,0.990593175258549,151.00000000,55.01777434,44
32,49,0.9904790744351321,149.00000000,48.25557518,39
32,50,0.9905991164802106,158.00000000,69.00457287,55
32,51,0.9904320524711994,141.00000000,36.16532373,29
32,52,0.9902592028587455,154.00000000,62.01395845,50
32,53,0.9901162760552203,139.00000000,55.83301711,45
32,54,0.9904647136380418,155.00000000,55.70375133,44
32,55,0.9902417960790608,131.00000000,55.38815141,44
32,56,0.9906164028154021,138.00000000,65.46743679,52
32,57,0.9904084087882228,152.00000000,61.28935623,49
32,58,0.9904598670483664,140.00000000,46.01696396,37
32,59,0.9901820682434466,157.00000000,59.59193015,48
32,60,0.9901141338003902,147.00000000,60.22758436,48
32,61,0.990248391544958,141.00000000,53.20649147,43
32,62,0.9904233076037576,148.00000000,45.70158792,37
32,63,0.9904376457214978,139.00000000,74.14320397,59
32,64,0.9900607100464421,135.00000000,51.73278570,42
32,65,0.9904094929138397,159.00000000,55.04405737,44
32,66,0.9911124327045547,145.00000000,49.80520082,40
32,67,0.9903800942093798,132.00000000,58.16971183,46
32,68,0.9902233327722575,144.00000000,55.06240630,44
32,69,0.990399988271962,147.00000000,57.84870911,46
32,70,0.9900253258539594,145.00000000,77.76242185,62
32,71,0.9900468610697434,147.00000000,65.08219743,51
32,72,0.9904662728155238,152.00000000,74.41925192,58
32,73,0.9904100019111819,137.00000000,54.17626929,43
32,74,0.990101907579032,144.00000000,45.05414033,36
32,75,0.9901287386754591,154.00000000,62.02800512,50
32,76,0.9916411653171984,146.00000000,53.96687627,43
32,77,0.99089197254045,142.00000000,55.32059884,44
32,78,0.9909181552728064,135.00000000,44.94536924,36
32,79,0.9900610051347264,159.00000000,75.12283254,60
32,80,0.9907174124647107,154.00000000,64.23723435,51
32,81,0.9904518231478855,148.00000000,64.48556042,52
32,82,0.9900318933918789,122.00000000,46.23015857,37
32,83,0.9906637264546173,142.00000000,52.94761324,43
32,84,0.9903523405445962,145.00000000,42.28378177,34
32,85,0.9904850267517403,154.00000000,57.25008702,45
32,86,0.9901201965702381,138.00000000,47.06729054,38
32,87,0.990082879009175,156.00000000,57.42713022,46
32,88,0.9904261984473062,154.00000000,61.37927604,49
32,89,0.9901982511464102,142.00000000,53.54686522,43
32,90,0.9912378684443233,152.00000000,54.59897351,44
32,91,0.9906997136029103,129.00000000,45.87978053,37
32,92,0.9904832542847036,143.00000000,48.98405194,39
32,93,0.9903275109741351,130.00000000,59.43245983,47
32,94,0.9908296282113122,155.00000000,66.68484807,53
32,95,0.9917248257660511,134.00000000,49.97416973,40
32,96,0.9902057103695567,159.00000000,111.54402733,87
32,97,0.9909473948467766,126.00000000,45.76842213,37
32,98,0.9893006952983211,157.00000000,207.27125955,153
32,99,0.9901093982647129,132.00000000,53.83137751,43
32,100,0.9905236923578696,130.00000000,56.35718083,44
32,101,0.9911185848590295,134.00000000,52.80726242,42
32,102,0.9902331913884269,160.00000000,75.96677661,60
32,103,0.9910085506945523,149.00000000,54.15497017,43
32,104,0.9903232752957265,137.00000000,54.64787436,44
32,105,0.9901890337346657,141.00000000,64.05716610,51
32,106,0.9908367009201,135.00000000,50.77195740,40
32,107,0.9901864796226278,129.00000000,47.88623762,38
32,108,0.9902139228568095,143.00000000,56.27872705,44
32,109,0.9903465917149752,152.00000000,51.28031516,41
32,110,0.9900259698047419,149.00000000,48.54522514,39
32,111,0.9900262420663354,147.00000000,51.93929815,41
32,112,0.9909699463524844,154.00000000,58.97627068,47
32,113,0.990298168297733,134.00000000,50.72027922,40
32,114,0.9900943524151375,140.00000000,45.03104258,36
32,115,0.9904020291009134,149.00000000,45.94973683,37
32,116,0.9902734180624562,136.00000000,53.50623107,43
32,117,0.9900197985317264,150.00000000,47.48516011,38
32,118,0.9906635024958913,130.00000000,48.26960897,39
32,119,0.9901328670192769,147.00000000,44.87665391,36
32,120,0.9907037892426025,151.00000000,55.94669151,45
32,121,0.9900651301080573,153.00000000,62.28482723,50
32,122,0.9901404789246716,147.00000000,71.39971852,57
32,123,0.990946987662545,136.00000000,49.84624577,40
32,124,0.9905151591564024,142.00000000,59.61995840,47
32,125,0.9904441857509749,133.00000000,53.31806707,43
32,126,0.9900374532278448,146.00000000,49.59995675,40
32,127,0.9904753118904402,131.00000000,47.70948219,38
32,128,0.9902568988557024,139.00000000,60.46077728,48
32,129,0.9900594968821727,137.00000000,52.37759161,42
32,130,0.9900772941099694,131.00000000,77.10506034,61
32,131,0.9905340971581564,143.00000000,53.05813503,43
32,132,0.9900390312386249,132.00000000,45.80988240,37
32,133,0.99119792516222,156.00000000,57.50879836,46
32,134,0.9900760284301644,159.00000000,81.46093321,65
32,135,0.9903867677577592,137.00000000,49.02388096,39
32,136,0.9900643645871099,160.00000000,54.90697980,44
32,137,0.99023238934044,136.00000000,50.99975348,41
32,138,0.9903490264793746,130.00000000,50.83883929,41
32,139,0.9902106559209459,154.00000000,59.70267797,48
32,140,0.9901736738001564,153.00000000,67.94554138,54
32,141,0.990365750198066,129.00000000,51.22863007,41
32,142,0.9911740043199446,155.00000000,56.41297984,45
32,143,0.9902681114667793,150.00000000,57.65594244,46
32,144,0.9903575275276633,142.00000000,57.29591537,46
32,145,0.9904838851420938,139.00000000,50.98014069,41
32,146,0.9900938368940916,152.00000000,64.58755207,51
32,147,0.9900089418757568,139.00000000,54.16342187,43
32,148,0.990301983935206,128.00000000,46.31766057,37
32,149,0.9900241758294352,139.00000000,52.30419517,42
32,150,0.9905679776764261,137.00000000,53.44385338,43
32,151,0.9915556852847696,137.00000000,50.54396701,41
32,152,0.9906440261287516,138.00000000,43.75707126,35
32,153,0.990472379661102,134.00000000,58.71732736,47
32,154,0.9903692885964521,139.00000000,44.79234385,36
32,155,0.9905395955817834,159.00000000,70.23755097,55
32,156,0.99042730152419,149.00000000,57.66082311,46
32,157,0.9907514115573361,148.00000000,53.71200919,43
32,158,0.9900133819033846,137.00000000,62.44547749,50
32,159,0.9903977718260659,137.00000000,53.93852735,43
32,160,0.9903455781338695,145.00000000,42.29628468,34
32,161,0.9901109471473053,139.00000000,53.27009273,42
32,162,0.9907007089736691,147.00000000,56.44066238,45
32,163,0.9905190582407217,146.00000000,49.87894273,40
32,164,0.9904343243269216,139.00000000,42.30242634,34
32,165,0.9900788791132528,154.00000000,63.20222163,50
32,166,0.9904080450798574,139.00000000,52.47616625,42
32,167,0.9900965839037068,132.00000000,54.84382892,44
32,168,0.99006672924272,142.00000000,54.15308285,43
32,169,0.9913998291786795,143.00000000,52.11422038,42
32,170,0.9901085223204714,145.00000000,49.89806676,40
32,171,0.9905289404901801,140.00000000,48.59844065,39
32,172,0.9900266522122734,135.00000000,57.60916281,46
32,173,0.9911133441292438,140.00000000,63.84642124,51
32,174,0.990011781782441,140.00000000,101.75406599,80
32,175,0.9907082735597805,128.00000000,61.39745355,49
32,176,0.9900157428944257,131.00000000,52.31478572,41
32,177,0.9901817621914195,136.00000000,50.63822937,40
32,178,0.9901303531828698,150.00000000,53.75607085,43
32,179,0.9903107351026741,151.00000000,54.69840813,44
32,180,0.990479681813621,136.00000000,51.24255061,41
32,181,0.9902700312553278,156.00000000,63.57982945,51
32,182,0.9910954901176694,128.00000000,42.64207077,34
32,183,0.9904633582922646,137.00000000,55.97293854,45
32,184,0.9901092348749527,146.00000000,48.88242269,39
32,185,0.9903418360282348,160.00000000,53.37223697,43
32,186,0.990627532022466,132.00000000,53.68904495,43
32,187,0.9909212955853939,151.00000000,52.42820406,42
32,188,0.9901510268544265,145.00000000,48.33321381,39
32,189,0.9910719267803806,158.00000000,59.95071411,48
32,190,0.9902361143006675,135.00000000,49.75826693,40
32,191,0.9900573746095651,143.00000000,40.87832689,33
32,192,0.990094663710712,147.00000000,52.72131395,42
32,193,0.9914878831976015,158.00000000,56.38419008,45
32,194,0.9904517556306656,147.00000000,60.53709221,48
32,195,0.9905830912510675,159.00000000,60.24649549,48
32,196,0.9904887323141675,142.00000000,56.20868397,45
32,197,0.9903712753303647,139.00000000,67.23359728,54
32,198,0.9918405694463818,155.00000000,58.68549943,47
32,199,0.9909330461885779,145.00000000,59.68480325,48
32,200,0.9912480433567488,147.00000000,56.47628427,45
32,201,0.9905660949845964,139.00000000,59.21758437,47
32,202,0.9900639327909431,141.00000000,64.25447607,51
32,203,0.9905099276715638,137.00000000,54.07501125,43
32,204,0.9900073776694158,154.00000000,63.80758238,51
32,205,0.9910419041719737,146.00000000,49.70863008,40
32,206,0.990016784469,141.00000000,57.49234366,46
32,207,0.9902720249359445,144.00000000,59.14203906,47
32,208,0.9904092823297419,157.00000000,61.81092286,49
32,209,0.9857100495438744,145.00000000,182.85127258,135
32,210,0.991215847702283,153.00000000,51.22784305,41
32,211,0.9904335514838949,139.00000000,57.36386800,46
32,212,0.9902040364399389,141.00000000,71.89538693,57
32,213,0.990058388265865,132.00000000,48.82556725,39
32,214,0.9902896004283157,156.00000000,57.35163331,45
32,215,0.9901015801608006,136.00000000,51.54029131,41
32,216,0.9902542734463112,133.00000000,64.13429308,51
32,217,0.9900221681444678,144.00000000,53.07439780,42
32,218,0.9923871627925998,151.00000000,63.71196151,51
32,219,0.9905331384433769,145.00000000,57.54647398,46
32,220,0.9894723545879942,155.00000000,168.96054196,127
32,221,0.9900915666796517,143.00000000,51.77072668,41
32,222,0.9920354407924588,137.00000000,55.44136071,44
32,223,0.9902735239999396,153.00000000,80.78766656,64
32,224,0.9903143082528727,145.00000000,57.72197509,46
32,225,0.9902528243667286,151.00000000,74.91683793,59
32,226,0.9903967893663234,156.00000000,76.68577385,60
32,227,0.9905205545618003,133.00000000,50.14555168,40
32,228,0.9905850791936543,142.00000000,58.69353700,47
32,229,0.9915180683309472,141.00000000,56.63644099,45
32,230,0.9909653895543121,141.00000000,48.83168006,39
32,231,0.990069895677534,159.00000000,67.71189737,54
32,232,0.9903010001817314,157.00000000,51.49840307,41
32,233,0.9906080402060159,129.00000000,49.92274809,40
32,234,0.9902009863150709,143.00000000,58.55665088,47
32,235,0.9903342594407969,152.00000000,65.72820330,52
32,236,0.9904626143236215,159.00000000,77.57229114,62
32,237,0.990411522927608,140.00000000,53.40442228,43
32,238,0.9908124702155903,133.00000000,48.83820510,39
32,239,0.9900465967111436,144.00000000,46.44137383,37
32,240,0.9901371605719412,146.00000000,61.71675229,49
32,241,0.9906048342124374,147.00000000,56.48787189,45
32,242,0.991021089473612,129.00000000,49.13537383,39
32,243,0.9911624121368814,145.00000000,57.33466959,46
32,244,0.9912218073622845,127.00000000,47.43312883,38
32,245,0.991222990841935,142.00000000,49.96874619,40
32,246,0.9905082745405132,136.00000000,48.57710338,39
32,247,0.9906533097758737,141.00000000,44.91123390,36
32,248,0.990781822900781,139.00000000,57.95868611,46
32,249,0.9903037762988474,146.00000000,71.31707335,57
32,250,0.9908151526577523,156.00000000,87.75209165,68
32,251,0.990246184476776,154.00000000,52.86134005,42
32,252,0.9904452722127659,140.00000000,50.44598341,40
32,253,0.9903447864623025,156.00000000,60.09853029,48
32,254,0.9902318108263236,137.00000000,48.49076176,39
32,255,0.9901981769228304,158.00000000,73.71595931,59
32,256,0.9919276622441568,141.00000000,48.66076946,39
32,257,0.9903608970681655,139.00000000,48.35499716,39
32,258,0.9902882756241591,156.00000000,83.90963507,66
32,259,0.9900463138313914,139.00000000,57.27261853,46
32,260,0.990217224211592,143.00000000,61.39735198,49
32,261,0.9904734470892306,153.00000000,57.53029370,46
32,262,0.9903544354522493,128.00000000,42.53032160,34
32,263,0.9904621012698367,128.00000000,50.38239408,40
32,264,0.9901260088903913,147.00000000,64.95821857,52
32,265,0.9902432595921458,140.00000000,47.48791194,38
32,266,0.9907892836467126,140.00000000,50.36994290,40
32,267,0.9902565624612165,154.00000000,52.85728002,42
32,268,0.9905188365592658,146.00000000,59.00710106,47
32,269,0.990480330140934,142.00000000,57.45685768,46
32,270,0.9905826413529477,151.00000000,66.06341767,53
32,271,0.9906463796327322,156.00000000,56.12856984,45
32,272,0.9910929738460313,142.00000000,57.54094863,46
32,273,0.9900768398045862,147.00000000,67.05512714,53
32,274,0.9906787639796575,158.00000000,57.56637311,46
32,275,0.9902008739132173,129.00000000,57.85480261,46
32,276,0.9901282170993969,156.00000000,56.04797244,45
32,277,0.9910541998846089,144.00000000,51.57794619,41
32,278,0.9901239692301316,131.00000000,61.46288419,49
32,279,0.9904183022413524,155.00000000,65.59847307,52
32,280,0.9901672870551278,159.00000000,60.77113366,48
32,281,0.990529047891912,148.00000000,52.44580245,42
32,282,0.9901850477009551,146.00000000,87.55467486,69
32,283,0.9900450365861831,158.00000000,60.13293839,48
32,284,0.9902892812020411,137.00000000,59.17370343,47
32,285,0.9900014131682429,131.00000000,43.73824954,35
32,286,0.9903723023735139,141.00000000,52.27411222,42
32,287,0.991130650549398,158.00000000,57.84262395,46
32,288,0.9911332936825966,129.00000000,46.12528181,37
32,289,0.9910658000238526,155.00000000,67.49009299,54
32,290,0.9914149039717584,129.00000000,45.99490190,37
32,291,0.9905257791854257,124.00000000,53.94923639,43
32,292,0.990211849007019,131.00000000,46.26254821,37
32,293,0.9900474374306832,130.00000000,48.64222431,39
32,294,0.99040649694946,151.00000000,48.53097463,39
32,295,0.990558774084304,133.00000000,47.97623634,38
32,296,0.9862656633873891,156.00000000,164.45289278,120
32,297,0.9902897261286551,154.00000000,63.68742967,51
32,298,0.9901079342907185,152.00000000,57.74896383,46
32,299,0.9918282188102334,156.00000000,62.42112207,50
32,300,0.990245876831342,147.00000000,55.56163216,44
32,301,0.9904008523873788,136.00000000,46.27428675,37
32,302,0.9919615391820311,134.00000000,46.23322654,37
32,303,0.9913949558075725,142.00000000,48.82563829,39
32,304,0.9901950444537171,148.00000000,68.82314825,55
32,305,0.9900835757855417,135.00000000,53.89151978,43
32,306,0.9913744168370257,142.00000000,63.91361165,51
32,307,0.9902797919618805,140.00000000,54.72109413,44
32,308,0.9900354273694897,137.00000000,53.63375282,43
32,309,0.9912790625359176,153.00000000,61.55077457,49
32,310,0.9905623967974477,153.00000000,58.67309546,47
32,311,0.9900025162966293,134.00000000,51.89085484,41
32,312,0.9912619305462549,155.00000000,59.38965344,47
32,313,0.9906505587442541,150.00000000,55.21729970,44
32,314,0.9900446179747961,131.00000000,56.49594951,45
32,315,0.9905443060834089,154.00000000,56.67695403,45
32,316,0.9910769470210352,140.00000000,49.82894063,40
32,317,0.990458697571779,134.00000000,56.62066913,45
32,318,0.990181499270495,158.00000000,56.43497896,45
32,319,0.9908261459057517,150.00000000,56.65997052,45
32,320,0.990619994975373,133.00000000,54.92755127,44
32,321,0.9900890780362532,158.00000000,104.70029688,81
32,322,0.9904662398831925,152.00000000,60.27323556,48
32,323,0.9904923540266313,157.00000000,62.57906961,50
32,324,0.9908429923260327,157.00000000,65.50058198,51
32,325,0.9901289064929351,151.00000000,63.25631547,50
32,326,0.990879612036241,159.00000000,66.11936879,52
32,327,0.9903805617575804,150.00000000,51.15486717,41
32,328,0.990458474371419,136.00000000,46.41212821,37
32,329,0.9900374356112264,155.00000000,55.62501502,44
32,330,0.9850334925166355,152.00000000,172.01613975,133
32,331,0.9900400796943714,143.00000000,61.64337230,49
32,332,0.9909850275654404,151.00000000,55.30855823,44
32,333,0.9900569009387429,154.00000000,61.76968598,49
32,334,0.990869399278664,159.00000000,71.09232950,56
32,335,0.9901322475575186,144.00000000,60.48620009,48
32,336,0.9906146645777099,143.00000000,59.99506974,48
32,337,0.9900076663455745,141.00000000,47.25312042,38
32,338,0.9904456975020827,159.00000000,85.09494424,66
32,339,0.9903568799189965,145.00000000,54.99569535,44
32,340,0.9900142533681564,145.00000000,58.88800454,47
32,341,0.990123010709159,134.00000000,56.16999960,45
32,342,0.9900008062352514,147.00000000,48.76535583,39
32,343,0.9900019446680344,158.00000000,61.54732752,49
32,344,0.9900899714366431,141.00000000,57.38615823,46
32,345,0.9908959285575785,152.00000000,49.07026744,39
32,346,0.9902148768509274,150.00000000,53.38505292,42
32,347,0.9914980160137341,143.00000000,50.17361951,40
32,348,0.9904661234610856,147.00000000,55.69049931,44
32,349,0.9901702842629037,148.00000000,59.05087209,47
32,350,0.9900406763502634,148.00000000,61.16912484,49
32,351,0.9911256570170585,127.00000000,52.98108101,42
32,352,0.9902866844171899,160.00000000,59.31585169,47
32,353,0.9900931860923529,152.00000000,67.17464685,53
32,354,0.9903628057417738,155.00000000,76.65456963,60
32,355,0.9904219548285723,159.00000000,73.99617648,58
32,356,0.9901186608935756,136.00000000,43.52169108,35
32,357,0.990475247966448,137.00000000,49.11452985,39
32,358,0.990747393966752,148.00000000,80.76609254,64
32,359,0.9907991766856075,124.00000000,49.25766444,39
32,360,0.9906629821827179,154.00000000,61.01997852,48
32,361,0.990008565237092,137.00000000,48.65443850,39
32,362,0.9909759852037621,156.00000000,51.28936672,41
32,363,0.9906195477122459,145.00000000,48.81098557,39
32,364,0.9907264868551875,140.00000000,63.89006877,51
32,365,0.9910653412331006,139.00000000,58.70240474,47
32,366,0.986972958236821,152.00000000,163.29362226,125
32,367,0.9914816610213604,145.00000000,49.97725105,40
32,368,0.9870083963477374,137.00000000,181.01333070,137
32,369,0.9915966440576353,156.00000000,58.58758426,47
32,370,0.9901073721994409,147.00000000,55.44777393,44
32,371,0.9911593658069657,152.00000000,48.80409598,39
32,372,0.9902385425786628,158.00000000,79.27847266,62
32,373,0.9900602278285082,153.00000000,51.86454868,41
32,374,0.9907862410246319,135.00000000,67.07481670,53
32,375,0.9904682547590095,130.00000000,51.21860099,41
32,376,0.9904509274177224,147.00000000,47.00520945,37
32,377,0.9905071114912428,151.00000000,52.76152778,42
32,378,0.990085183154362,137.00000000,55.06351376,44
32,379,0.9905736672976495,145.00000000,56.45113325,45
32,380,0.9905340558812705,142.00000000,48.70967793,39
32,381,0.9906377025497244,145.00000000,51.35757017,41
32,382,0.990110152982996,140.00000000,47.43349075,38
32,383,0.9902836149931515,141.00000000,43.86266184,35
32,384,0.9864970319273825,152.00000000,219.62723327,157
32,385,0.9900654181555549,150.00000000,51.42501807,41
32,386,0.990204441272944,158.00000000,91.34611082,72
32,387,0.9901462432670858,141.00000000,61.39648867,49
32,388,0.9901264266035492,138.00000000,70.95019913,56
32,389,0.9910017335385541,144.00000000,52.60301065,42
32,390,0.9900471894959955,155.00000000,55.23642612,44
32,391,0.9908999158857064,134.00000000,43.55818224,35
32,392,0.9902566669552607,149.00000000,48.59411550,39
32,393,0.9901438908129147,149.00000000,66.21114659,53
32,394,0.9903019021487496,129.00000000,52.26804137,42
32,395,0.9902701570222767,155.00000000,46.71255684,37
32,396,0.990103684243129,144.00000000,49.87922883,40
32,397,0.9900544465062562,153.00000000,69.13382506,55
32,398,0.990641980259816,145.00000000,54.89386177,44
32,399,0.9900492621234449,152.00000000,54.98438191,44
32,400,0.9902328468246304,136.00000000,52.21843886,42
32,401,0.9901143029507792,137.00000000,46.99932957,38
32,402,0.9907458822472327,135.00000000,46.03259325,37
32,403,0.9910650375994412,127.00000000,45.98480630,37
32,404,0.9900982751919789,141.00000000,54.84841442,44
32,405,0.9901603045254116,146.00000000,65.79897618,52
32,406,0.9900508949245754,154.00000000,44.94463992,36
32,407,0.9904203332272287,147.00000000,56.07144642,45
32,408,0.990110228947829,154.00000000,89.51169014,71
32,409,0.9922745962452065,151.00000000,53.78517938,43
32,410,0.9900907995338551,135.00000000,42.19018102,34
32,411,0.990232719386953,152.00000000,71.57774806,57
32,412,0.9901239945378122,141.00000000,56.78968501,45
32,413,0.9905004529085721,146.00000000,57.11878252,46
32,414,0.9904049145254297,153.00000000,55.01683903,44
32,415,0.990437286034934,134.00000000,47.39370131,38
32,416,0.9901205668309199,144.00000000,55.48760486,44
32,417,0.9912955566644073,136.00000000,52.47074127,42
32,418,0.9900419205498234,158.00000000,62.62480664,50
32,419,0.9910064078925609,145.00000000,46.47707248,37
32,420,0.9903094813506248,129.00000000,52.62559104,42
32,421,0.9911891864676627,143.00000000,58.15016961,46
32,422,0.990245854624545,152.00000000,69.13395190,55
32,423,0.9900032749738131,147.00000000,86.61206126,69
32,424,0.9907786249074925,127.00000000,42.44431734,34
32,425,0.990866981278244,135.00000000,56.90582967,45
32,426,0.9914267782842195,143.00000000,56.70355153,45
32,427,0.9903012071901232,126.00000000,40.99909568,33
32,428,0.990991378333,150.00000000,56.37346292,45
32,429,0.9900077189941745,150.00000000,58.07626963,46
32,430,0.9921067150842264,149.00000000,52.77325344,42
32,431,0.9900344454226919,128.00000000,58.87360334,47
32,432,0.9901121492957076,148.00000000,51.36706352,41
32,433,0.9901317370114222,142.00000000,58.66776800,46
32,434,0.9905484731376695,146.00000000,55.12312174,44
32,435,0.9905101270351261,148.00000000,54.49771905,43
32,436,0.9901315803744717,146.00000000,65.29476953,52
32,437,0.990435849730479,153.00000000,60.32570744,48
32,438,0.9900276957877707,131.00000000,50.11094379,40
32,439,0.99014789537704,126.00000000,50.26546884,40
32,440,0.9908318978555862,138.00000000,70.53643727,56
32,441,0.9911027113665948,151.00000000,47.72775292,38
32,442,0.9901058677873923,142.00000000,56.45468640,45
32,443,0.9902170664919421,156.00000000,56.20031929,45
32,444,0.9914143666829818,149.00000000,62.24732971,50
32,445,0.9909389912418702,138.00000000,58.42950988,47
32,446,0.9900760372385954,140.00000000,72.21084404,58
32,447,0.9902386811358701,157.00000000,55.40302777,44
32,448,0.9904840855950828,148.00000000,57.62572932,46
32,449,0.990012638422924,143.00000000,73.09151149,58
32,450,0.9907187001393708,147.00000000,52.52355456,42
32,451,0.990165433069272,148.00000000,56.56914353,45
32,452,0.9904799595116671,150.00000000,55.73946023,44
32,453,0.990623458224013,127.00000000,46.31692076,37
32,454,0.9902137234571056,143.00000000,66.85066628,53
32,455,0.9909062400528175,151.00000000,57.65467215,46
32,456,0.9911196269295102,151.00000000,58.05156660,46
32,457,0.9923386141693062,154.00000000,66.51515412,53
32,458,0.9901014304597486,156.00000000,64.39048028,51
32,459,0.9906310194880097,144.00000000,62.74920583,50
32,460,0.9902972038686196,142.00000000,56.88338423,45
32,461,0.9901680073482148,134.00000000,56.62097287,45
32,462,0.9921795779442177,141.00000000,52.82189965,42
32,463,0.9903609842835827,143.00000000,64.04553890,51
32,464,0.9903478964924811,149.00000000,70.47921324,56
32,465,0.9903865101406265,131.00000000,46.43513441,37
32,466,0.990795878858271,144.00000000,56.72317362,45
32,467,0.9900444975273782,145.00000000,59.72661948,47
32,468,0.9903011439299266,139.00000000,56.42373300,45
32,469,0.9907884391930479,152.00000000,58.27654147,46
32,470,0.9907605194700891,140.00000000,45.14369750,36
32,471,0.986664810966012,150.00000000,139.24388194,108
32,472,0.990376247909625,137.00000000,47.68864965,38
32,473,0.9902343513751629,154.00000000,58.80684924,47
32,474,0.9905538186922982,160.00000000,75.39638972,60
32,475,0.9906559448538356,141.00000000,52.50427270,42
32,476,0.9903250813063262,150.00000000,53.14426875,42
32,477,0.991476452096639,156.00000000,66.56657577,53
32,478,0.9900573756933059,136.00000000,59.27979827,47
32,479,0.9906080550842471,151.00000000,55.16619420,44
32,480,0.9901129624180338,141.00000000,54.99632454,44
32,481,0.9900083927055829,156.00000000,108.02111363,85
32,482,0.9903440992242527,144.00000000,52.47963810,42
32,483,0.9903282570206497,149.00000000,56.08243394,45
32,484,0.9906889137370016,143.00000000,64.20063710,51
32,485,0.9906739258239519,160.00000000,80.72053313,64
32,486,0.990622549478584,144.00000000,49.86177635,40
32,487,0.9811462369651248,138.00000000,198.02993894,146
32,488,0.9908371342082141,133.00000000,51.23081613,41
32,489,0.990793393664436,160.00000000,56.06802917,45
32,490,0.9909594061964069,148.00000000,55.14317560,44
32,491,0.9900849721968474,155.00000000,69.10513496,55
32,492,0.981921659644506,156.00000000,196.00246024,140
32,493,0.9911922179601366,128.00000000,47.63998342,38
32,494,0.9903233453986147,138.00000000,72.69932985,58
32,495,0.9903287565880282,155.00000000,60.09045911,48
32,496,0.9900018779773669,135.00000000,48.74261737,39
32,497,0.9910451182374816,147.00000000,46.54388762,37
32,498,0.9901121002028967,137.00000000,51.10897923,41
32,499,0.9908786980157234,146.00000000,78.35112929,62
32,500,0.9929950275597125,155.00000000,54.21531725,43
32,501,0.9902555918122034,158.00000000,62.82499361,50
32,502,0.9906373075151845,134.00000000,40.06069016,32
32,503,0.9900683283366263,142.00000000,51.53646779,41
32,504,0.9904455117527479,134.00000000,50.27747774,40
32,505,0.990199334268812,139.00000000,49.82795525,40
32,506,0.9901314226847324,155.00000000,64.35257626,51
32,507,0.9900707805205495,139.00000000,45.16695523,36
32,508,0.990747425240355,149.00000000,50.65416193,40
32,509,0.9913783044379743,134.00000000,46.43136382,37
32,510,0.9900352676863908,138.00000000,61.31365943,48
32,511,0.990737393863074,138.00000000,46.10340738,37
32,512,0.990491924533331,159.00000000,69.16256261,55
32,513,0.9903424485976929,136.00000000,45.40851140,36
32,514,0.9903496944065838,140.00000000,57.91843081,46
32,515,0.9902240467344283,140.00000000,46.37890768,37
32,516,0.9900554406097768,140.00000000,51.29014945,41
32,517,0.9908488954429181,128.00000000,42.69917750,34
32,518,0.9903206101089316,136.00000000,45.22561932,36
32,519,0.9900459075206816,142.00000000,55.52141333,44
32,520,0.9904832984923551,130.00000000,49.99564242,40
32,521,0.990119310747704,137.00000000,58.91468191,47
32,522,0.990324034806767,149.00000000,55.05263114,44
32,523,0.9910411961449042,147.00000000,65.32153344,52
32,524,0.9903482727940873,149.00000000,53.93991065,43
32,525,0.9902447003715241,151.00000000,52.75118566,42
32,526,0.9905809888969368,147.00000000,45.31895447,36
32,527,0.9905649977370949,146.00000000,47.50433636,38
32,528,0.9912976731566613,138.00000000,46.51442909,37
32,529,0.9854086130217452,149.00000000,167.50291538,126
32,530,0.9903937027672549,141.00000000,53.74061942,43
32,531,0.9903882811270618,139.00000000,47.04081702,37
32,532,0.9911988244827711,155.00000000,54.75684690,44
32,533,0.9903524617851787,145.00000000,52.56311679,42
32,534,0.9900161983192273,139.00000000,53.94364166,43
32,535,0.9904099947165386,142.00000000,56.52461815,45
32,536,0.9906153894096874,146.00000000,62.18247271,49
32,537,0.9901045841119057,135.00000000,40.18184757,32
32,538,0.9905536318215565,154.00000000,63.91218734,51
32,539,0.990417807129718,146.00000000,53.72863197,43
32,540,0.9906057460027387,143.00000000,65.07792997,52
32,541,0.9904104415635555,136.00000000,45.17458415,36
32,542,0.9904209432519052,154.00000000,63.41569829,50
32,543,0.9904483428892915,142.00000000,55.14831424,44
32,544,0.990902308303253,152.00000000,66.98614025,53
32,545,0.9906045620763594,138.00000000,49.08519506,39
32,546,0.9901117128704535,141.00000000,61.85282183,49
32,547,0.9901256311879367,142.00000000,53.47740674,42
32,548,0.9912946262430324,134.00000000,45.34026384,36
32,549,0.9904742187541807,155.00000000,55.29235220,44
32,550,0.9906237473765223,148.00000000,71.30741525,56
32,551,0.9900398725185768,154.00000000,58.78067851,47
32,552,0.9901973425213076,154.00000000,66.45933414,53
32,553,0.9901398471567754,138.00000000,59.27936387,47
32,554,0.9906428809182191,140.00000000,51.13492727,40
32,555,0.9903982969607111,147.00000000,60.70524430,48
32,556,0.990217229779105,134.00000000,44.10886025,35
32,557,0.9915366545687727,135.00000000,46.59630728,37
32,558,0.9903988158677847,155.00000000,55.20613813,44
32,559,0.9900005217850504,139.00000000,51.57838345,41
32,560,0.990233446962605,156.00000000,65.46104121,52
32,561,0.9908308045237755,152.00000000,60.43058968,48
32,562,0.9903229952977994,159.00000000,75.82067013,60
32,563,0.9900898191669246,144.00000000,53.10436058,42
32,564,0.9907874557893968,126.00000000,46.61760664,37
32,565,0.9902581078437473,150.00000000,57.93342710,46
32,566,0.9900999504460861,150.00000000,56.20600939,45
32,567,0.9906297083016692,132.00000000,48.76279092,39
32,568,0.9905612136876486,155.00000000,67.78544521,54
32,569,0.9906223311497862,151.00000000,58.44197893,46
32,570,0.9901147517736943,151.00000000,54.01321435,43
32,571,0.9909050028939348,131.00000000,47.39264870,38
32,572,0.9906522955846023,147.00000000,71.97072101,57
32,573,0.9904145157891282,141.00000000,52.58148932,42
32,574,0.9915002742719424,152.00000000,65.35412502,52
32,575,0.9907782648286991,155.00000000,67.02740002,52
32,576,0.9901509689097571,152.00000000,61.67811871,49
32,577,0.9907399840779201,145.00000000,49.11143422,39
32,578,0.9915388175484728,135.00000000,57.61109781,46
32,579,0.9900482818547436,158.00000000,62.54141521,49
32,580,0.9916852781853691,132.00000000,46.03454804,37
32,581,0.9906321276596609,133.00000000,46.13806415,37
32,582,0.9901402398726772,152.00000000,58.09159422,46
32,583,0.9905665703225348,146.00000000,59.03454804,47
32,584,0.9903164393259292,148.00000000,66.09261632,52
32,585,0.9906068586134469,134.00000000,50.40115976,40
32,586,0.9905532944056901,141.00000000,58.46948433,46
32,587,0.9904005736173906,140.00000000,47.81630850,38
32,588,0.9903781601855008,134.00000000,49.39332676,39
32,589,0.9900452016130667,152.00000000,75.63994789,60
32,590,0.9917333867166119,151.00000000,60.54708409,48
32,591,0.9907098750429411,145.00000000,53.77041984,43
32,592,0.9901873005247617,133.00000000,47.59607148,38
32,593,0.9904617170147685,149.00000000,61.58821440,49
32,594,0.9905659026195034,149.00000000,54.20759606,43
32,595,0.9910092138985661,154.00000000,70.79358053,56
32,596,0.9901709652328028,151.00000000,62.49750042,49
32,597,0.9900558821542851,142.00000000,54.10068941,43
32,598,0.9906340674938594,135.00000000,49.12294126,39
32,599,0.9904389059012269,148.00000000,64.36757731,51
32,600,0.9903677938878296,132.00000000,56.96538019,45
32,601,0.9907718838356668,142.00000000,44.17015195,35
32,602,0.9909229174871488,134.00000000,56.04472160,44
32,603,0.9908199755292852,147.00000000,60.84582591,48
32,604,0.9901049870743621,150.00000000,57.83414745,46
32,605,0.9900632956065587,125.00000000,50.22165298,40
32,606,0.9902280882546237,148.00000000,61.44270682,48
32,607,0.9908343773916576,137.00000000,56.50979280,45
32,608,0.990380259616232,147.00000000,67.07070541,53
32,609,0.990122297710738,152.00000000,90.37612033,70
32,610,0.99023732697895,143.00000000,42.73371172,34
32,611,0.9905031553564542,153.00000000,77.16465616,61
32,612,0.9913008794660376,140.00000000,42.86362505,34
32,613,0.9905036566307879,145.00000000,50.01040578,40
32,614,0.9909668571022483,139.00000000,55.14035654,44
32,615,0.9905275366521317,151.00000000,54.17337370,43
32,616,0.9907718921445114,134.00000000,45.10224700,36
32,617,0.9901331273565291,153.00000000,57.47665381,45
32,618,0.9906218082678552,142.00000000,63.09412503,50
32,619,0.9902897130742899,133.00000000,56.75837231,45
32,620,0.9909073451396555,147.00000000,48.82319450,39
32,621,0.9902846450310704,148.00000000,61.40928602,49
32,622,0.9901735697319765,152.00000000,67.83601809,54
32,623,0.9906662317232556,147.00000000,55.44594812,44
32,624,0.9900154578155409,134.00000000,47.98934293,38
32,625,0.9909379664458913,142.00000000,60.15406823,48
32,626,0.9904534173362364,147.00000000,61.95551467,49
32,627,0.9901607542769408,150.00000000,59.23566628,47
32,628,0.9906150646652094,141.00000000,59.24994445,46
32,629,0.9903904300309309,145.00000000,55.50391650,44
32,630,0.9902110768460576,154.00000000,65.27509928,52
32,631,0.9902763412109912,146.00000000,45.03480959,36
32,632,0.9906869358340826,128.00000000,46.73014498,37
32,633,0.990300643620221,144.00000000,66.60836911,53
32,634,0.99012037313247,156.00000000,90.99842429,72
32,635,0.9906477163513321,135.00000000,46.13959408,37
32,636,0.9905802139009057,143.00000000,54.20883822,43
32,637,0.9900808771081528,137.00000000,43.95692849,35
32,638,0.9901799050739989,129.00000000,62.79083633,50
32,639,0.9908352091103032,134.00000000,56.90143323,45
32,640,0.9901672673693727,156.00000000,70.56269073,56
32,641,0.9904248054713038,133.00000000,47.65880060,38
32,642,0.9903307937526593,159.00000000,65.02821541,51
32,643,0.990027918889058,156.00000000,64.78306508,50
32,644,0.9905288924563191,138.00000000,49.13093138,39
32,645,0.9902912539640939,135.00000000,55.26490021,44
32,646,0.9908491506528055,134.00000000,52.89568806,42
32,647,0.9906088476288304,142.00000000,56.66513538,45
32,648,0.9905092885092737,134.00000000,55.20302367,44
32,649,0.9900498017672802,147.00000000,51.25435042,41
32,650,0.9903108132152466,154.00000000,76.57548714,60
32,651,0.9900974038206275,137.00000000,70.85242009,56
32,652,0.9903520468692135,147.00000000,63.02515721,49
32,653,0.9902279325740575,157.00000000,50.32042289,40
32,654,0.9908609779583374,138.00000000,47.65258074,38
32,655,0.99003032619839,131.00000000,64.82279134,51
32,656,0.9902714659932585,149.00000000,82.56209707,65
32,657,0.9909635340004485,147.00000000,52.21507859,41
32,658,0.9902732423041234,157.00000000,47.82788730,38
32,659,0.9906435063845789,147.00000000,55.33684945,44
32,660,0.9903889320092143,145.00000000,49.13193297,39
32,661,0.9900582726106671,147.00000000,50.44681740,40
32,662,0.990109167192052,150.00000000,49.38279486,39
32,663,0.99023704459179,130.00000000,55.41124964,44
32,664,0.9908299192026795,143.00000000,50.59542394,40
32,665,0.9910048443649554,159.00000000,89.74491477,70
32,666,0.9901350998364766,156.00000000,56.67592192,45
32,667,0.9901993005450613,141.00000000,49.43741274,39
32,668,0.9902273187232407,159.00000000,63.12517500,50
32,669,0.9904129942939602,142.00000000,51.98273301,41
32,670,0.9905117383357307,145.00000000,52.83544636,42
32,671,0.9909824950803777,136.00000000,51.94793200,41
32,672,0.9900288653071323,151.00000000,49.68246770,39
32,673,0.9903766785667315,145.00000000,46.82804799,37
32,674,0.990337668521658,147.00000000,56.21821976,44
32,675,0.9900676711308074,138.00000000,48.50223804,38
32,676,0.9911619840349652,137.00000000,51.67036653,41
32,677,0.9903970989337438,141.00000000,55.33172846,44
32,678,0.990195617172019,148.00000000,55.31989694,44
32,679,0.9907103024526696,150.00000000,47.89005685,38
32,680,0.9847478897295685,155.00000000,177.43455672,134
32,681,0.9903643139732796,149.00000000,61.99404931,49
32,682,0.990657281052582,146.00000000,65.10889721,51
32,683,0.9905195759944642,144.00000000,61.48792458,48
32,684,0.990354766186704,151.00000000,66.89162588,53
32,685,0.9911390439546943,146.00000000,53.84370708,43
32,686,0.9906026915010188,148.00000000,55.19765377,43
32,687,0.9914791555954027,146.00000000,49.16285014,39
32,688,0.9901218688249568,136.00000000,54.09024405,43
32,689,0.9912964670960557,134.00000000,54.77142549,43
32,690,0.9903224869642961,140.00000000,54.47932363,43
32,691,0.9905475087045781,150.00000000,79.87716746,63
32,692,0.9903640338720835,145.00000000,56.81224823,45
32,693,0.9908177781315377,149.00000000,57.89607739,46
32,694,0.9905250702952663,154.00000000,64.30887341,51
32,695,0.9901008768324815,146.00000000,61.16392064,48
32,696,0.9910724769122778,128.00000000,53.08070540,42
32,697,0.9911377976220904,134.00000000,51.86056757,41
32,698,0.9847854444586487,149.00000000,178.96453619,129
32,699,0.9915880555556382,155.00000000,69.78210402,55
32,700,0.9913107248738035,145.00000000,76.01254082,60
32,701,0.9911298090034764,138.00000000,50.29361415,40
32,702,0.991095092368689,150.00000000,62.21029067,49
32,703,0.9907002733266703,159.00000000,57.59071851,46
32,704,0.9913652760343747,144.00000000,49.46338558,39
32,705,0.9924668380698274,142.00000000,57.64030886,46
32,706,0.9868805062916162,157.00000000,185.29568744,139
32,707,0.9904491462462449,144.00000000,59.02744651,47
32,708,0.9912229622372556,155.00000000,60.09929705,48
32,709,0.9903182140707845,154.00000000,62.15842485,49
32,710,0.990066518181552,156.00000000,99.34681058,78
32,711,0.9903778859818777,144.00000000,49.29864764,39
32,712,0.9909610531321723,148.00000000,57.94895792,46
32,713,0.9915553279413557,147.00000000,58.92781734,47
32,714,0.9904572409571906,134.00000000,52.18386579,41
32,715,0.9933593552547175,155.00000000,74.26647472,58
32,716,0.9906536566670506,130.00000000,46.85214043,37
32,717,0.9917193075339885,144.00000000,54.60141897,43
32,718,0.990452981978748,152.00000000,60.66637707,48
32,719,0.9911324762743008,143.00000000,48.10492802,38
32,720,0.9902508579637953,136.00000000,45.34517813,36
32,721,0.9904613368506475,136.00000000,43.82760096,35
32,722,0.990556838903234,147.00000000,44.25936580,35
32,723,0.9905342145123818,134.00000000,50.52132821,40
32,724,0.9856870538515857,140.00000000,174.64493394,132
32,725,0.9904259132582063,144.00000000,54.55443525,43
32,726,0.9907613366532598,150.00000000,56.80783629,45
32,727,0.9901592007421096,128.00000000,45.28034306,36
32,728,0.9904998190127736,154.00000000,56.97179174,45
32,729,0.9900102795504837,138.00000000,69.99583244,55
32,730,0.9900846325262536,131.00000000,54.28644919,43
32,731,0.9903170596567837,141.00000000,58.04095864,46
32,732,0.9900592555568303,141.00000000,54.26744652,43
32,733,0.9901026510244262,139.00000000,54.13039303,43
32,734,0.9900077866344816,147.00000000,64.99307418,51
32,735,0.990105430156664,153.00000000,56.89818668,45
32,736,0.9902306699359544,122.00000000,52.17868400,41
32,737,0.9903069792463953,133.00000000,52.78550148,42
32,738,0.9902182997292895,157.00000000,58.23185945,46
32,739,0.9905493233425675,157.00000000,54.44078064,43
32,740,0.9918587023725506,159.00000000,65.17511725,52
32,741,0.9901005262879268,154.00000000,62.50846839,49
32,742,0.9904915399076091,138.00000000,55.67412853,44
32,743,0.9901971980847742,157.00000000,55.34171748,44
32,744,0.9903202187915379,143.00000000,46.80985427,37
32,745,0.9901659989380075,139.00000000,51.83025908,41
32,746,0.9907057677454223,147.00000000,58.20840049,46
32,747,0.9912433963621594,142.00000000,53.02445006,42
32,748,0.9898375287263366,160.00000000,178.59602571,133
32,749,0.9911471147232849,157.00000000,56.65539575,45
32,750,0.9904436776432994,148.00000000,41.41439819,33
32,751,0.9900724207451833,142.00000000,60.94390702,48
32,752,0.9900530078122559,143.00000000,55.55445051,44
32,753,0.9891504712168369,144.00000000,168.70444489,127
32,754,0.9900319991611837,142.00000000,62.86945176,50
32,755,0.9903239384195938,140.00000000,51.38681054,41
32,756,0.9901508160635653,158.00000000,65.30885386,51
32,757,0.9925376974719127,154.00000000,72.28752732,57
32,758,0.9901481823322849,143.00000000,59.90668464,47
32,759,0.9901803133312438,139.00000000,56.19038105,44
32,760,0.9900168670282177,140.00000000,57.98526001,46
32,761,0.9900671899593796,146.00000000,52.51183629,42
32,762,0.9902023937679453,155.00000000,76.32780647,60
32,763,0.9904936153566299,144.00000000,47.98843098,38
32,764,0.9912490457772487,144.00000000,53.36967993,42
32,765,0.9908248646525624,136.00000000,60.66517854,48
32,766,0.9914902756052426,138.00000000,46.84844089,37
32,767,0.9908539467534858,135.00000000,53.21328282,42
32,768,0.9901826519035375,159.00000000,82.24953055,63
32,769,0.9901042521343475,142.00000000,58.40119958,46
32,770,0.9911225517300459,136.00000000,54.07398081,43
32,771,0.9913696416191973,144.00000000,63.55488968,50
32,772,0.9903116445655447,153.00000000,56.96832919,45
32,773,0.9902335673057947,151.00000000,51.70716405,41
32,774,0.9903772064162621,154.00000000,70.64840150,55
32,775,0.9910058313419772,158.00000000,55.07699227,43
32,776,0.9904171704180618,153.00000000,70.00447512,54
32,777,0.9901837059339589,144.00000000,53.14151835,42
32,778,0.9921780362092598,137.00000000,51.94877577,41
32,779,0.9908388809391186,128.00000000,42.72521687,34
32,780,0.9900209187456545,134.00000000,45.61970186,36
32,781,0.9903717930461984,132.00000000,64.44070816,50
32,782,0.9915286843098534,153.00000000,53.30861259,42
32,783,0.9902992905182892,154.00000000,54.31549430,43
32,784,0.9907869437201935,139.00000000,42.83096838,34
32,785,0.9922107052567576,144.00000000,45.32864809,36
32,786,0.990268113919305,142.00000000,62.58622527,49
32,787,0.9903928216437257,155.00000000,54.78186703,43
32,788,0.9910421409903806,146.00000000,55.43119311,44
32,789,0.990761757120455,142.00000000,50.55208373,40
32,790,0.9900804731997617,147.00000000,59.94903278,47
32,791,0.9900107206712416,146.00000000,62.77720785,50
32,792,0.9909203376252038,135.00000000,51.23268390,40
32,793,0.9901432658554072,144.00000000,49.18722725,39
32,794,0.9906252323998178,151.00000000,54.76160383,43
32,795,0.9901854197058013,146.00000000,52.43029213,41
32,796,0.9904248830504851,152.00000000,75.02612996,59
32,797,0.9900020938273066,154.00000000,62.09441757,49
32,798,0.9902621917597625,138.00000000,52.86297631,42
32,799,0.9900694575577681,148.00000000,90.54913116,70
32,800,0.991984568245861,147.00000000,55.82468390,44
32,801,0.9901104107348815,143.00000000,59.92076468,47
32,802,0.9900357672942388,153.00000000,67.31898284,53
32,803,0.9902142819938095,132.00000000,49.57416773,39
32,804,0.9903989415639269,134.00000000,51.82269502,41
32,805,0.9910722049780276,134.00000000,49.09721804,39
32,806,0.9902208226521583,145.00000000,54.06181812,43
32,807,0.9903604858216151,141.00000000,45.41524267,36
32,808,0.9900029518706486,136.00000000,54.52765369,43
32,809,0.9915177061268285,138.00000000,48.01907063,38
32,810,0.9908160230015224,150.00000000,72.23380303,56
32,811,0.991181731740812,156.00000000,54.15624785,43
32,812,0.9902160812261952,144.00000000,53.15055418,42
32,813,0.9902744492265246,151.00000000,59.35983300,47
32,814,0.9916448220452128,159.00000000,70.81197333,56
32,815,0.9901387020665291,142.00000000,48.46837664,38
32,816,0.9911528740612501,132.00000000,57.70966005,45
32,817,0.9905819762047703,136.00000000,57.20557690,45
32,818,0.9900876443253034,158.00000000,63.15268469,50
32,819,0.9903035538289409,132.00000000,52.40817451,41
32,820,0.99030409961468,155.00000000,61.36573100,48
32,821,0.9901154268507808,158.00000000,62.95264649,49
32,822,0.9919217705724807,140.00000000,52.85770535,42
32,823,0.9901716195393427,149.00000000,63.04593325,50
32,824,0.9921349978478818,141.00000000,59.79928637,47
32,825,0.9906862538932011,148.00000000,61.06710792,48
32,826,0.9900015961120102,154.00000000,96.02992988,75
32,827,0.9902555165648328,148.00000000,67.44998908,53
32,828,0.9909008566223482,155.00000000,67.08413124,53
32,829,0.9900962074325994,136.00000000,70.91214085,55
32,830,0.9903820207281635,137.00000000,51.76152563,41
32,831,0.9903970312287881,153.00000000,65.07126260,51
32,832,0.9916462247303917,152.00000000,58.16097641,46
32,833,0.9907925021194621,136.00000000,57.08765769,45
32,834,0.9900167800237125,153.00000000,99.55017281,78
32,835,0.9903606799968583,128.00000000,45.62247062,36
32,836,0.9904618617024791,151.00000000,71.64139628,56
32,837,0.9900215268581225,155.00000000,72.56752634,57
32,838,0.99192586370763,147.00000000,55.55649495,44
32,839,0.9906240295257083,153.00000000,56.79235888,45
32,840,0.9912453946610114,135.00000000,51.19076395,40
32,841,0.9901304768033273,157.00000000,69.13926864,54
32,842,0.9901416900514584,140.00000000,60.52003717,47
32,843,0.9904648404863605,142.00000000,50.70664573,40
32,844,0.9900141840874447,143.00000000,70.86555839,55
32,845,0.9904866403939254,147.00000000,56.48966503,44
32,846,0.9904422185110071,148.00000000,80.41408443,63
32,847,0.9874359602964597,134.00000000,201.23531413,154
32,848,0.9902386195982182,123.00000000,54.35957766,43
32,849,0.9903674320563516,140.00000000,54.42518544,43
32,850,0.9901856429422902,156.00000000,69.69884300,55
32,851,0.9906401245032022,135.00000000,42.98017836,34
32,852,0.9911267132711474,145.00000000,57.04714990,45
32,853,0.9900796792466898,144.00000000,57.08512568,45
32,854,0.9901012995155312,145.00000000,86.61421037,68
32,855,0.9903315164147644,139.00000000,53.26912236,42
32,856,0.9913149061905134,146.00000000,91.26669121,70
32,857,0.9901183056510195,156.00000000,63.58100462,50
32,858,0.9903933947229828,139.00000000,44.23732281,35
32,859,0.9900413937636905,138.00000000,66.58413768,52
32,860,0.9906376422358846,142.00000000,58.63775682,46
32,861,0.9905361055819448,157.00000000,53.00315905,42
32,862,0.990509379677497,146.00000000,58.54861021,46
32,863,0.9915541152302905,154.00000000,54.32651353,43
32,864,0.9913109405450105,141.00000000,63.34844494,50
32,865,0.9903989053009639,159.00000000,60.15443444,47
32,866,0.9900673528291,142.00000000,60.90901613,48
32,867,0.9912102763453272,146.00000000,54.13259816,42
32,868,0.9900820319442958,151.00000000,71.08520103,56
32,869,0.9912020968057855,134.00000000,50.05454969,39
32,870,0.991004118744506,136.00000000,54.16897917,43
32,871,0.9914839350270993,141.00000000,46.63620806,37
32,872,0.9906928836156104,157.00000000,76.26612115,60
32,873,0.9918801328370712,142.00000000,53.10663342,42
32,874,0.9902486129472521,157.00000000,70.16329503,54
32,875,0.9904087074798125,157.00000000,53.13593769,42
32,876,0.9901051671304933,148.00000000,76.75895524,60
32,877,0.9906631669554202,136.00000000,47.87743568,38
32,878,0.990036268211549,138.00000000,47.87967849,38
32,879,0.9900501230344769,157.00000000,52.84548330,42
32,880,0.9901789822550748,144.00000000,73.60712123,57
32,881,0.9905170763997344,143.00000000,56.75738788,45
32,882,0.990250156153284,147.00000000,54.58064628,43
32,883,0.9853495770914844,139.00000000,216.96750498,145
32,884,0.9903599112839174,138.00000000,44.23606968,35
32,885,0.9900941697154211,135.00000000,53.06806207,42
32,886,0.9909115403109419,133.00000000,48.08311653,38
32,887,0.9906784989078977,134.00000000,58.87482905,46
32,888,0.9902297753929863,141.00000000,51.16503000,40
32,889,0.9904284357442446,135.00000000,52.92451692,42
32,890,0.990018807855183,129.00000000,59.18670011,47
32,891,0.990333875005432,139.00000000,54.53059697,43
32,892,0.9902903586526238,160.00000000,87.79850197,69
32,893,0.991112067358078,141.00000000,60.54949260,48
32,894,0.9829060432101638,158.00000000,166.29864669,123
32,895,0.990828849205927,145.00000000,50.71210957,40
32,896,0.9900940471751569,148.00000000,58.57547045,46
32,897,0.9900913143292509,141.00000000,53.40512729,42
32,898,0.9902031494627687,147.00000000,53.09869885,42
32,899,0.9813642634726344,136.00000000,177.69864464,131
32,900,0.9922299113872212,144.00000000,51.74975514,41
32,901,0.9906981291960795,143.00000000,76.73076177,60
32,902,0.9904286421066745,141.00000000,49.25406671,39
32,903,0.9900194815742988,149.00000000,65.99334836,52
32,904,0.9906020349508571,143.00000000,63.41197872,50
32,905,0.99006086161423,136.00000000,47.25277400,37
32,906,0.9901247409293716,143.00000000,64.74022222,51
32,907,0.9901374107221366,143.00000000,54.61889434,43
32,908,0.9903971822199082,160.00000000,98.04392171,76
32,909,0.9903175862725748,157.00000000,66.03079915,52
32,910,0.9915367502161695,147.00000000,59.39391637,47
32,911,0.9926671487708909,156.00000000,71.73954391,56
32,912,0.9903655999512395,134.00000000,67.15788412,53
32,913,0.9901567408878023,137.00000000,62.65723419,49
32,914,0.9906518295161169,154.00000000,51.89264917,41
32,915,0.9902307338521676,144.00000000,82.34033465,64
32,916,0.9902649557370695,147.00000000,55.73209667,44
32,917,0.9900021823676587,150.00000000,54.59306073,43
32,918,0.990748406544082,139.00000000,47.91698980,38
32,919,0.9901676005624211,139.00000000,55.46455002,44
32,920,0.9902262841686814,145.00000000,58.41599822,46
32,921,0.9907274910760483,146.00000000,50.41672635,40
32,922,0.9900794532245933,157.00000000,90.14507461,70
32,923,0.9916807852354049,136.00000000,54.70989704,43
32,924,0.9906501608780129,144.00000000,61.02188516,48
32,925,0.9901145332113245,152.00000000,53.40019560,42
32,926,0.9903762967801704,134.00000000,49.57599258,39
32,927,0.9901270284307722,153.00000000,53.58477068,42
32,928,0.9906909232539699,146.00000000,49.66261029,39
32,929,0.9906684291965692,149.00000000,54.44798183,43
32,930,0.9821718879077084,139.00000000,189.84891272,140
32,931,0.990160278635005,134.00000000,48.07108688,38
32,932,0.9906759080932013,140.00000000,52.34753466,41
32,933,0.9909380142813695,139.00000000,44.13992143,35
32,934,0.9912559554066523,151.00000000,60.81630826,47
32,935,0.9903006409165912,139.00000000,55.60926723,44
32,936,0.9901160925414361,155.00000000,75.28945804,59
32,937,0.9909297166129818,141.00000000,56.17611718,44
32,938,0.9900182032766613,138.00000000,54.84582376,43
32,939,0.9910903496398852,149.00000000,49.52166343,39
32,940,0.9900059126627685,160.00000000,86.76719999,68
32,941,0.9903010743228562,141.00000000,59.95188999,47
32,942,0.9905113193847104,150.00000000,65.19332743,51
32,943,0.9909772325090154,159.00000000,69.27557540,54
32,944,0.9902003680262564,154.00000000,63.49357867,50
32,945,0.9902165009918567,145.00000000,55.55229211,44
32,946,0.9902627239166981,147.00000000,75.28243899,59
32,947,0.9903720276752228,144.00000000,53.07441974,42
32,948,0.9905149247603504,149.00000000,49.30752611,39
32,949,0.9907988711154688,158.00000000,60.69170070,48
32,950,0.9901587819718203,140.00000000,56.12570429,44
32,951,0.9902531709787047,131.00000000,44.91422987,35
32,952,0.9900731751374451,144.00000000,53.81880498,42
32,953,0.990263370534176,139.00000000,50.90309906,40
32,954,0.9900543716868895,137.00000000,56.65717983,44
32,955,0.9905262640630189,148.00000000,60.36692643,47
32,956,0.9902419165270588,156.00000000,67.94754457,53
32,957,0.9900498565515528,132.00000000,51.40063715,40
32,958,0.9904133832962289,149.00000000,59.33529305,46
32,959,0.9905140202867042,150.00000000,66.34334135,51
32,960,0.990087419620935,150.00000000,61.52852297,48
32,961,0.9901142125837344,148.00000000,58.40091062,46
32,962,0.9902816605847935,151.00000000,60.82579064,47
32,963,0.9903414617722839,142.00000000,54.87686920,43
32,964,0.9902985843436689,144.00000000,63.62987399,50
32,965,0.9911370628503522,131.00000000,54.81533599,43
32,966,0.9903128900262987,135.00000000,58.18587399,46
32,967,0.9907000143158609,138.00000000,48.19244742,38
32,968,0.9900375028952719,153.00000000,80.82330394,63
32,969,0.99035042518594,150.00000000,48.74556327,38
32,970,0.990391505061408,154.00000000,64.11833453,50
32,971,0.992097983027304,153.00000000,53.23049998,42
32,972,0.991611440454041,134.00000000,53.49203897,42
32,973,0.9904219213652143,141.00000000,61.01523614,48
32,974,0.9903245512850589,128.00000000,44.35668635,35
32,975,0.9901853082971002,141.00000000,62.75276399,49
32,976,0.990046255895582,140.00000000,65.04855490,51
32,977,0.9907938043153441,138.00000000,69.94130135,55
32,978,0.9901436487324635,127.00000000,44.69936728,35
32,979,0.9905109368079181,148.00000000,56.92033625,45
32,980,0.9904361684058203,157.00000000,58.37282062,46
32,981,0.9904352654816433,132.00000000,49.30867219,39
32,982,0.9917518649875544,144.00000000,69.23705268,54
32,983,0.9902935535541798,131.00000000,47.85510635,38
32,984,0.9886901871076361,139.00000000,181.41010523,137
32,985,0.9902440247937287,147.00000000,49.23342657,39
32,986,0.9907363641222445,140.00000000,53.44792104,42
32,987,0.9903253319937778,145.00000000,52.18383694,41
32,988,0.9901571527575155,155.00000000,81.09296417,63
32,989,0.9886834110956851,150.00000000,182.11016273,130
32,990,0.9902121173339207,160.00000000,73.82928133,58
32,991,0.9901395244452571,153.00000000,76.35233545,60
32,992,0.9901966968098498,149.00000000,61.53479123,48
32,993,0.9913456541265484,134.00000000,57.17267847,45
32,994,0.9906433252526373,127.00000000,52.96261525,42
32,995,0.9923714121565602,132.00000000,44.43607116,35
32,996,0.9907972442173146,153.00000000,57.05024862,45
32,997,0.9902758834030975,142.00000000,49.28741050,39
32,998,0.9902143362003095,149.00000000,51.84134555,41
32,999,0.9908303840475575,153.00000000,54.50094843,43
