14 14 14 14 14 14 14 14 14 14 14 14 14 14 14 14 14 14 14 14 3 1 1 1 1 1 9 9 9 9 9 9 9 9 9 9 9 9 9 9 9 10 9 9 9 9 9 9 9 9 9 9 9 9 9 9 12 12 12 12 12 15 15 15 2 2 3 3 2 2 2 0 0 0 0 0 0 0 0 0 0 10 0 0 0 0 10 0 0 0 0 0 3 15 3 3 3 3 3 3
12 12 12 12 12 12 1 1 1 1 1 15 15 15 15 15 15 15 15 15 15 0 0 0 0 0 13 13 13 13 13 13 13 13 13 13 13 13 13 13 13 15 10 10 10 10 10 10 10 10 10 4 4 4 4 4 15 15 15 13 4 5 15 15 15 15 15 4 4 4 4 0 0 4 4 4 6 6 6 6 10 10 10 10 10 10 10 10 10 10 0 10 10 10 6 10 6 10 6 6
9 14 14 14 14 14 1 1 1 1 1 10 10 10 10 10 10 10 10 10 10 12 12 12 12 12 10 0 3 10 10 8 8 8 12 12 9 9 2 2 2 2 2 2 2 2 0 0 0 0 0 5 5 5 5 5 3 3 3 3 3 3 3 3 5 2 7 7 7 7 7 4 4 4 4 4 11 11 11 11 11 4 4 4 4 4 4 4 4 4 4 10 4 4 4 4 11 4 4 11
11 14 14 14 14 14 1 1 1 1 1 12 12 12 12 12 13 13 15 13 13 13 13 13 13 13 15 15 15 15 9 11 11 11 11 11 14 14 14 14 14 6 6 6 6 6 9 9 9 9 9 1 1 0 0 0 0 0 0 0 0 0 13 1 1 1 4 0 0 0 0 0 0 0 0 0 0 0 0 0 0 0 0 0 9 0 2 0 0 0 9 2 2 0 0 0 7 9 2 7
0 5 5 5 5 5 13 13 13 13 13 12 12 12 12 12 1 1 1 1 1 1 1 1 1 1 4 4 4 4 4 15 15 15 15 15 12 3 3 3 3 9 9 9 9 9 9 9 9 9 9 9 9 9 9 1 9 9 9 9 9 12 12 12 12 12 7 7 7 7 7 7 7 7 7 7 0 0 0 0 0 6 6 6 6 6 6 6 6 6 6 11 6 6 6 6 5 5 5 5
4 12 12 12 12 14 1 1 1 1 1 13 13 13 13 13 14 14 14 14 14 14 14 14 14 14 14 14 14 14 14 14 14 1 1 1 12 12 12 12 12 0 0 0 0 0 3 3 3 3 3 4 4 4 4 4 7 3 3 3 3 15 15 15 15 3 3 3 3 3 3 3 3 3 3 3 3 3 3 3 10 3 1 10 3 3 3 10 3 3 3 1 12 15 12 12 10 10 10 10
9 0 0 0 0 0 11 11 11 11 11 11 11 11 11 11 3 3 3 3 3 3 3 3 3 3 5 5 5 5 5 5 5 5 5 5 13 11 13 13 2 3 3 3 3 3 15 2 2 2 2 3 3 3 3 1 1 1 1 1 1 1 1 1 1 1 1 1 1 1 1 6 0 12 12 15 15 11 12 12 15 12 10 2 2 2 2 11 12 15 2 2 10 2 2 2 2 2 2 2
9 9 9 9 9 9 12 12 12 12 12 1 1 1 1 1 9 9 9 9 9 12 12 12 12 12 12 12 12 12 12 0 0 0 0 0 2 2 2 2 2 12 12 12 12 12 12 12 12 7 7 7 7 7 7 7 7 7 7 7 7 1 1 1 1 1 1 1 1 1 1 3 3 4 0 0 10 10 0 0 10 5 9 10 5 5 6 6 10 1 1 5 5 5 5 9 6 6 6 6
8 13 13 13 13 13 13 13 13 13 13 13 13 13 13 13 1 1 1 1 1 1 1 1 1 1 15 15 15 15 1 15 15 15 15 15 11 12 12 12 12 12 12 11 11 11 11 11 11 11 11 3 3 3 3 3 3 3 3 3 15 4 4 4 4 6 6 6 6 6 6 6 6 6 6 6 12 7 7 14 12 8 1 1 1 1 10 15 15 12 12 15 8 8 8 8 8 8 8 8
7 12 12 12 12 12 1 1 1 1 1 8 8 8 8 8 8 8 8 8 8 12 12 12 12 12 13 13 13 13 13 13 13 4 4 4 4 4 4 4 4 7 7 7 7 11 6 6 6 6 6 12 12 12 12 12 6 6 9 6 9 4 4 0 0 0 0 0 0 0 0 0 0 0 0 7 0 0 0 0 0 0 0 0 11 0 0 5 5 5 5 9 9 9 9 0 0 0 0 0
