7 12 7 7 15 9 10 9 13 10 0 12 8 9 13 8 1 12 2 13 9 14 2 7 0 4 5 13 15 4 2 4 7 0 1 4 6 5 5 7 1 14 4 14 6 0 12 6 12 4 8 9 5 10 8
5 11 13 10 10 8 14 0 12 12 10 12 12 11 1 9 12 8 12 8 3 1 14 8 7 7 6 9 7 13 3 11 2 11 0 7 15 15 4 3 4 5 15 5 6 2 4 0 6 1 8 13 4 5 10
14 3 7 0 10 8 8 12 11 13 15 0 14 1 0 12 14 11 10 15 10 11 6 8 5 0 13 0 1 3 11 3 11 5 15 15 7 4 15 4 15 1 4 14 6 7 6 5 6 9 6 15 5 14 11
14 8 8 12 11 0 14 12 14 15 0 0 8 1 9 13 14 13 12 2 13 13 8 2 7 0 9 4 7 1 4 7 11 4 6 0 0 0 1 5 5 6 7 15 0 3 6 2 11 5 0 10 5 7 14
11 9 9 9 14 15 15 13 13 14 10 13 11 8 15 1 9 9 11 14 12 9 14 5 0 3 13 6 5 0 15 7 11 11 1 15 15 2 15 4 0 0 3 4 2 7 12 6 12 3 9 10 6 0 12
14 10 7 10 12 12 12 10 0 9 10 13 14 15 14 1 12 12 0 2 9 10 10 12 4 13 13 9 9 2 0 7 7 0 1 1 5 6 3 4 5 0 14 5 15 15 9 12 14 7 4 1 3 8 5
4 4 13 12 0 9 10 14 14 13 9 15 14 9 1 10 9 14 10 1 0 1 8 7 15 15 5 15 0 0 15 11 0 7 2 4 2 4 4 15 3 15 0 5 6 2 6 15 12 11 1 5 2 0 0
0 4 13 8 10 12 12 11 8 11 13 8 11 15 1 13 9 13 2 15 3 3 10 7 1 7 9 4 6 6 11 0 7 0 5 5 15 4 0 15 15 4 6 4 15 3 10 2 9 2 12 8 10 9 10
7 13 0 10 8 13 0 14 12 11 0 15 9 12 1 0 8 12 0 13 3 8 8 0 4 7 11 7 7 15 11 6 2 5 0 7 4 1 15 7 3 7 15 5 4 4 11 12 7 11 5 2 12 14 5
15 4 13 15 11 13 12 9 11 15 11 11 14 1 12 9 1 2 2 2 1 8 3 10 0 6 15 0 11 6 5 11 11 7 2 0 3 3 1 1 3 15 4 6 5 0 1 2 6 5 3 1 10 4 4
15 8 15 14 0 8 11 11 0 13 10 13 1 15 1 10 8 8 13 2 13 14 15 5 11 9 15 11 0 6 15 11 7 3 3 6 2 1 4 4 1 6 4 14 14 0 11 8 15 10 2 0 10 4 1
8 15 14 12 15 10 10 12 11 0 0 12 0 1 11 8 10 12 12 3 0 3 10 10 4 11 6 6 13 2 4 7 3 11 2 15 2 6 5 4 1 4 3 15 13 2 5 10 7 1 7 11 7 3 10
0 10 8 10 10 14 14 10 14 14 14 14 12 0 1 0 8 12 14 2 0 15 15 1 6 13 15 4 3 0 2 11 15 2 0 15 5 3 15 1 1 2 0 1 7 2 3 13 7 12 1 15 2 14 3
5 9 15 10 0 7 15 8 8 11 8 15 0 9 9 12 0 8 10 3 13 10 14 14 2 6 2 9 0 5 11 0 3 11 4 1 7 15 5 4 1 0 6 3 4 2 4 9 5 9 6 10 3 5 14
10 8 12 14 0 0 13 13 0 15 15 12 13 0 8 1 12 11 12 3 11 8 13 4 2 5 1 3 3 5 11 7 11 4 7 7 3 1 0 0 1 1 15 5 7 15 15 3 0 2 5 10 15 7 12
11 11 9 10 15 13 11 13 13 14 0 14 14 1 15 11 11 13 1 2 3 9 10 15 5 3 1 7 0 15 11 1 15 3 5 3 0 15 6 3 6 5 1 4 1 1 10 7 3 2 15 3 14 13 0
4 12 10 13 7 0 10 15 8 15 10 9 9 1 9 1 13 13 8 3 14 3 6 12 8 5 15 9 1 3 2 6 6 11 3 7 0 0 5 4 4 7 4 13 8 0 15 9 0 12 6 5 11 0 2
3 11 9 11 11 11 13 14 12 15 14 10 12 15 1 10 10 1 13 11 0 9 10 5 15 5 13 2 1 7 6 11 2 0 2 2 2 1 1 0 15 3 14 6 3 5 6 0 15 9 4 0 1 10 12
8 9 15 11 8 9 8 0 11 11 14 0 14 8 1 15 13 11 12 14 11 2 8 4 3 4 6 13 4 0 1 2 1 1 1 6 15 0 6 7 0 14 15 1 15 15 10 9 4 10 13 14 5 1 7
8 0 14 15 7 13 15 13 15 9 9 14 14 0 1 15 15 9 15 2 11 14 12 12 7 2 0 13 5 2 1 4 15 7 6 3 0 15 0 5 7 3 5 2 5 13 10 6 7 15 0 0 8 11 13
6 3 11 11 13 9 15 10 13 10 10 14 15 15 11 1 8 14 13 3 9 13 12 7 7 2 6 7 5 1 1 7 11 5 0 0 3 1 3 2 1 0 1 0 15 8 6 9 7 14 15 8 3 5 1
13 4 12 0 11 15 0 10 15 0 12 11 1 1 11 14 0 13 1 3 1 12 15 9 6 3 3 13 6 15 1 5 7 11 1 1 15 6 6 1 1 1 1 13 8 8 1 10 11 7 8 3 1 7 7
15 12 10 12 0 0 13 12 8 11 9 9 15 8 1 0 0 11 2 2 2 12 7 7 13 1 2 9 0 4 0 11 15 1 2 6 7 7 2 1 2 7 14 3 1 6 15 4 4 5 8 4 13 2 5
8 14 13 11 9 0 0 0 13 13 14 15 13 8 1 11 13 0 10 3 0 2 8 0 2 6 6 1 0 15 3 11 7 5 5 2 1 15 2 4 6 1 7 3 5 12 11 13 11 15 12 8 3 9 13
3 3 15 14 14 8 11 12 8 13 0 13 14 15 1 9 10 15 2 10 10 8 9 9 7 0 11 9 6 4 11 1 2 1 3 4 2 2 1 3 3 3 14 0 14 13 6 9 13 1 2 9 15 3 14
7 15 10 7 14 11 14 14 10 9 12 14 15 13 1 8 15 2 11 9 3 8 0 9 2 7 9 13 0 15 0 11 11 15 15 2 3 2 4 5 3 15 5 0 13 2 3 11 8 9 10 14 8 0 2
0 8 7 14 15 11 10 9 14 0 0 12 15 11 1 12 11 1 12 2 9 8 7 12 6 13 7 11 3 3 11 2 4 4 1 15 2 7 2 6 1 2 7 14 14 5 8 5 9 13 8 4 4 0 0
11 13 0 14 9 14 11 14 15 9 10 8 13 15 1 0 0 15 14 3 12 3 3 15 4 0 9 0 4 15 1 11 11 7 4 15 2 6 7 1 2 2 14 7 8 8 9 14 9 3 9 1 12 4 14
14 0 8 11 0 0 8 0 0 11 11 15 10 12 1 15 9 9 14 8 10 2 8 13 4 11 11 7 1 11 2 11 4 7 15 1 6 2 5 1 7 1 2 7 5 5 6 14 1 11 4 8 11 7 15
14 11 15 15 15 10 15 11 14 0 13 12 0 14 1 12 12 2 13 2 9 14 3 4 15 4 5 2 1 7 4 15 6 2 2 7 6 15 0 15 15 0 6 10 5 10 4 11 15 12 0 0 4 7 7
