11 0 10 13 0 15 15 15 10 11 9 15 0 1 12 1 0 12 3 3 9 7 5 11 5 9 15 13 11 2 3 2 9 11 14 2 14 10 1 1 13 0 15 15 3 11 11 15 15 15 3 6 1 15 1 3 3 1 7 5 11 9 10 11 11 11 11 11 12 9 11 10 11 10 9
15 13 0 15 12 15 8 15 11 11 13 8 0 1 0 1 10 0 2 3 3 7 4 7 7 5 0 9 3 3 15 3 3 10 2 14 14 2 0 0 13 3 0 1 2 11 11 3 2 15 1 7 4 15 7 2 3 3 7 4 11 11 11 10 11 9 9 11 11 11 10 11 10 11 10
9 9 8 13 0 11 0 11 11 11 0 12 10 1 15 1 15 10 3 0 1 2 6 6 9 6 11 1 9 13 3 11 2 3 11 14 2 0 3 15 13 4 7 6 11 11 7 15 5 4 1 0 1 7 1 3 0 0 2 6 11 10 10 12 10 9 10 12 11 9 10 11 10 10 9
12 0 11 9 13 11 15 12 9 11 0 0 15 1 1 1 1 10 2 2 3 4 6 4 9 7 5 11 9 13 3 9 2 1 12 10 14 12 14 11 9 7 15 11 7 11 11 5 1 1 1 1 1 6 4 2 4 3 4 6 12 11 9 10 11 11 11 10 12 10 10 10 12 10 9
8 0 13 9 13 15 11 15 15 10 11 15 14 1 1 1 10 2 2 11 15 1 13 15 6 13 13 0 11 13 2 11 2 8 10 10 14 8 9 9 9 13 1 11 15 11 0 15 15 0 1 1 3 0 2 3 15 5 1 4 10 11 11 11 11 11 10 10 11 10 12 10 11 12 9
12 15 15 9 12 9 11 13 8 0 8 13 9 1 8 1 0 0 1 3 11 3 4 7 3 4 1 3 9 9 9 11 3 15 1 10 11 0 5 11 9 13 15 11 0 11 15 6 0 4 1 6 4 15 5 1 3 15 2 6 10 11 11 9 9 9 11 11 11 10 10 10 10 0 11
10 11 13 0 13 8 15 14 11 10 15 0 11 1 1 1 1 8 3 2 0 4 6 6 7 5 9 11 9 9 3 13 3 15 14 1 14 10 15 13 15 13 2 11 3 11 0 0 0 1 0 1 1 15 3 3 2 5 2 14 10 10 10 11 9 9 9 9 11 11 10 12 11 10 12
0 0 0 9 8 15 11 15 11 8 10 0 0 1 1 1 1 8 2 2 15 5 4 4 7 5 0 9 9 3 2 3 2 11 15 10 2 0 0 1 9 9 15 11 11 11 2 2 15 0 1 1 1 1 7 5 3 3 5 4 10 11 11 9 9 9 9 9 9 10 11 9 9 10 11
8 0 15 15 15 0 11 11 10 14 0 9 1 15 1 1 0 8 0 3 11 15 9 9 7 9 11 1 11 9 9 11 3 3 11 10 3 0 0 15 13 5 7 3 11 11 5 5 15 1 15 1 1 0 3 4 3 2 6 1 10 10 10 11 11 11 11 9 10 12 12 9 10 11 12
12 15 13 15 9 11 11 15 8 12 14 15 11 1 12 1 15 12 15 1 2 13 6 7 9 7 9 9 1 9 3 11 11 2 14 11 12 12 2 0 13 9 15 11 0 11 2 3 15 15 1 0 1 0 1 15 2 2 1 6 10 11 11 9 9 9 10 11 11 11 10 11 9 11 12
8 12 13 13 13 0 15 10 9 11 8 9 0 1 0 1 8 0 3 3 15 9 5 5 9 6 1 9 9 2 9 9 2 3 10 12 10 8 12 13 13 13 0 11 1 11 11 15 2 0 1 1 1 4 0 3 3 15 2 5 11 10 10 11 11 10 10 11 11 11 11 10 11 10 12
10 15 11 13 15 0 15 11 13 0 14 0 0 1 1 1 8 14 10 3 9 0 6 7 9 7 3 9 3 2 15 3 2 11 3 10 0 0 0 1 13 13 0 15 11 0 0 15 3 15 1 15 1 15 1 0 3 2 0 6 10 11 11 9 11 11 11 11 11 9 11 12 12 12 12
8 13 9 13 0 15 11 11 11 13 0 9 15 1 15 1 0 10 3 3 8 4 7 7 6 4 9 1 9 9 3 1 3 10 8 10 10 8 13 9 13 6 11 11 11 11 11 1 3 15 6 4 1 0 15 3 3 3 4 5 11 9 10 12 9 10 12 12 12 12 12 12 12 10 9
14 10 9 9 13 14 15 0 10 11 10 15 10 1 1 1 10 3 3 1 9 15 15 9 6 9 0 13 1 9 2 2 11 14 12 10 14 14 2 9 9 13 4 11 0 11 11 6 15 15 1 1 0 0 4 3 1 2 0 15 11 11 11 10 12 10 10 11 11 11 10 12 10 10 10
10 0 13 11 9 15 15 15 11 9 11 10 12 1 1 1 1 3 2 1 1 1 1 9 6 13 11 9 9 2 3 13 11 2 10 2 10 10 0 13 11 11 11 5 11 11 11 6 15 2 1 6 1 1 1 2 1 2 1 1 10 11 11 11 11 10 12 11 9 9 12 11 11 12 10
10 15 13 15 15 15 15 11 11 11 15 10 1 12 1 1 14 15 8 3 9 13 0 11 7 9 1 13 11 11 9 11 3 2 10 11 10 10 3 13 1 15 4 0 11 11 11 15 1 1 1 1 1 3 4 4 3 2 1 6 11 9 10 11 11 11 10 11 11 10 10 11 10 11 9
12 9 12 13 11 15 15 11 14 14 0 15 9 13 1 1 14 2 3 0 15 15 0 9 6 1 1 1 9 9 2 0 3 14 12 12 14 12 2 13 13 4 15 5 11 11 11 1 15 6 0 1 1 0 2 3 15 3 15 15 10 10 10 11 10 12 12 11 9 11 12 12 11 12 10
12 15 15 13 9 11 8 15 11 9 8 0 0 1 1 14 12 2 14 3 0 1 0 6 13 6 7 13 1 9 11 2 3 3 10 2 8 12 0 2 13 9 5 11 15 11 1 15 15 0 15 1 1 15 4 1 3 15 3 0 10 12 11 10 10 10 11 9 12 9 9 10 9 10 9
12 11 9 13 13 15 15 15 11 14 15 10 1 14 1 1 10 14 14 3 0 15 13 11 7 9 1 11 15 9 11 2 3 1 10 11 12 12 2 15 13 13 7 11 0 11 11 1 0 0 1 1 1 3 7 15 3 0 15 0 11 11 11 10 12 12 12 11 11 11 11 10 9 12 11
12 11 0 13 9 10 9 11 11 11 0 9 10 1 1 1 1 2 3 11 1 9 0 9 6 9 13 1 0 9 2 3 11 2 14 3 12 12 3 0 13 9 5 3 11 11 11 0 1 0 1 4 1 1 5 3 2 3 0 2 10 10 10 11 10 11 9 10 12 11 11 11 11 10 11
0 10 0 9 0 10 11 12 11 15 15 0 0 1 13 1 8 3 3 9 1 0 15 9 6 11 11 0 13 13 1 11 3 11 1 10 11 0 15 5 9 13 0 11 2 11 11 7 2 6 1 15 7 0 1 1 7 1 1 14 10 10 10 11 11 11 11 11 11 10 11 10 12 9 9
14 15 0 8 15 9 0 15 13 11 15 10 0 1 1 1 12 10 12 2 1 11 0 9 11 4 13 11 11 13 2 2 11 3 10 9 10 14 11 9 13 15 1 11 15 11 0 3 3 3 1 1 1 4 5 0 7 1 1 14 9 10 10 10 11 11 11 11 10 3 9 10 11 10 12
0 9 0 13 0 0 15 14 11 0 15 12 8 1 1 1 1 14 3 3 13 5 6 7 5 6 11 9 3 11 2 13 1 2 10 9 12 14 3 1 13 2 3 15 0 11 0 3 0 0 1 1 1 1 6 3 0 15 5 14 10 11 11 10 10 11 11 11 11 9 12 10 11 11 11
11 13 14 9 11 14 11 0 11 0 0 15 15 1 8 1 15 12 1 3 15 9 7 4 9 5 15 13 9 1 9 11 2 15 14 11 12 12 15 15 9 13 7 11 4 11 0 2 15 15 7 3 1 7 6 1 3 3 2 7 10 12 11 10 11 11 10 11 11 11 9 12 10 12 12
10 13 13 11 14 8 15 11 11 11 0 8 0 1 1 1 1 14 2 2 3 13 7 6 2 9 6 9 15 3 9 3 11 2 10 3 10 10 3 13 15 5 4 1 11 11 11 0 1 0 1 1 1 1 0 2 2 3 2 7 10 10 10 12 11 9 10 11 9 10 10 10 10 12 12
13 15 11 13 15 13 13 15 11 10 15 10 11 1 1 8 1 1 0 15 2 13 6 7 15 7 13 0 9 11 2 11 2 10 2 14 8 13 3 1 13 5 1 2 0 11 11 2 15 15 1 15 15 6 1 1 15 2 0 6 11 11 11 10 11 11 11 11 10 11 10 10 10 10 12
8 0 11 13 9 15 12 15 11 0 15 15 15 0 1 9 8 9 2 2 13 11 0 9 6 9 11 9 9 0 9 2 11 2 10 2 12 8 0 2 13 9 6 11 4 11 0 15 0 7 0 15 0 4 0 2 2 2 4 0 10 11 11 9 10 10 10 10 11 10 11 9 10 12 12
8 0 11 0 9 14 15 11 11 10 14 14 15 1 15 1 8 3 2 15 0 1 0 9 7 9 1 9 0 13 2 3 11 2 10 2 8 8 3 1 13 9 1 15 11 11 11 7 5 15 1 4 1 1 3 2 2 7 15 15 10 11 11 11 11 10 11 10 12 11 9 10 12 11 9
15 0 9 15 9 15 11 11 11 10 15 14 11 15 1 9 10 2 2 0 9 1 1 9 6 1 9 15 9 15 2 2 11 3 11 10 2 15 0 2 13 9 5 11 6 11 15 0 1 15 15 1 4 15 2 2 2 15 15 1 10 11 11 10 10 11 12 9 10 10 10 12 10 10 10
15 10 0 11 0 0 11 11 13 11 0 9 10 1 1 14 10 0 3 3 3 14 10 15 6 9 9 3 3 15 9 11 2 11 3 10 5 15 11 7 9 13 7 11 3 11 15 7 5 15 1 3 0 0 1 7 2 3 0 4 9 12 9 9 9 9 9 11 11 10 11 11 10 11 6
