14 15 8 15 15 15 15 0 11 0 15 15 13 1 1 15 9 8 0 3 10 3 5 6 9 7 1 1 9 9 2 11 9 2 11 2 11 8 15 8 8 7 4 13 6 15 0 0 11 11 0 4 4 1 1 15 5 5 0 2 15 3 5 10 10 10 11 10 11 9 12 9 10 12 11 9 11 12 11 10
11 0 13 13 0 15 0 11 11 12 10 13 1 15 1 13 1 8 11 3 12 12 13 0 7 9 0 13 11 9 0 0 3 9 9 2 11 14 11 2 3 0 7 13 0 0 0 11 11 15 6 6 3 15 3 15 1 1 3 3 3 0 2 11 11 10 10 3 9 11 10 10 11 10 12 12 10 10 12 12
0 12 15 13 15 15 0 11 0 9 14 15 14 1 0 0 1 15 3 3 0 10 4 5 1 7 9 13 9 13 9 9 2 15 2 11 11 2 14 1 4 2 15 13 13 2 0 11 15 1 3 0 4 1 7 0 1 0 3 3 0 4 4 11 11 12 9 11 9 11 9 11 11 10 11 10 11 9 10 11
13 0 13 13 13 15 15 11 15 15 12 0 14 0 1 15 1 8 0 3 14 15 11 9 7 9 9 1 11 9 11 9 3 2 11 11 3 11 10 0 3 7 6 13 13 15 7 11 0 15 1 4 15 0 1 15 1 0 0 3 15 15 15 10 10 10 11 10 11 10 11 10 11 9 9 9 9 10 12 12
13 0 12 13 12 15 14 11 14 11 15 14 11 1 1 15 11 12 2 10 3 14 7 7 11 7 9 13 9 3 13 2 3 13 11 2 11 14 11 12 8 0 15 13 9 2 1 11 11 11 15 3 4 0 1 15 1 2 2 0 3 0 7 10 11 11 10 10 10 11 11 1 12 11 11 11 10 12 11 12
9 15 12 15 13 15 8 11 11 11 10 12 12 1 15 1 11 8 3 3 3 7 6 4 13 7 4 11 2 9 2 9 3 9 2 11 2 10 2 10 14 11 13 7 0 5 4 11 11 11 4 6 1 1 1 1 7 15 6 3 3 7 6 11 11 11 10 11 9 11 9 11 11 9 9 9 10 12 11 10
14 10 9 13 0 10 11 8 10 11 8 15 0 9 1 11 12 2 2 15 12 1 1 0 7 13 13 1 9 9 2 2 9 9 2 11 9 10 11 10 14 6 6 13 0 3 11 11 11 11 1 0 6 0 1 6 1 2 2 0 15 1 1 10 11 11 10 10 11 2 12 11 9 9 11 11 9 12 11 12
14 9 15 13 15 15 0 14 11 14 13 11 9 0 0 1 15 15 3 3 10 8 8 15 7 15 11 1 1 9 9 2 2 9 11 3 2 14 3 10 14 4 15 13 4 15 0 15 11 11 15 2 0 2 0 3 3 15 3 15 5 15 4 11 10 10 11 1 12 11 10 9 9 10 11 11 11 11 10 12
10 14 13 13 9 15 0 11 11 8 13 9 15 1 1 1 14 2 2 15 10 9 1 9 6 9 1 11 9 0 9 2 9 0 2 11 11 12 14 10 10 14 13 13 7 3 0 11 11 11 15 2 15 1 4 4 1 2 2 3 3 15 1 10 10 10 11 10 12 9 11 10 10 11 11 9 11 12 12 10
11 8 15 15 12 9 10 15 9 10 13 9 15 1 0 1 0 12 15 2 0 10 6 7 2 4 1 3 13 1 9 3 9 0 2 0 11 1 10 3 11 7 7 7 9 9 2 15 11 15 7 5 0 7 0 1 0 15 15 2 3 2 6 10 10 10 11 10 11 10 11 10 11 9 9 11 11 11 10 10
8 14 13 13 11 15 11 13 11 11 12 11 1 8 1 1 15 8 15 3 12 14 11 1 6 0 9 1 0 9 3 2 11 9 13 3 9 12 12 8 8 14 13 13 11 3 11 1 11 11 0 1 0 7 1 1 15 0 15 3 15 3 15 11 10 10 10 10 11 10 12 9 11 9 11 10 10 12 10 12
8 0 9 13 9 15 12 12 11 8 0 15 14 0 1 8 1 3 2 15 12 15 11 1 6 13 1 9 9 9 9 2 15 13 2 11 11 10 13 14 8 0 7 13 2 1 0 15 11 3 0 3 2 1 1 15 1 3 2 2 0 15 0 10 11 10 11 11 10 1 9 10 11 9 12 11 9 10 9 9
11 14 9 9 11 8 11 0 11 11 11 9 13 0 1 1 12 2 3 0 14 14 0 9 7 1 9 9 1 9 2 9 2 11 9 13 11 12 12 10 12 14 9 9 11 4 11 0 11 11 3 1 15 0 0 5 7 15 3 3 3 0 0 11 11 11 10 11 10 11 9 11 10 11 11 9 11 12 12 12
11 15 0 15 13 15 14 11 9 0 10 0 10 1 1 1 11 2 2 13 14 14 1 10 6 13 9 15 13 11 3 9 2 3 3 11 15 11 11 14 15 7 0 15 13 13 6 11 0 0 15 1 0 2 2 1 15 2 2 1 3 6 15 6 12 11 9 12 11 11 12 9 10 11 10 11 10 12 12 12
8 11 13 13 13 12 12 14 10 11 0 0 12 1 1 1 1 15 1 3 3 14 6 5 7 5 4 0 9 3 3 13 3 11 2 3 1 14 3 8 8 7 13 13 13 3 2 3 11 11 0 15 7 1 1 15 5 15 1 3 3 15 6 12 12 12 9 11 10 11 11 11 10 11 10 11 9 9 10 12
14 0 15 15 15 8 13 12 11 9 0 12 1 15 1 1 0 15 8 3 14 14 0 1 6 9 11 13 11 13 11 13 2 9 2 9 2 10 3 14 14 7 6 13 15 4 2 0 11 11 15 4 1 0 1 1 0 1 1 3 3 1 0 10 10 10 11 10 11 10 11 10 12 12 11 12 12 11 10 10
15 12 15 13 13 15 9 11 0 0 15 10 15 0 1 0 15 2 2 15 8 11 15 9 6 11 11 11 9 11 9 3 3 15 11 3 0 2 14 3 15 7 15 13 3 6 11 11 0 15 4 15 4 15 1 15 15 2 2 15 15 0 4 10 11 11 10 13 11 11 10 11 10 11 9 10 11 11 12 12
0 0 0 13 10 15 11 15 15 11 12 15 0 1 1 1 8 2 2 0 12 1 11 13 6 11 15 15 9 9 2 11 2 15 11 11 2 1 14 15 0 0 5 13 13 5 11 0 15 11 5 15 15 1 1 1 6 15 2 15 7 2 4 11 11 11 10 11 10 11 9 11 11 9 10 12 12 12 12 11
8 0 9 9 13 0 15 8 10 8 14 10 15 1 9 1 15 8 15 2 11 14 5 5 11 4 3 9 3 3 9 13 2 9 3 11 3 10 3 12 8 7 2 9 13 3 11 15 11 15 3 7 15 6 2 7 0 15 0 2 7 15 5 10 11 11 11 11 10 11 10 11 12 9 10 11 10 11 9 12
12 15 9 15 13 15 11 14 12 11 8 0 0 1 1 1 1 12 3 0 1 2 7 6 1 5 3 9 1 9 0 9 2 11 11 11 0 14 2 12 12 2 7 13 13 11 15 1 11 11 0 0 2 6 6 1 3 0 3 0 15 2 7 11 10 10 11 11 11 11 10 12 9 11 9 11 12 12 11 11
8 14 15 15 0 0 10 15 12 0 11 15 8 1 0 1 0 3 3 0 14 1 0 15 6 9 13 1 0 13 2 2 9 2 13 2 15 10 9 14 8 7 15 13 5 0 1 4 11 6 15 5 4 1 15 1 6 2 3 6 0 1 0 10 11 10 10 10 11 10 11 10 11 10 11 9 9 10 9 9
12 8 14 13 9 15 12 11 11 11 13 9 0 1 1 1 0 15 8 3 12 14 6 7 13 7 13 3 13 9 9 9 2 13 2 3 2 14 0 12 12 3 6 13 9 0 0 11 11 11 4 5 15 1 1 15 1 15 2 3 4 2 6 10 10 10 11 10 11 9 11 10 10 11 9 12 11 12 12 12
0 15 12 15 13 15 12 13 11 0 13 15 0 1 15 0 0 0 14 3 15 8 7 7 9 6 9 9 9 2 9 9 2 15 0 2 11 11 14 3 0 15 4 9 9 15 5 1 11 0 5 0 1 0 15 15 4 0 3 1 0 3 7 11 11 11 10 11 10 11 10 12 9 9 9 11 10 11 11 12
14 12 0 9 0 15 15 15 15 11 15 0 0 1 1 1 15 2 2 15 14 1 0 11 6 11 15 9 1 3 3 15 13 2 15 2 15 10 3 14 14 4 0 13 0 15 0 0 15 11 15 5 7 2 4 1 15 2 2 15 15 15 0 10 10 11 11 1 11 11 11 11 11 10 12 11 9 9 9 10
0 0 12 13 13 0 15 11 12 0 15 0 12 12 1 13 14 12 3 3 14 14 0 1 6 13 1 11 9 3 2 9 9 2 15 15 2 11 10 1 0 0 0 13 13 0 15 11 3 0 0 2 6 3 1 0 15 4 3 3 2 4 6 10 12 12 10 9 9 10 10 11 11 10 12 9 11 10 11 10
9 15 0 15 14 15 0 11 11 0 0 10 8 0 1 1 1 2 2 15 12 0 0 0 7 9 9 1 0 13 3 9 2 1 3 2 2 11 10 0 2 0 3 13 0 0 2 11 11 0 2 7 7 0 6 1 1 2 2 15 15 0 15 10 11 11 10 1 9 10 12 9 11 11 11 11 10 11 10 11
8 14 13 13 15 10 0 15 15 11 0 11 1 15 1 1 0 10 15 3 15 14 13 13 7 15 9 1 11 9 11 9 3 13 3 11 0 14 2 14 14 5 6 13 6 0 0 15 15 11 15 0 15 0 1 0 1 15 15 3 15 4 1 13 9 14 10 14 10 9 10 10 12 10 11 11 10 11 10 10
15 11 0 13 13 9 11 11 15 11 0 15 14 1 1 1 1 12 3 3 13 14 5 5 10 6 12 11 3 9 9 3 2 3 3 11 11 3 14 1 15 7 6 13 13 7 11 15 15 11 15 1 3 0 1 1 0 1 3 3 1 0 5 10 10 9 12 10 11 9 11 10 10 12 12 11 9 11 11 10
8 0 15 13 15 15 11 11 14 11 13 15 10 9 1 1 11 10 3 0 12 13 15 13 6 11 9 13 9 9 2 3 9 0 2 2 11 10 11 8 8 7 0 13 9 1 2 11 11 11 15 15 1 3 1 4 5 15 3 0 2 3 0 10 11 10 10 10 11 10 11 10 11 10 11 9 9 9 10 11
0 0 9 13 13 12 11 15 11 14 9 9 15 1 11 1 9 3 3 8 14 1 0 13 6 9 1 13 13 2 2 9 9 3 0 0 10 8 12 8 14 7 13 13 13 1 11 15 11 11 1 5 4 1 15 1 1 15 15 6 15 7 14 10 11 11 10 10 11 2 9 9 11 10 9 9 10 11 10 12
