12 8 15 11 11 13 15 14 15 13 11 9 0 1 14 0 1 3 3 12 0 0 1 1 7 1 11 0 1 0 2 2 9 2 11 3 11 3 11 2 11 4 8 8 10 11 0 13 9 7 15 11 11 11 0 1 1 0 4 3 3 15 15 0 1 1 7 9 10 10 10 11 9 12 9 10 9 10 11 12 12 11 10 11 12
14 10 8 9 15 13 11 9 11 0 11 15 15 1 1 1 1 0 3 3 3 7 5 7 3 5 4 9 2 2 2 2 9 3 2 9 3 9 13 1 8 8 7 8 8 10 0 13 11 2 11 15 11 15 0 1 1 3 1 3 3 3 3 15 5 7 2 10 11 11 10 10 10 10 11 10 11 9 10 10 9 12 11 11 11
10 11 15 13 15 15 13 9 8 11 15 0 1 1 0 1 11 15 3 15 3 8 7 6 3 5 14 12 1 2 15 9 2 2 9 2 13 3 1 0 11 5 10 11 5 15 1 15 13 9 11 11 15 0 2 15 15 1 0 15 3 1 3 3 4 6 2 10 11 11 10 11 11 11 10 12 10 11 11 9 9 9 9 9 10
15 8 15 8 13 13 13 12 11 9 15 9 12 1 1 1 1 0 3 2 2 7 4 6 6 5 11 2 2 9 2 3 3 9 2 9 9 9 9 9 8 14 2 8 10 12 4 13 11 4 11 7 11 1 1 1 1 0 1 0 3 2 2 1 4 6 6 10 11 11 10 11 11 11 10 11 10 11 9 9 9 9 9 9 10
13 8 8 0 8 13 15 15 11 15 11 15 10 13 1 13 9 2 2 15 10 10 8 14 6 10 11 11 11 13 2 3 13 3 13 3 13 9 9 11 12 14 13 8 8 8 3 13 0 1 0 0 11 4 15 3 1 3 7 2 1 0 0 6 7 6 15 10 11 11 11 11 10 12 10 11 11 9 9 9 10 11 12 12 11
15 15 11 9 0 13 0 15 13 11 8 10 8 1 0 0 0 14 0 3 8 9 7 7 14 6 11 11 9 11 2 9 3 13 3 11 3 9 9 11 2 10 15 15 0 4 0 13 0 15 15 11 11 15 15 1 0 15 15 7 0 3 0 1 7 7 15 10 10 10 11 10 11 11 12 12 10 10 12 9 12 11 9 10 11
9 14 10 11 8 13 15 15 11 15 14 11 15 1 1 1 1 13 3 3 3 4 4 5 10 4 4 3 3 3 2 11 3 9 3 13 11 3 11 11 0 5 14 3 0 3 15 13 13 0 11 15 0 11 6 2 1 2 1 2 3 3 3 4 4 5 6 10 11 12 10 10 9 11 10 10 11 9 11 10 10 11 9 9 9
10 8 14 0 15 9 15 15 11 9 11 0 15 1 1 11 1 13 3 3 3 7 5 6 3 4 4 9 3 3 11 3 9 3 9 2 13 13 9 0 14 14 10 12 14 0 13 9 0 1 11 7 11 11 1 3 1 7 1 5 3 7 5 7 5 7 3 11 11 11 10 11 11 10 10 11 9 9 9 10 10 10 11 10 12
9 12 8 15 15 13 9 15 11 11 11 14 10 1 0 9 0 0 0 3 8 0 6 7 1 7 10 11 15 11 2 9 3 9 3 11 13 11 2 1 15 10 7 12 8 15 3 13 9 15 11 6 11 5 0 1 0 2 15 3 0 0 2 0 6 7 1 10 10 10 12 9 10 10 10 11 11 11 11 10 11 10 11 10 10
14 8 15 8 15 13 13 15 12 10 11 12 1 8 1 0 1 11 9 3 0 9 11 8 7 8 13 13 11 11 11 9 2 13 3 9 13 2 13 11 5 12 14 14 8 8 0 13 2 15 3 0 11 6 6 2 0 0 1 2 7 3 5 2 4 6 4 10 10 10 11 10 11 9 9 9 10 11 10 11 9 9 12 12 11
14 15 0 15 0 0 9 15 8 11 15 15 15 1 1 1 1 1 15 3 15 0 7 4 8 5 0 9 11 15 13 3 3 9 3 9 9 2 0 11 2 6 14 11 5 0 0 0 9 9 1 5 11 4 15 1 2 1 1 1 0 3 15 1 7 4 0 10 10 10 11 10 12 12 12 11 9 9 9 10 10 11 12 10 11
12 13 0 9 9 9 15 15 11 11 11 11 11 15 1 1 0 15 0 3 14 15 11 14 7 8 1 11 9 0 9 3 2 9 11 9 3 9 2 1 10 14 8 14 14 4 9 9 9 15 15 11 11 11 0 1 1 1 15 15 5 3 7 0 7 2 7 11 9 10 11 10 10 10 10 11 10 12 10 9 11 12 10 9 9
14 15 11 15 15 9 9 13 11 10 11 15 15 15 1 0 0 0 11 2 15 12 4 7 3 7 10 13 11 11 9 11 3 1 9 0 9 2 11 2 11 11 14 0 11 4 7 0 9 13 11 6 11 15 15 6 1 15 0 0 0 5 15 0 4 7 3 11 11 11 10 11 11 11 11 10 12 12 11 9 11 12 10 9 10
14 11 10 11 0 13 15 15 12 11 11 8 9 1 1 1 1 0 3 3 2 5 6 5 8 7 5 9 1 11 3 9 3 13 11 3 9 11 2 11 2 10 7 10 10 6 13 3 15 15 7 11 11 11 0 1 1 1 7 15 3 3 15 3 6 5 1 11 10 10 10 10 11 9 10 12 11 9 9 9 10 11 9 10 12
10 15 11 11 15 0 13 15 11 0 11 9 9 1 1 1 1 1 9 3 12 0 5 5 12 5 11 3 13 9 9 11 9 3 11 13 13 0 3 15 11 5 10 0 5 11 15 0 13 9 11 0 11 5 1 4 4 1 1 1 3 3 7 4 5 4 1 10 11 11 10 11 11 11 10 11 9 9 9 10 10 10 12 12 12
0 8 8 8 0 13 10 15 15 11 8 13 15 1 1 1 1 10 2 2 2 6 4 7 14 7 5 9 13 2 2 9 2 11 9 2 9 1 2 11 2 10 7 8 8 0 0 13 4 15 7 11 11 0 4 1 6 15 1 15 2 2 2 2 15 7 0 11 11 12 9 11 10 10 10 11 9 9 9 10 12 9 10 12 12
15 0 11 0 15 13 12 15 0 14 11 15 13 1 0 15 11 0 0 3 0 8 7 7 8 6 11 11 9 2 2 2 9 11 2 11 11 9 9 1 11 10 7 0 1 0 0 13 0 2 15 11 11 3 1 3 0 0 0 15 2 3 15 7 7 7 0 10 11 11 9 9 11 11 10 11 11 11 11 10 11 11 11 10 12
10 0 15 15 0 15 10 11 13 11 11 15 0 1 1 1 1 12 3 2 2 6 6 4 6 5 2 9 2 2 13 3 3 3 9 9 2 15 1 11 15 11 14 4 15 2 1 13 2 2 1 11 11 15 15 1 1 1 6 0 3 2 2 6 6 4 1 11 10 10 11 10 12 12 12 11 10 11 12 9 10 12 12 10 9
14 14 15 15 9 13 9 15 15 0 15 11 15 1 1 11 1 12 2 2 2 6 5 7 6 5 11 11 2 3 13 3 3 9 11 13 13 2 11 0 10 6 14 14 15 15 1 13 2 15 0 0 0 11 0 4 1 3 4 7 2 1 5 6 5 7 6 10 10 10 11 10 11 10 10 11 11 10 12 12 12 11 10 10 9
11 12 8 15 15 9 13 15 11 13 10 15 11 1 1 13 15 0 11 3 3 10 13 6 12 6 11 9 0 13 3 1 9 3 1 9 9 9 11 11 6 10 11 12 8 15 15 9 13 0 11 6 11 0 0 1 1 0 15 0 2 3 2 2 3 0 7 10 11 11 10 10 10 10 11 10 11 9 11 11 11 9 9 9 9
12 11 15 15 0 14 9 15 12 11 11 11 8 1 9 1 15 15 2 3 3 6 5 7 7 4 10 9 2 9 2 0 9 3 0 9 9 15 11 11 7 11 14 11 1 15 15 15 9 9 6 5 11 3 0 3 5 7 15 15 2 3 3 1 5 7 7 11 10 10 12 10 9 9 9 9 11 10 10 11 10 12 12 11 9
10 9 0 0 14 13 13 14 11 15 15 11 10 0 15 1 13 3 3 0 13 11 0 10 7 1 11 11 9 11 11 3 9 15 9 3 1 0 0 15 3 11 10 7 0 0 2 13 13 15 11 15 15 11 3 15 1 1 0 15 3 2 1 5 0 3 6 10 11 11 10 11 11 11 10 11 9 12 9 12 11 11 12 12 11
12 12 12 10 0 15 9 13 15 11 11 11 1 15 1 9 0 9 3 0 3 0 4 5 10 6 8 9 11 9 9 9 9 3 13 13 9 13 0 3 11 10 12 8 12 14 0 13 9 13 6 11 11 11 1 1 1 3 0 0 3 1 3 15 4 4 1 10 10 10 12 9 10 10 11 11 11 10 11 9 12 9 10 11 12
15 8 8 11 11 13 13 11 15 8 15 15 15 1 1 1 1 15 3 3 3 4 5 6 4 6 3 2 13 3 3 3 9 3 9 3 13 11 2 0 11 10 4 8 8 11 11 13 13 11 5 6 11 15 1 5 1 15 15 15 15 3 2 4 5 5 14 10 10 9 12 11 11 11 9 10 11 10 11 9 9 11 12 12 11
14 15 0 12 15 13 9 15 15 11 15 0 14 1 15 1 15 0 2 2 2 4 4 4 3 6 4 9 3 2 11 2 9 3 9 2 11 11 2 11 1 7 14 6 15 15 0 13 3 3 11 11 0 4 1 7 0 1 3 0 3 2 2 4 4 4 3 10 10 10 11 10 11 9 9 9 9 11 11 11 9 9 11 11 10
14 9 15 15 0 13 10 15 15 11 11 0 9 1 14 1 15 15 3 3 0 15 5 5 8 7 1 15 3 9 9 2 3 9 13 3 3 11 15 0 11 4 14 7 15 15 0 13 7 5 15 11 11 6 11 2 4 1 1 3 4 3 15 15 5 5 15 10 11 11 10 11 11 11 9 11 12 12 12 12 12 12 12 11 9
8 8 10 14 15 13 13 11 15 15 15 10 11 0 8 1 15 11 3 3 11 0 0 8 7 10 9 1 11 0 9 2 9 3 13 9 13 9 9 9 11 10 8 10 10 14 13 13 13 11 15 15 11 1 15 0 1 3 15 1 3 3 1 15 3 5 7 10 10 10 11 10 11 9 11 11 12 9 11 11 11 10 11 10 11
9 11 10 11 13 0 15 15 11 0 11 0 8 0 1 10 0 2 2 14 10 13 10 10 6 10 9 11 11 13 11 2 9 9 3 9 11 0 11 15 15 8 9 10 10 11 9 0 13 0 11 6 11 0 5 6 2 3 0 15 2 1 2 2 6 6 6 10 10 10 11 10 11 9 11 11 11 11 11 10 11 10 12 12 11
14 12 12 8 8 13 15 15 12 15 11 11 13 1 1 1 1 9 1 3 12 0 4 5 12 7 9 3 2 9 3 9 2 9 3 11 9 1 11 11 0 14 1 12 12 0 3 13 13 11 0 15 11 11 0 7 2 15 1 0 1 3 2 0 4 5 0 10 10 9 9 10 10 11 11 11 11 1 9 10 11 10 12 11 10
12 14 8 0 13 13 0 12 11 0 15 15 15 1 1 0 15 13 0 3 12 3 5 6 1 6 11 13 11 9 1 3 9 0 9 3 9 2 11 0 10 10 12 14 14 0 13 9 0 2 11 5 11 11 7 1 6 0 3 3 0 3 15 3 5 4 6 11 11 11 10 11 9 9 9 11 11 11 9 11 11 12 10 12 12
