8 14 13 9 0 15 13 0 9 8 0 11 0 1 1 1 1 10 2 2 3 7 4 4 4 5 9 2 12 3 2 9 3 2 11 3 13 1 9 11 0 0 11 11 15 15 14 3 15 3 6 13 13 6 11 0 0 0 1 1 3 1 3 3 2 15 7 4 4 4 5 9 10 11 11 11 11 11 11 11 11 11 1 12 11 10 12 9 9 12
0 8 11 12 11 0 13 12 9 11 11 11 8 1 0 0 15 14 0 3 11 3 4 7 14 6 11 8 1 10 11 2 9 1 2 9 3 9 2 11 11 11 6 11 11 0 14 1 0 7 3 13 15 7 11 11 0 11 1 0 3 15 1 0 3 4 3 4 7 3 6 12 11 10 10 11 12 9 11 10 10 11 11 11 11 9 11 10 12 9
0 0 0 13 8 13 13 14 0 11 14 15 13 15 1 13 15 3 2 1 15 0 15 1 6 1 14 13 10 8 1 11 3 9 15 9 2 13 1 13 9 3 11 6 0 10 0 0 11 2 3 13 13 0 11 2 11 5 1 2 2 15 3 2 1 15 15 15 7 6 1 9 10 11 10 11 11 10 2 9 10 11 12 12 11 10 11 11 12 12
8 14 14 0 0 13 9 0 15 14 12 11 12 0 15 1 0 3 3 15 15 15 0 1 6 13 12 1 8 12 9 2 9 2 9 2 13 2 9 9 9 4 11 4 14 1 14 14 0 0 13 1 15 5 5 0 11 0 3 15 15 15 3 3 7 15 15 2 15 7 10 11 10 11 11 10 14 9 10 11 9 9 10 9 10 10 11 11 11 10
12 14 10 0 13 8 9 10 15 11 11 11 0 1 15 15 14 10 12 3 0 0 7 7 10 6 8 10 12 2 11 3 3 13 3 11 11 9 2 9 9 9 13 11 14 11 14 10 0 13 1 15 5 11 11 11 11 0 6 0 1 0 3 1 3 0 0 7 7 3 10 11 11 10 2 12 11 10 11 11 11 10 12 9 12 12 10 9 9 9
0 14 10 11 9 10 13 10 10 10 11 15 9 1 10 1 10 12 3 1 2 5 4 6 7 4 3 8 2 2 13 3 9 3 9 3 11 13 13 11 6 7 11 6 1 0 14 15 0 0 15 13 5 5 11 11 0 15 3 0 2 0 6 3 1 2 5 4 6 1 4 11 11 10 10 11 11 11 9 9 11 11 10 11 9 9 9 9 9 10
10 10 10 11 13 13 13 14 11 15 11 11 15 1 0 12 15 14 0 3 11 9 7 7 14 6 12 11 10 2 9 3 13 2 1 9 3 11 11 9 13 6 5 11 5 10 11 7 3 3 0 13 9 4 1 11 11 11 1 15 2 15 3 0 3 0 1 6 7 15 6 12 11 10 10 10 10 12 9 11 10 11 10 10 9 9 10 10 11 9
15 12 8 10 15 13 9 8 15 8 11 11 10 1 0 1 15 1 0 3 14 15 6 4 1 4 11 12 11 13 11 2 9 2 3 9 2 11 9 9 9 5 3 7 10 11 12 12 15 15 13 9 3 4 11 11 11 6 4 7 2 6 1 1 2 1 15 6 4 15 11 11 14 11 15 11 12 12 10 11 10 10 11 10 11 9 11 9 9 10
8 0 8 8 13 9 9 11 15 11 8 10 1 0 1 14 0 1 3 2 0 0 4 4 15 7 11 12 12 10 1 9 3 11 9 2 3 13 13 11 2 13 11 4 2 10 0 8 8 13 9 9 9 3 11 3 11 4 6 1 4 5 7 2 2 0 4 4 4 0 6 10 12 11 11 10 10 11 11 9 9 11 12 12 11 9 11 11 9 9
9 0 15 15 10 11 13 13 15 11 15 11 0 0 1 8 12 2 2 10 1 1 15 0 7 12 1 9 12 10 11 2 13 13 2 9 13 15 9 9 2 4 1 5 11 10 0 11 15 2 0 13 13 15 11 15 11 0 3 1 5 15 0 7 0 1 1 6 0 6 2 9 10 11 10 10 10 11 10 11 9 12 10 11 9 10 12 12 12 11
14 14 0 14 12 0 13 14 0 11 15 12 8 1 1 1 1 13 3 3 2 6 4 6 14 4 7 2 3 10 2 11 3 1 13 2 13 2 11 9 3 9 4 11 14 14 14 12 14 15 15 13 0 3 11 2 11 0 1 1 1 15 0 3 0 2 6 4 6 5 4 12 11 10 11 11 12 9 11 10 11 10 11 9 9 10 11 11 12 12
14 8 12 0 0 13 11 9 15 11 8 0 0 15 15 1 15 11 3 13 3 0 13 15 7 11 10 1 10 13 2 3 9 11 3 9 11 11 13 9 2 7 11 11 3 14 15 15 0 2 13 13 5 7 11 0 0 0 0 15 1 0 3 3 1 3 3 3 0 7 11 10 11 9 3 10 14 12 11 9 9 11 11 10 11 10 12 12 12 12
12 12 14 12 13 13 10 14 0 0 13 11 10 1 1 14 0 2 15 3 14 15 6 7 6 15 1 10 11 1 2 1 2 2 9 9 0 9 2 11 11 4 5 10 5 15 12 14 6 13 13 7 2 0 11 11 11 3 1 1 15 0 2 0 3 4 4 6 6 6 11 10 10 11 2 11 12 12 11 11 10 10 11 11 9 11 9 12 12 11
8 11 14 8 10 15 15 12 15 8 11 11 11 13 1 9 15 8 0 2 13 15 5 6 3 7 12 8 12 12 9 2 9 9 11 9 9 2 9 3 9 1 9 11 2 8 14 14 8 10 0 13 6 11 6 11 11 11 3 2 1 15 15 0 2 15 3 5 6 3 7 12 11 9 9 9 9 9 9 9 11 11 10 11 11 10 10 11 9 11
13 10 14 11 13 0 15 15 15 11 11 10 13 1 0 1 13 3 3 0 11 1 14 15 6 8 1 1 12 3 2 9 1 3 9 2 2 9 9 0 9 1 15 11 10 3 10 14 11 13 0 15 6 15 11 11 11 7 1 3 1 1 3 1 1 15 1 7 5 6 8 12 14 11 14 11 11 11 11 11 11 10 15 9 9 11 10 10 10 10
10 11 13 0 0 10 9 9 15 15 8 15 10 1 1 1 1 15 3 3 3 5 7 5 10 7 5 15 10 14 3 11 3 9 9 3 15 9 15 3 9 9 5 3 3 10 4 0 0 0 1 9 9 5 3 11 15 2 1 1 1 7 15 3 3 3 5 0 5 3 7 9 10 11 9 12 11 11 11 10 12 12 12 11 10 12 11 11 10 10
14 14 14 8 11 13 13 13 9 0 13 11 12 1 9 1 0 8 12 2 15 11 4 4 11 5 12 8 3 10 15 2 2 3 13 3 13 3 13 9 13 2 4 11 10 5 14 14 0 1 13 0 3 2 0 3 11 1 2 7 1 4 4 3 2 15 15 4 4 0 9 12 11 10 10 10 10 12 9 11 10 12 10 12 9 9 11 12 11 10
12 14 0 11 0 14 13 14 15 11 10 15 10 14 1 10 0 0 3 2 15 5 4 4 6 5 10 10 8 10 9 3 9 9 2 9 2 9 9 0 7 11 5 1 0 2 14 0 3 0 0 13 4 4 11 3 11 1 11 3 15 15 3 3 6 15 5 15 4 6 5 11 11 12 12 11 11 11 11 11 11 10 11 9 11 12 11 12 11 9
0 13 0 11 14 0 13 0 14 13 14 8 15 1 1 1 1 9 3 3 3 3 4 4 1 2 5 10 2 10 3 3 9 2 9 2 1 9 9 11 3 5 4 11 4 0 14 0 1 1 0 13 0 7 4 11 11 15 11 7 1 2 1 4 3 3 15 4 7 1 2 9 10 12 12 12 11 11 9 9 9 10 9 11 11 12 12 12 11 9
11 8 8 9 13 15 13 15 0 11 15 11 10 1 1 1 1 0 2 2 2 6 4 7 7 5 11 12 3 11 2 1 9 2 0 3 9 2 13 11 1 11 6 7 10 11 8 8 3 13 15 13 4 3 11 3 15 0 1 1 1 1 0 2 2 2 6 15 7 15 15 9 10 11 11 10 10 11 3 12 9 12 11 10 11 9 9 9 9 11
14 12 14 14 13 13 13 13 15 11 13 11 15 1 1 0 15 12 12 3 15 15 0 0 1 5 9 12 2 14 13 9 3 2 13 11 9 13 13 9 11 13 13 13 11 14 12 10 14 10 13 13 13 6 11 1 11 3 1 1 0 3 6 4 3 2 6 4 0 1 5 9 10 11 11 11 11 10 11 10 12 12 12 12 10 9 9 9 9 10
8 15 15 15 8 13 11 8 11 11 15 11 8 1 1 9 13 0 0 3 0 0 0 0 1 5 10 3 10 2 3 13 11 13 3 9 2 9 9 1 0 11 6 6 0 14 2 2 15 2 13 15 5 11 11 15 11 15 1 1 4 6 15 0 6 2 0 15 0 1 10 11 8 10 10 11 11 11 15 10 12 11 9 12 12 11 11 11 9 11
10 8 9 13 0 15 13 15 11 15 15 11 11 1 1 1 1 12 2 3 15 4 6 5 5 4 11 2 2 10 3 2 11 2 9 3 9 2 3 11 9 13 7 11 3 10 1 1 15 2 15 13 4 5 15 11 11 2 6 1 1 1 15 7 3 0 4 6 5 5 0 9 10 12 12 12 11 11 11 11 9 9 9 10 11 11 11 11 9 12
10 15 9 15 15 13 13 14 0 11 11 13 0 1 1 1 1 1 15 3 3 6 7 4 6 7 3 3 3 9 3 3 13 3 9 9 2 13 13 11 11 5 11 7 11 14 15 0 3 2 13 13 0 0 11 2 15 15 5 6 1 1 1 3 3 3 6 7 4 3 10 10 10 11 10 11 10 11 10 11 9 10 11 11 10 10 12 11 9 10
10 0 14 14 9 0 13 8 13 15 11 11 11 1 1 0 1 13 3 3 15 4 6 6 7 4 9 9 14 2 15 3 9 2 0 9 3 13 13 13 15 5 9 7 0 10 0 14 14 1 0 13 3 2 15 15 11 11 1 1 0 1 15 5 1 7 15 6 6 6 7 9 11 9 10 11 11 11 11 10 9 11 10 10 10 9 9 9 9 9
13 15 15 9 10 9 15 9 14 0 11 15 8 1 1 1 1 10 1 1 2 15 6 6 1 6 8 1 10 2 9 2 3 11 9 3 9 13 13 11 0 7 1 7 8 0 0 0 0 0 13 15 0 3 6 11 11 15 2 1 1 1 7 1 7 2 15 6 7 1 10 11 11 10 2 9 10 11 10 11 11 10 10 11 11 11 11 10 11 10
10 0 15 15 13 15 13 13 11 0 0 13 1 15 1 10 8 10 8 0 9 15 0 11 6 11 12 11 8 8 11 11 3 13 3 3 9 0 11 13 9 6 4 11 11 10 6 15 0 15 0 13 13 11 0 0 11 5 3 3 2 15 15 15 0 2 15 0 5 6 6 12 11 10 11 11 11 10 11 10 11 10 11 10 11 9 10 12 12 11
10 10 14 14 13 9 9 9 15 11 0 11 1 1 1 1 1 3 2 11 1 12 12 0 6 10 1 11 12 11 2 2 11 9 3 11 3 13 3 9 2 5 0 7 11 10 15 5 5 1 11 9 9 11 11 0 11 2 1 1 1 6 3 2 0 1 3 6 6 6 10 11 11 10 1 9 9 11 10 11 11 11 9 12 9 10 11 9 9 9
14 14 11 13 11 9 9 9 15 11 13 11 12 1 15 9 15 0 0 3 11 15 7 7 12 6 11 8 11 0 2 0 13 11 2 9 9 9 2 13 13 11 7 15 2 14 15 11 2 11 4 9 9 4 11 0 11 0 1 0 7 0 0 0 3 15 0 7 7 7 6 9 10 11 10 11 11 10 3 12 11 9 9 11 11 9 12 9 10 9
10 8 12 13 11 15 13 15 8 15 11 11 1 15 1 1 0 15 10 3 0 15 13 9 7 0 12 1 10 10 11 13 2 9 2 0 9 9 9 2 15 9 9 5 1 10 15 3 7 4 15 13 15 7 7 11 11 1 1 1 15 0 15 2 3 15 15 4 4 7 7 12 12 10 12 11 10 10 10 11 9 9 10 9 12 11 9 9 11 11
