12 14 11 10 14 13 12 14 9 0 14 14 14 10 13 1 14 8 0 15 0 3 5 11 3 4 0 3 2 1 3 6 4 0 15 3 5 15 4 9 7 13 12 0 6
10 14 15 8 0 10 8 13 12 9 9 9 10 1 8 14 10 13 1 2 9 2 7 15 1 11 15 7 1 3 4 2 6 0 2 14 3 3 2 11 6 10 2 9 9
4 13 8 12 8 15 9 13 0 9 0 10 15 12 1 14 9 2 13 11 1 9 5 15 7 2 6 4 3 5 3 15 2 6 4 2 1 13 3 11 11 15 5 12 13
0 9 7 11 15 10 15 0 15 15 12 10 1 1 15 8 14 2 0 13 13 4 5 11 4 4 2 7 7 6 7 15 6 2 7 4 5 1 0 6 9 6 13 15 2
7 11 7 7 7 9 15 13 10 10 8 15 10 14 12 13 9 3 13 0 11 6 6 7 3 2 6 2 0 5 1 2 7 1 5 6 14 7 12 13 6 2 1 6 15
4 4 15 12 12 15 15 11 12 9 0 9 8 13 13 10 8 9 2 1 13 1 11 3 6 3 5 3 5 7 5 3 15 0 1 6 1 7 5 3 5 0 3 5 9
3 12 12 11 14 0 14 11 15 10 9 9 13 8 8 8 1 0 3 1 15 4 4 7 1 15 11 11 1 7 2 2 7 1 2 14 13 7 4 2 11 8 6 9 12
10 7 12 9 14 14 9 0 11 15 14 12 13 15 11 1 8 8 13 1 3 9 4 1 5 11 0 1 15 15 7 2 2 7 1 5 13 7 6 4 2 1 3 14 13
11 0 13 11 11 15 10 8 0 13 15 11 14 13 10 15 1 13 15 3 5 4 7 2 11 5 7 4 5 7 4 3 0 15 6 4 4 14 2 8 1 8 11 3 8
15 11 11 15 12 14 11 14 9 8 15 10 1 1 11 8 15 11 2 13 3 3 7 15 2 7 0 2 3 5 2 1 7 4 2 0 14 0 0 12 15 11 0 3 8
7 9 8 13 10 15 12 15 8 12 8 12 9 1 12 12 0 11 11 13 15 9 5 6 5 7 0 7 1 15 15 2 15 7 7 15 5 2 8 7 14 7 0 6 3
14 10 15 0 0 0 15 10 0 11 11 8 12 0 15 0 1 11 11 13 2 15 2 7 11 0 5 3 2 6 4 3 4 2 2 15 13 4 14 7 8 5 15 2 9
9 15 7 11 8 9 8 0 0 14 13 12 12 14 13 13 9 11 3 0 9 15 4 0 11 1 6 4 5 6 1 6 4 5 15 5 15 4 6 6 1 7 10 0 14
0 9 15 15 0 12 13 9 8 10 0 11 10 15 0 10 0 9 3 13 15 11 15 2 2 7 5 0 2 2 5 1 7 3 1 1 4 6 8 13 14 7 8 10 6
15 3 7 9 11 13 15 14 10 9 9 9 12 10 12 10 0 3 13 11 13 0 0 11 6 0 2 5 15 0 6 1 1 1 12 9 5 4 15 4 5 2 0 0 15
13 10 0 0 7 7 13 13 9 0 13 8 12 11 0 12 3 9 2 3 9 6 5 0 11 1 7 7 7 4 15 4 1 15 0 6 1 6 3 3 12 8 7 3 4
11 4 11 13 11 13 9 11 12 9 10 10 10 8 1 10 14 1 11 2 3 1 1 5 3 11 3 7 2 15 7 2 5 2 0 4 3 4 7 15 11 1 5 2 15
11 0 13 10 11 14 14 8 0 11 9 12 1 1 10 0 13 2 1 15 13 2 3 2 7 0 4 2 1 3 0 2 5 4 7 1 2 3 11 5 4 10 10 2 13
9 10 14 14 0 15 0 8 14 10 10 15 8 12 12 1 11 9 2 13 13 1 3 11 5 2 0 7 3 4 1 4 0 14 6 15 13 8 3 9 10 7 8 14 15
9 14 14 9 10 11 11 12 0 15 15 15 1 1 12 13 11 0 9 2 3 2 2 7 1 4 4 2 7 5 2 2 7 0 4 0 5 13 7 8 10 8 3 11 14
15 12 9 15 12 7 13 13 13 12 13 14 10 11 14 1 9 3 9 11 13 9 6 2 7 2 2 0 7 6 6 3 2 1 4 7 0 13 6 8 6 11 14 13 8
14 9 15 0 15 8 12 9 14 0 14 8 11 1 14 10 15 15 13 15 9 7 11 2 6 2 6 4 5 0 6 4 5 15 5 4 0 4 9 2 3 3 3 10 15
15 13 0 11 10 15 15 0 14 8 12 13 9 1 0 8 13 2 0 2 3 11 0 11 4 4 11 15 5 0 4 6 0 6 2 0 2 1 1 6 9 5 9 15 0
2 8 3 8 11 15 8 0 13 10 14 0 0 13 1 8 9 12 1 3 13 2 11 4 4 5 2 1 4 5 6 2 3 6 15 5 0 15 4 5 10 13 1 15 5
14 12 11 0 9 14 12 11 15 10 0 11 14 12 1 13 13 11 11 13 0 3 6 0 3 5 5 15 4 3 15 5 0 1 4 2 0 15 15 11 15 6 6 15 3
12 13 3 8 12 0 10 15 15 9 15 15 9 1 8 14 0 13 15 9 3 3 5 15 0 4 5 1 2 15 6 0 6 7 1 0 14 0 4 11 14 1 9 3 9
9 15 7 13 8 0 14 14 11 0 9 13 9 0 12 15 14 12 9 2 0 13 13 15 3 5 5 2 6 5 5 3 3 14 5 14 4 6 14 3 3 0 12 1 14
4 8 0 11 15 14 15 15 0 0 0 10 0 15 14 9 1 2 3 15 3 0 5 11 0 0 5 4 0 5 5 4 2 5 2 0 0 4 14 12 13 0 2 12 12
4 7 12 13 14 0 11 11 14 15 0 12 13 1 1 8 9 2 0 13 0 11 6 4 1 6 2 2 15 5 2 1 0 3 15 4 4 14 0 10 12 15 7 0 13
7 8 15 7 0 8 14 14 11 15 8 11 0 8 9 15 1 15 3 9 2 2 15 5 2 7 4 6 2 6 0 3 1 4 14 1 2 7 4 2 0 8 9 15 9
