n,sample_index,max_fidelity,ttime,cpu_time,generations
8,0,0.9520524038582048,36.00000000,18.55451822,4
8,1,0.9632484920037673,35.00000000,4.73075008,6
8,2,0.9505415977280658,35.00000000,3.12161469,4
8,3,0.9750706371501137,35.00000000,5.48000312,7
8,4,0.9531760420030667,39.00000000,3.14393735,4
8,5,0.9704075962717443,35.00000000,4.72966337,6
8,6,0.9590351055224717,36.00000000,3.91024756,5
8,7,0.9738163102612478,35.00000000,3.92909622,5
8,8,0.9505551051974906,35.00000000,3.13823485,4
8,9,0.9518664511841928,38.00000000,4.71820021,6
8,10,0.9737692867012802,35.00000000,4.70631480,6
8,11,0.9590586440052711,35.00000000,4.70463324,6
8,12,0.9625191104035706,35.00000000,3.90878534,5
8,13,0.9634638627931807,36.00000000,5.48252773,7
8,14,0.9571145533892853,37.00000000,4.66659069,6
8,15,0.9510237304515349,36.00000000,4.69144320,6
8,16,0.9643086491908199,35.00000000,4.69007087,6
8,17,0.9531970736100812,37.00000000,4.74618745,6
8,18,0.9599060861665389,35.00000000,3.90550947,5
8,19,0.9573079715562495,36.00000000,3.90971184,5
8,20,0.9506882420906635,35.00000000,3.90485644,5
8,21,0.9563655780457443,39.00000000,3.90793300,5
8,22,0.9543621100611485,37.00000000,3.14389396,4
8,23,0.9534548388706745,35.00000000,3.12393928,4
8,24,0.9553098172388514,35.00000000,4.70110631,6
8,25,0.951965855554379,35.00000000,5.50585771,7
8,26,0.9694154603084968,35.00000000,5.50035310,7
8,27,0.9539053683616437,37.00000000,4.70735264,6
8,28,0.9618762231755615,38.00000000,4.70411277,6
8,29,0.9612384926498684,35.00000000,5.51193047,7
9,0,0.9622011347524033,39.00000000,4.90063977,6
9,1,0.9691721974054736,39.00000000,5.73040414,7
9,2,0.9500878868093994,39.00000000,4.07364202,5
9,3,0.9585626132399978,39.00000000,4.86509800,6
9,4,0.9538336203508144,39.00000000,4.07387662,5
9,5,0.9554284650066054,39.00000000,4.08764243,5
9,6,0.9551774330891922,43.00000000,4.08610845,5
9,7,0.9500284401448192,39.00000000,3.25694823,4
9,8,0.9516988794185394,39.00000000,4.89332104,6
9,9,0.9669910535766233,39.00000000,1.63111734,2
9,10,0.9556448114424161,39.00000000,3.25343132,4
9,11,0.9565530672411708,39.00000000,3.26583147,4
9,12,0.9613130137390864,39.00000000,2.45052838,3
9,13,0.9524044773626822,38.00000000,3.25082612,4
9,14,0.952668924242798,41.00000000,4.06577396,5
9,15,0.970540118490494,39.00000000,4.21405315,5
9,16,0.9688576436571492,39.00000000,3.40943050,4
9,17,0.9511360084356841,39.00000000,5.75589824,6
9,18,0.9613357378910878,38.00000000,4.89462066,6
9,19,0.9535032761258686,38.00000000,1.64130640,2
9,20,0.9526217164602669,39.00000000,4.06576538,5
9,21,0.9522509245743589,39.00000000,4.08203220,5
9,22,0.9538643139859461,39.00000000,3.25665736,4
9,23,0.9719960653796931,40.00000000,4.10361624,5
9,24,0.9590468295771795,38.00000000,4.90240455,6
9,25,0.9518743497540227,40.00000000,3.26502419,4
9,26,0.9558163616441347,39.00000000,3.26663399,4
9,27,0.9565761675454763,38.00000000,4.90688610,6
9,28,0.9501296553894408,39.00000000,4.09017277,5
9,29,0.9609912805780207,39.00000000,4.08610058,5
10,0,0.9535329990084604,42.00000000,4.14053726,5
10,1,0.9570602322362305,42.00000000,4.99082208,6
10,2,0.9580093438157131,47.00000000,5.81627035,7
10,3,0.9514465939429873,43.00000000,4.13491631,5
10,4,0.9561279910537697,45.00000000,4.95929885,6
10,5,0.9500262231034772,42.00000000,4.13566113,5
10,6,0.9568715120991022,42.00000000,4.14142036,5
10,7,0.9531133773177793,49.00000000,4.20780635,5
10,8,0.9588030472975458,43.00000000,5.79942298,7
10,9,0.9551428729159526,46.00000000,4.14578128,5
10,10,0.9587170973471025,44.00000000,4.96266675,6
10,11,0.9560228700139205,43.00000000,4.95332003,6
10,12,0.958213332474917,43.00000000,5.80506253,7
10,13,0.9632081456646799,48.00000000,5.89482498,7
10,14,0.9560395802927344,43.00000000,5.04097438,6
10,15,0.9547624510527755,43.00000000,5.02622390,6
10,16,0.9525556650188359,42.00000000,5.86872053,7
10,17,0.956101528737542,45.00000000,5.01415062,6
10,18,0.9528264357742143,45.00000000,4.19068289,5
10,19,0.9518442802912713,48.00000000,5.03769469,6
10,20,0.9508177481258937,43.00000000,4.18739390,5
10,21,0.9510169479004016,43.00000000,5.03704047,6
10,22,0.962284896282641,43.00000000,5.88620949,7
10,23,0.9582721678184111,42.00000000,4.21466804,5
10,24,0.9505132860777147,42.00000000,5.03931451,6
10,25,0.9581885334211466,43.00000000,5.04533839,6
10,26,0.9629814341668125,43.00000000,4.22384572,5
10,27,0.9608169535480977,44.00000000,5.88925195,7
10,28,0.9531751874212988,45.00000000,5.87003779,7
10,29,0.9559613832243372,42.00000000,3.37330937,4
11,0,0.9514251151149429,46.00000000,7.09099960,8
11,1,0.9503201019221168,47.00000000,5.29274940,6
11,2,0.9500524354956003,46.00000000,4.42611408,5
11,3,0.9539450074289273,46.00000000,6.20494747,7
11,4,0.9536842012228485,53.00000000,6.17890525,7
11,5,0.9563813038427842,48.00000000,7.11451221,8
11,6,0.95089444690433,46.00000000,5.30507183,6
11,7,0.950201622002862,46.00000000,7.13579631,8
11,8,0.9508177824432351,55.00000000,7.11978269,8
11,9,0.958135057380626,46.00000000,6.23536634,7
11,10,0.9559654279173614,46.00000000,7.12464499,8
11,11,0.9534454004588843,47.00000000,6.25206161,7
11,12,0.9568790873496118,46.00000000,6.25729942,7
11,13,0.956827919742053,48.00000000,6.25346231,7
11,14,0.9522768440103144,46.00000000,6.24102783,7
11,15,0.950765114506076,47.00000000,5.35386968,6
11,16,0.9521545752170655,54.00000000,7.11738634,8
11,17,0.9524940675495186,46.00000000,5.32634735,6
11,18,0.9541809851286605,47.00000000,6.26170659,7
11,19,0.9510459559947123,47.00000000,5.34167480,6
11,20,0.9547717158790728,48.00000000,6.23806834,7
11,21,0.9592411041371737,48.00000000,7.19257212,8
11,22,0.9610301719904508,46.00000000,5.35456920,6
11,23,0.9545934672456381,50.00000000,6.31141424,7
11,24,0.950313316044824,46.00000000,7.19742799,8
11,25,0.9523604381969516,52.00000000,7.20307493,8
11,26,0.9531457991857107,46.00000000,6.29306912,7
11,27,0.961414565480081,51.00000000,7.14407086,8
11,28,0.9516341139159723,46.00000000,7.13293815,8
11,29,0.9504322746288867,54.00000000,5.35511112,6
12,0,0.9522363768941798,50.00000000,7.33183050,8
12,1,0.9535187759839816,58.00000000,9.16486716,10
12,2,0.9503250021173583,49.00000000,9.19816375,10
12,3,0.9515582692290473,50.00000000,9.22511268,10
12,4,0.9526142111931806,50.00000000,10.07796597,11
12,5,0.9532573824178882,50.00000000,8.19583416,9
12,6,0.9519431436345396,59.00000000,10.06593704,11
12,7,0.9504363989594087,51.00000000,7.34579229,8
12,8,0.9540067527091471,59.00000000,9.21802521,10
12,9,0.9500220059897189,54.00000000,10.16714096,11
12,10,0.9531548813909062,50.00000000,9.25900578,10
12,11,0.9567977304201891,50.00000000,8.27312446,9
12,12,0.953793395380511,49.00000000,10.16510248,11
12,13,0.9528165557791519,50.00000000,7.38921618,8
12,14,0.9500367086416953,58.00000000,10.18460083,11
12,15,0.9501846626280606,49.00000000,8.31603241,9
12,16,0.9507287184782824,50.00000000,8.31015515,9
12,17,0.9549794529088915,60.00000000,8.28154135,9
12,18,0.9528133666931491,50.00000000,8.28551865,9
12,19,0.9509023911159331,50.00000000,9.20482898,10
12,20,0.9518468777818223,49.00000000,8.29159307,9
12,21,0.9501603504694239,49.00000000,8.36265492,9
12,22,0.9502670494780028,50.00000000,9.25822687,10
12,23,0.9510904769544413,49.00000000,9.22596073,10
12,24,0.9524444881762141,50.00000000,9.27854204,10
12,25,0.9534756160383538,50.00000000,9.27144623,10
12,26,0.9507823148647241,55.00000000,9.22147322,10
12,27,0.9505350568076826,50.00000000,10.08159518,11
12,28,0.9514161474122097,51.00000000,6.40649199,7
12,29,0.9534304751607785,50.00000000,10.07749653,11
13,0,0.9500903357102274,55.00000000,15.92587185,17
13,1,0.9500593590856287,53.00000000,16.07306457,17
13,2,0.9502511912083121,65.00000000,14.15000033,15
13,3,0.9518266876714236,63.00000000,23.67718148,25
13,4,0.9506476160135424,64.00000000,14.97893381,16
13,5,0.9502017515999895,53.00000000,17.68616176,19
13,6,0.9511822698605041,64.00000000,15.87384176,17
13,7,0.9500454275421748,56.00000000,14.95229530,16
13,8,0.9530772364039537,64.00000000,16.05002975,17
13,9,0.9500937362035143,53.00000000,13.01085472,14
13,10,0.9509971230698999,54.00000000,13.84558868,15
13,11,0.9547185725544389,64.00000000,14.70011425,16
13,12,0.9555764442658479,65.00000000,16.52422357,18
13,13,0.951031313142177,63.00000000,17.62000537,19
13,14,0.9521079427980564,56.00000000,10.98693395,12
13,15,0.9512584959990279,61.00000000,16.63880682,18
13,16,0.9513094674268239,53.00000000,14.70950818,16
13,17,0.9504533544521847,54.00000000,15.70514727,17
13,18,0.950452984118087,58.00000000,13.00243926,14
13,19,0.9503109496171117,53.00000000,13.84772062,15
13,20,0.9506716351876747,65.00000000,13.03830647,14
13,21,0.9506293855101606,54.00000000,15.67090964,17
13,22,0.951369882050574,53.00000000,12.86586189,14
13,23,0.9525153667845774,60.00000000,13.09392476,14
13,24,0.9539257447688394,62.00000000,12.99796104,14
13,25,0.9513869154045891,53.00000000,15.75687718,17
13,26,0.9510244489556755,62.00000000,16.71212268,18
13,27,0.9505491091601578,54.00000000,13.90676022,15
13,28,0.951640257995124,53.00000000,15.77725172,17
13,29,0.9506134123248613,61.00000000,14.80915499,16
14,0,0.9501434924624739,70.00000000,43.46693468,45
14,1,0.9503220195027685,70.00000000,27.76511478,29
14,2,0.949534171170547,70.00000000,168.53505135,130
14,3,0.9554956503084837,70.00000000,19.08892727,20
14,4,0.9540604756553017,70.00000000,28.88582015,30
14,5,0.9503261415306201,70.00000000,40.93775368,41
14,6,0.9513749570478939,70.00000000,38.32538366,39
14,7,0.9476289267478085,70.00000000,122.49070787,111
14,8,0.9504143006466096,70.00000000,27.03046656,28
14,9,0.9502307812985177,68.00000000,46.35253787,46
14,10,0.9512521936521008,70.00000000,29.61965632,31
14,11,0.9518680659481122,70.00000000,46.35011840,48
14,12,0.9500748147783338,70.00000000,39.78193021,41
14,13,0.9533965628837252,70.00000000,34.01257277,35
14,14,0.9514968534230028,69.00000000,25.14915872,26
14,15,0.9519443914947956,70.00000000,39.28839850,40
14,16,0.9478964801397332,69.00000000,128.01278162,120
14,17,0.9500378624115784,68.00000000,63.25688672,66
14,18,0.9500321840459682,70.00000000,30.83789134,33
14,19,0.9500484414568708,70.00000000,46.63399553,49
14,20,0.950818181985476,68.00000000,18.74989390,20
14,21,0.9500691275662387,67.00000000,43.76856995,46
14,22,0.9501815275998727,70.00000000,35.05043006,37
14,23,0.9506897684560093,65.00000000,42.60194778,45
14,24,0.9513894665658029,70.00000000,21.55765390,23
14,25,0.9481039730731948,70.00000000,139.03745198,121
14,26,0.9500287641784291,69.00000000,36.89647317,39
14,27,0.9501734201382626,70.00000000,67.32083678,68
14,28,0.9520468266652584,70.00000000,19.00517702,20
14,29,0.9508225595798854,69.00000000,49.04123044,51
15,0,0.9431809960168485,75.00000000,141.93444204,121
15,1,0.9411521258138992,74.00000000,169.03322458,148
15,2,0.9435944679592538,72.00000000,124.66871881,117
15,3,0.9429375248897625,75.00000000,129.42725754,122
15,4,0.9448333301832592,75.00000000,145.85155916,133
15,5,0.9505353981540112,75.00000000,49.22680092,50
15,6,0.9442113816647507,75.00000000,170.70110703,144
15,7,0.9417025177343978,75.00000000,130.74121618,119
15,8,0.9462183010505459,74.00000000,157.78694153,140
15,9,0.9423934651974701,75.00000000,125.92254400,119
15,10,0.9441534661589285,75.00000000,142.71222544,125
15,11,0.9450097056023794,73.00000000,161.76523042,143
15,12,0.9395663188257379,75.00000000,138.77684069,119
15,13,0.9443273140680248,75.00000000,146.98955297,131
15,14,0.9454539035394806,75.00000000,169.89613962,139
15,15,0.947283196310484,74.00000000,225.21788430,145
15,16,0.9436723442212529,75.00000000,132.02916360,124
15,17,0.9403910601352368,71.00000000,182.69317007,141
15,18,0.9441982142551275,75.00000000,152.23943281,133
15,19,0.9438194104697926,74.00000000,134.43292022,123
15,20,0.9512608884285721,74.00000000,54.74235201,55
15,21,0.9446795794171572,73.00000000,137.04246211,126
15,22,0.9443907748982514,73.00000000,133.70454574,129
15,23,0.9412009655788979,75.00000000,142.47035933,135
15,24,0.9397178925704518,75.00000000,128.62520337,118
15,25,0.9422984496578175,75.00000000,157.60755658,142
15,26,0.940519534506063,71.00000000,164.04285192,136
15,27,0.9463648735686244,75.00000000,144.99627018,128
15,28,0.9460906842802284,75.00000000,156.90881300,139
15,29,0.9518431329754962,75.00000000,33.96613955,35
16,0,0.9345788377633634,79.00000000,148.41236305,130
16,1,0.9389609729132685,79.00000000,183.71660399,141
16,2,0.9377591478828854,78.00000000,153.10877728,140
16,3,0.9385000260266667,80.00000000,166.02881312,157
16,4,0.9396355206408209,77.00000000,155.81080651,141
16,5,0.9353714900057816,79.00000000,151.50030136,134
16,6,0.9394056135221348,80.00000000,139.52904963,133
16,7,0.9395716802909175,80.00000000,202.84193182,134
16,8,0.9388512306323492,79.00000000,147.25033522,133
16,9,0.9368300358778759,80.00000000,160.88659191,134
16,10,0.9423655932092407,79.00000000,152.14403582,135
16,11,0.9385909168428004,78.00000000,141.92594028,127
16,12,0.9406987058503428,80.00000000,129.76803923,122
16,13,0.9418117767657075,80.00000000,155.40034103,134
16,14,0.9329031302077824,80.00000000,148.97780037,133
16,15,0.9390324238246446,80.00000000,169.90414238,136
16,16,0.9409742560139708,76.00000000,154.13796234,142
16,17,0.9393761387611856,80.00000000,144.62206888,124
16,18,0.9354978281198664,79.00000000,140.00730348,125
16,19,0.9337045494917376,78.00000000,188.63976288,139
16,20,0.9409848242421874,77.00000000,179.36125278,149
16,21,0.9342821190161829,79.00000000,150.36555099,134
16,22,0.9368045944840981,80.00000000,185.64534569,151
16,23,0.940206565817221,79.00000000,209.37929273,181
16,24,0.9399049340697068,80.00000000,167.65577984,134
16,25,0.9408143454865693,79.00000000,175.28514695,155
16,26,0.9390187333245021,79.00000000,140.85222673,129
16,27,0.9335543630200537,80.00000000,147.10346007,127
16,28,0.9411204585288203,80.00000000,236.21872401,153
16,29,0.9382061959488592,80.00000000,150.22964239,133
17,0,0.9271559061189335,85.00000000,175.64381504,144
17,1,0.9265741940998067,84.00000000,173.71234179,150
17,2,0.9305360098807895,81.00000000,197.50657344,146
17,3,0.9300277031138107,82.00000000,157.02665782,131
17,4,0.930501365829815,85.00000000,175.88585424,151
17,5,0.9281735351509786,84.00000000,148.33412766,129
17,6,0.9300741970685673,85.00000000,154.51628447,136
17,7,0.926490158879614,85.00000000,165.13483429,140
17,8,0.9296520059865278,85.00000000,157.63782835,138
17,9,0.9308145456612473,82.00000000,212.43356895,164
17,10,0.9269254952688175,85.00000000,166.02042198,137
17,11,0.9274644773608547,85.00000000,171.48401046,153
17,12,0.9303427305148284,84.00000000,161.58603072,136
17,13,0.9283458350746274,83.00000000,151.02438521,135
17,14,0.9282883895239988,83.00000000,179.08816171,120
17,15,0.9264648366892826,85.00000000,158.75099850,138
17,16,0.9294383864969551,85.00000000,177.56555176,145
17,17,0.9300103895530696,83.00000000,151.60005879,133
17,18,0.9257700255271641,85.00000000,184.72940016,135
17,19,0.9278231416114641,85.00000000,147.54481697,128
17,20,0.9347874081139105,85.00000000,166.81283569,145
17,21,0.9353403338729553,85.00000000,148.62770677,127
17,22,0.9309694663641643,85.00000000,162.68112922,147
17,23,0.9264625188552912,85.00000000,175.85398507,141
17,24,0.9301096245680308,84.00000000,150.88325667,124
17,25,0.9274558910495986,84.00000000,180.43655753,149
17,26,0.9347258559733916,85.00000000,155.60826302,137
17,27,0.9355754950895896,83.00000000,167.04320073,141
17,28,0.930734359167467,85.00000000,157.03154445,135
17,29,0.9266572454680008,85.00000000,155.64119434,136
18,0,0.9325354520637955,87.00000000,175.99856448,151
18,1,0.9294630771355125,89.00000000,175.03885913,151
18,2,0.9281364267658172,90.00000000,168.54112983,152
18,3,0.9273870821132585,90.00000000,146.43918252,128
18,4,0.9230660282862648,88.00000000,200.07573819,164
18,5,0.9282079283507625,90.00000000,203.09303570,171
18,6,0.9277959515109405,90.00000000,154.30538750,135
18,7,0.9242388182366489,90.00000000,186.76386046,152
18,8,0.9189196265961014,90.00000000,189.17908216,161
18,9,0.9306722851182063,90.00000000,183.30052829,152
18,10,0.9210667441297445,87.00000000,161.88066101,131
18,11,0.9291919698424427,90.00000000,172.95391655,148
18,12,0.9241859639738813,90.00000000,171.67193985,146
18,13,0.9237529069552393,90.00000000,158.86658692,133
18,14,0.931330699307009,90.00000000,177.78399301,143
18,15,0.9208448008222399,89.00000000,202.84664202,164
18,16,0.9187640429540591,90.00000000,173.72993279,146
18,17,0.92564860253789,87.00000000,172.55309796,151
18,18,0.9184371398736625,90.00000000,142.30886221,127
18,19,0.9231782722636075,90.00000000,162.25076079,138
18,20,0.92159820405188,90.00000000,161.46961403,134
18,21,0.9277755235646227,89.00000000,170.84859371,149
18,22,0.9242425462089333,90.00000000,150.53752184,134
18,23,0.9252299902118905,88.00000000,175.86614418,145
18,24,0.9218802480225948,89.00000000,182.33552241,154
18,25,0.9205821166492458,90.00000000,153.04359961,134
18,26,0.9290814160574639,90.00000000,199.54798532,162
18,27,0.9257781579984927,90.00000000,172.01647353,141
18,28,0.9254900316408874,88.00000000,157.46567154,135
18,29,0.9233445719242881,90.00000000,166.45298624,142
19,0,0.9285097206034864,95.00000000,188.16189337,144
19,1,0.9203598328503125,95.00000000,161.43042159,140
19,2,0.919456667819639,95.00000000,177.89012408,152
19,3,0.9204048007975668,95.00000000,216.87953854,161
19,4,0.9150457980195587,91.00000000,175.25941396,136
19,5,0.9126955570262341,95.00000000,152.74817109,134
19,6,0.9167786578805438,94.00000000,185.72029757,157
19,7,0.9203130563290025,94.00000000,164.97999001,137
19,8,0.9205368148534507,93.00000000,172.58468390,138
19,9,0.9161913732982522,95.00000000,197.23090601,147
19,10,0.9203498848925928,95.00000000,169.73610520,142
19,11,0.9221996654517919,94.00000000,176.29798508,144
19,12,0.9191232179364961,95.00000000,171.56897521,138
19,13,0.9195049232647066,94.00000000,201.43539381,161
19,14,0.9131211527199454,95.00000000,160.06504774,143
19,15,0.9172976759185941,95.00000000,250.98935223,184
19,16,0.9168990856180383,94.00000000,149.36010146,126
19,17,0.9160175861704228,93.00000000,174.54332638,147
19,18,0.9224205821548074,95.00000000,178.72532701,153
19,19,0.9201056519635434,95.00000000,176.74011803,141
19,20,0.9178807292257057,94.00000000,204.68245053,166
19,21,0.9180341049117396,95.00000000,215.83896279,149
19,22,0.9156894319632471,95.00000000,159.14352560,137
19,23,0.9192351564696983,95.00000000,175.27391100,148
19,24,0.9175799125884064,93.00000000,166.90137982,143
19,25,0.9161261737524117,95.00000000,172.51316619,143
19,26,0.9187369071256769,95.00000000,174.93687916,139
19,27,0.917709103740743,94.00000000,187.52242994,151
19,28,0.9154785098784054,95.00000000,151.90243483,135
19,29,0.9180323549650278,95.00000000,185.78682017,157
20,0,0.9127248964437579,99.00000000,177.88699222,150
20,1,0.913715246630826,100.00000000,159.07430696,133
20,2,0.9119677730876316,98.00000000,207.57365417,156
20,3,0.9112552449090084,99.00000000,210.84106612,178
20,4,0.9227313219906691,100.00000000,177.01636815,154
20,5,0.9189473929333865,100.00000000,155.70478201,135
20,6,0.9084004836058209,98.00000000,175.75061965,143
20,7,0.9052993501282294,100.00000000,171.60454869,141
20,8,0.9187496526434806,100.00000000,193.17963862,161
20,9,0.9186050117615371,99.00000000,164.47498822,132
20,10,0.9192944906347918,99.00000000,208.09880829,167
20,11,0.9136675369955862,100.00000000,176.82187486,149
20,12,0.9126956878186413,100.00000000,221.81189919,167
20,13,0.9116189577366924,100.00000000,192.41635323,154
20,14,0.9104108790357369,94.00000000,200.15108776,166
20,15,0.914275832505678,100.00000000,212.14209247,172
20,16,0.9131731914580689,100.00000000,202.90965676,161
20,17,0.918385438365707,99.00000000,178.02870178,154
20,18,0.9178039736841476,100.00000000,198.56054854,161
20,19,0.9071669015923653,98.00000000,187.31506634,160
20,20,0.9156749637681758,97.00000000,165.35014558,143
20,21,0.9136479354839216,100.00000000,154.40976167,132
20,22,0.91774572766602,99.00000000,199.88712525,152
20,23,0.9138670352752348,100.00000000,183.29007578,148
20,24,0.9210180637403976,100.00000000,202.05579448,157
20,25,0.9093281048114474,97.00000000,199.63148379,167
20,26,0.9213477961944009,100.00000000,180.14817691,156
20,27,0.9160957976979712,100.00000000,211.17056990,170
20,28,0.9152398701313633,100.00000000,164.93430686,140
20,29,0.9161166997747835,100.00000000,172.00418663,149
21,0,0.9197252520927972,103.00000000,220.47731090,169
21,1,0.9211877749797405,101.00000000,201.80823040,160
21,2,0.9029349398123401,105.00000000,195.16963983,160
21,3,0.9045757585121789,102.00000000,183.33705592,155
21,4,0.9065615685707119,105.00000000,156.60488605,136
21,5,0.9216646675465512,105.00000000,189.72138810,158
21,6,0.9108662473898271,105.00000000,176.08296084,146
21,7,0.9166422117878756,104.00000000,165.86636376,140
21,8,0.9099995976332903,105.00000000,182.87807369,155
21,9,0.9125226203691066,104.00000000,184.52956796,154
21,10,0.9084206586719948,104.00000000,216.76387882,181
21,11,0.9107072041692567,105.00000000,183.19076228,151
21,12,0.914213718208082,104.00000000,152.06631947,126
21,13,0.9086730844607542,105.00000000,231.20463443,172
21,14,0.9072004896678112,105.00000000,165.29733419,141
21,15,0.9122905931346807,105.00000000,192.07206917,156
21,16,0.9100730707594861,105.00000000,192.01043272,161
21,17,0.9080110197995017,101.00000000,219.94836664,175
21,18,0.9063109811811607,105.00000000,189.19513583,156
21,19,0.9007934990554154,102.00000000,190.20382428,150
21,20,0.91038242180485,105.00000000,191.97205544,163
21,21,0.9165913127139831,105.00000000,213.75692344,174
21,22,0.9126950326182187,104.00000000,186.01969290,155
21,23,0.9109110067120827,105.00000000,174.62817240,145
21,24,0.9005464115677486,104.00000000,171.87934542,144
21,25,0.9125035835630926,105.00000000,204.37067842,154
21,26,0.9131750782259008,105.00000000,176.89095783,150
21,27,0.8967410897520168,105.00000000,182.89185452,156
21,28,0.9011836022647174,105.00000000,175.30848813,155
21,29,0.9087866431618942,105.00000000,208.64008427,157
22,0,0.9014033194405853,110.00000000,195.36244965,151
22,1,0.9044077225740621,110.00000000,220.14115691,170
22,2,0.9057869401868207,109.00000000,260.15766191,196
22,3,0.9111210303140266,110.00000000,186.97163463,143
22,4,0.9096239242534433,109.00000000,185.79870987,144
22,5,0.900890741956478,109.00000000,198.43423533,161
22,6,0.8937211362491766,110.00000000,198.06103969,161
22,7,0.9038964470691497,110.00000000,185.55215669,153
22,8,0.9054035436192772,110.00000000,195.43981624,165
22,9,0.9145654078443485,110.00000000,188.63083458,157
22,10,0.9069674160118429,110.00000000,197.07238531,166
22,11,0.9102072238975878,110.00000000,202.20132732,175
22,12,0.9099755267513563,108.00000000,222.22055340,168
22,13,0.901467880727821,110.00000000,185.50194502,150
22,14,0.9013845784769836,110.00000000,221.37258077,175
22,15,0.9063670320540288,106.00000000,187.26151419,157
22,16,0.906794845072993,110.00000000,208.58966517,162
22,17,0.902304453858279,109.00000000,218.53440452,165
22,18,0.9145756135439953,108.00000000,191.86932826,152
22,19,0.918848936555489,109.00000000,190.71861672,161
22,20,0.8995810701043441,108.00000000,178.13652301,146
22,21,0.9283567784538698,110.00000000,218.82836819,177
22,22,0.9189499273008712,110.00000000,233.44238639,174
22,23,0.9215467318270625,109.00000000,229.17115808,188
22,24,0.9007697566071852,110.00000000,206.13860536,155
22,25,0.906328128139798,110.00000000,187.24577928,149
22,26,0.894056626435255,110.00000000,188.90860200,159
22,27,0.9034725222363937,109.00000000,233.44608498,180
22,28,0.903346632911182,110.00000000,217.16487169,180
22,29,0.8999039616707972,108.00000000,181.13707685,146
23,0,0.891178909397468,112.00000000,198.27588868,154
23,1,0.9033929215105371,114.00000000,184.87901521,141
23,2,0.9026586538388968,115.00000000,213.31731868,165
23,3,0.9055708310017343,115.00000000,208.05757093,163
23,4,0.8915877970235274,110.00000000,191.45983481,156
23,5,0.8948191938443153,115.00000000,193.54605222,158
23,6,0.9078551273909535,115.00000000,197.11572194,156
23,7,0.9050363281610947,115.00000000,215.23676014,167
23,8,0.9227310197939341,115.00000000,198.60196185,165
23,9,0.9020424648813182,115.00000000,195.24279237,158
23,10,0.9074877935413967,114.00000000,236.88688111,172
23,11,0.902359897444253,115.00000000,202.99205375,158
23,12,0.9088923496514919,115.00000000,255.67613840,195
23,13,0.9014804559332277,115.00000000,259.83314681,182
23,14,0.9131635182617495,114.00000000,244.48741436,186
23,15,0.8950224925837744,115.00000000,247.49036860,185
23,16,0.905984915725227,115.00000000,196.75208783,154
23,17,0.9184518571324558,115.00000000,252.38732624,184
23,18,0.903923619901186,115.00000000,197.68382788,148
23,19,0.9084021635463322,115.00000000,209.30632281,170
23,20,0.9187001138071353,114.00000000,198.95724344,165
23,21,0.8956878837902624,115.00000000,233.63868308,181
23,22,0.9069395667579003,114.00000000,202.78752589,163
23,23,0.9051320328122604,107.00000000,244.91417432,191
23,24,0.9077017509189853,115.00000000,221.95231891,177
23,25,0.9068819685374394,112.00000000,173.95420671,143
23,26,0.8984943152829272,115.00000000,238.99787068,177
23,27,0.899467323337542,115.00000000,206.08552122,160
23,28,0.9055916881304211,114.00000000,194.37353778,162
23,29,0.9203866497188515,114.00000000,205.53067446,164
24,0,0.90614485318036,120.00000000,212.50467777,167
24,1,0.893018890145876,119.00000000,200.74103045,163
24,2,0.8840886595729562,120.00000000,213.78433537,169
24,3,0.8976876605302803,120.00000000,205.97513294,155
24,4,0.9137389326321476,120.00000000,185.89352489,148
24,5,0.9173266364395889,120.00000000,209.58289003,169
24,6,0.9085079832659033,119.00000000,203.29275179,162
24,7,0.895360090447078,120.00000000,250.62132907,194
24,8,0.8942954026145412,120.00000000,195.63029456,160
24,9,0.8890834617409874,119.00000000,189.11641049,153
24,10,0.8877714164327013,114.00000000,199.96137094,161
24,11,0.9186029481061028,120.00000000,186.20946908,154
24,12,0.8961004281588886,120.00000000,233.91055202,179
24,13,0.8816361377183934,119.00000000,244.99960709,175
24,14,0.9068861970016722,119.00000000,221.55035734,185
24,15,0.8990610767698093,118.00000000,215.58489943,150
24,16,0.896600189358812,117.00000000,209.66145635,166
24,17,0.9016009036149473,118.00000000,205.00300193,168
24,18,0.9205896243334539,120.00000000,211.73656273,163
24,19,0.8908196779437143,120.00000000,206.73710394,163
24,20,0.8938124249887482,120.00000000,283.57861590,213
24,21,0.8900373048138405,120.00000000,203.96204185,166
24,22,0.8988056335718865,120.00000000,215.84408069,169
24,23,0.9055904870957904,117.00000000,192.65483785,164
24,24,0.9107570254891637,119.00000000,189.15250111,159
24,25,0.9034364122566423,118.00000000,227.66898251,169
24,26,0.8919811168500111,118.00000000,229.78301191,182
24,27,0.8990603893840543,120.00000000,206.00884533,169
24,28,0.8923980724757328,119.00000000,199.27301502,160
24,29,0.9082592535495171,120.00000000,192.06410193,163
25,0,0.8795012984848887,125.00000000,241.84180498,188
25,1,0.922672343260869,125.00000000,185.71234012,153
25,2,0.9188261980867802,121.00000000,233.65381050,182
25,3,0.8962350693476429,125.00000000,267.40324593,197
25,4,0.8942805724315961,125.00000000,190.68844056,153
25,5,0.9006658517869797,124.00000000,226.48967457,168
25,6,0.897691693544039,124.00000000,217.35142112,162
25,7,0.8919077718143281,124.00000000,223.95128179,168
25,8,0.9098652792642444,124.00000000,232.80318570,182
25,9,0.9384735477582632,125.00000000,209.60352373,165
25,10,0.9110032914722397,124.00000000,231.12656832,167
25,11,0.8922143351508467,124.00000000,239.66661286,187
25,12,0.9122524883428738,124.00000000,244.34031034,186
25,13,0.9335221171585746,125.00000000,211.95149112,169
25,14,0.918722991025992,124.00000000,216.18465018,169
25,15,0.8946755048125183,124.00000000,281.29320049,189
25,16,0.9119131849600889,125.00000000,230.94867325,185
25,17,0.9239360557087781,121.00000000,241.59353185,173
25,18,0.8987271291597538,125.00000000,179.93129110,139
25,19,0.9265636735258442,125.00000000,242.64207339,193
25,20,0.8889600406514504,125.00000000,231.49574757,181
25,21,0.9099447298496443,125.00000000,209.25173473,165
25,22,0.9059958596100954,125.00000000,226.58745933,180
25,23,0.9189334972100782,125.00000000,204.80985093,161
25,24,0.9180088707537823,123.00000000,201.08861709,160
25,25,0.9141502796478619,124.00000000,189.57255363,148
25,26,0.9087887603822922,124.00000000,181.69266462,144
25,27,0.8933287934724105,125.00000000,216.03679967,174
25,28,0.885757704604817,125.00000000,215.68295979,161
25,29,0.9155038777028863,124.00000000,210.17516613,156
26,0,0.9081115390150728,130.00000000,219.60822439,173
26,1,0.9146587146585834,130.00000000,263.31221938,173
26,2,0.918260081677239,130.00000000,278.05099678,188
26,3,0.9275874539271043,130.00000000,206.58524060,158
26,4,0.9079179411138585,126.00000000,228.67108583,177
26,5,0.9238995363200077,127.00000000,293.15107656,211
26,6,0.9261897896372855,130.00000000,231.46889329,172
26,7,0.9122204525260598,129.00000000,225.14668369,175
26,8,0.9354278369671462,130.00000000,205.31400967,162
26,9,0.9259487431036898,130.00000000,239.03772950,180
26,10,0.917134574330569,129.00000000,236.55016565,170
26,11,0.9242122042344589,130.00000000,198.62536311,153
26,12,0.9148266778490366,128.00000000,228.58632159,179
26,13,0.8845506050541173,130.00000000,235.50461483,174
26,14,0.8949546961979734,129.00000000,254.44702101,192
26,15,0.9205449342033618,130.00000000,245.98757839,182
26,16,0.9179805712442163,127.00000000,205.07485795,162
26,17,0.9134869952595266,129.00000000,251.22933245,187
26,18,0.8832810065265428,130.00000000,234.14575887,164
26,19,0.9080988015997038,126.00000000,234.43144703,170
26,20,0.8997100186777831,130.00000000,225.22792363,168
26,21,0.9189961968473211,129.00000000,232.06775618,170
26,22,0.9326945552719212,130.00000000,214.65438414,167
26,23,0.9249942262039061,130.00000000,251.76521850,177
26,24,0.9389645728830797,128.00000000,234.63416076,185
26,25,0.9309468262943859,130.00000000,215.38627982,169
26,26,0.9293261622586189,128.00000000,221.84391165,176
26,27,0.9317007870347469,126.00000000,224.43478107,180
26,28,0.9073864160279883,130.00000000,221.96418667,158
26,29,0.8901765968679147,130.00000000,234.04593682,173
27,0,0.9266565985266171,135.00000000,255.91333103,189
27,1,0.9138410297003757,134.00000000,288.49068713,193
27,2,0.9132806599312078,135.00000000,251.69296050,189
27,3,0.9502744702298896,133.00000000,97.80743837,78
27,4,0.9426028248611583,135.00000000,256.07270217,180
27,5,0.9278040114912933,131.00000000,240.09370923,182
27,6,0.9329894507959982,135.00000000,221.04095244,173
27,7,0.9181249863527458,132.00000000,276.28882885,200
27,8,0.9255321201522849,135.00000000,250.58240557,188
27,9,0.9043303710151838,135.00000000,211.13207746,161
27,10,0.9365018846248843,135.00000000,243.40000629,184
27,11,0.9013790746058218,133.00000000,215.80600643,163
27,12,0.9332332483167256,134.00000000,218.83422279,173
27,13,0.9426023557486298,135.00000000,197.47764802,157
27,14,0.9056210898217686,134.00000000,214.33109760,164
27,15,0.9350219280339533,135.00000000,246.26425004,169
27,16,0.9304741628211985,135.00000000,270.64388871,195
27,17,0.9069217074341532,135.00000000,265.07951164,186
27,18,0.9325995415073799,135.00000000,248.22306299,176
27,19,0.9192521821544293,134.00000000,211.53894639,161
27,20,0.9322019664961037,133.00000000,207.76183176,157
27,21,0.930387341384788,135.00000000,252.16657305,185
27,22,0.9088240604113582,131.00000000,290.90303826,203
27,23,0.8905459436209675,130.00000000,258.05018592,180
27,24,0.9350458017730471,130.00000000,226.42602181,166
27,25,0.9221202691512966,135.00000000,213.87725139,165
27,26,0.9240871358260491,135.00000000,213.99116802,161
27,27,0.9325881560853827,133.00000000,231.16121936,174
27,28,0.9408340122213885,134.00000000,231.67735481,174
27,29,0.9178657388701966,134.00000000,239.09463692,180
28,0,0.9519179771558661,139.00000000,63.76962280,51
28,1,0.9099019558142974,138.00000000,232.93677998,175
28,2,0.9388202332688865,139.00000000,222.18817115,159
28,3,0.9100355486829779,139.00000000,224.13544869,167
28,4,0.9061668667396928,140.00000000,243.03756404,178
28,5,0.9440313129910153,140.00000000,220.62763643,169
28,6,0.9053862925198056,140.00000000,227.14728928,167
28,7,0.9403047297783955,138.00000000,232.48595524,169
28,8,0.9398190326381909,139.00000000,226.70919895,163
28,9,0.9083436363008506,138.00000000,216.24054790,160
28,10,0.9136221244180698,136.00000000,278.41081953,202
28,11,0.9260349457884861,140.00000000,240.95407462,183
28,12,0.9100742515752998,139.00000000,244.66771793,176
28,13,0.9304302712995735,140.00000000,290.27952313,202
28,14,0.9034561875957137,138.00000000,248.02311516,180
28,15,0.9254438263300826,139.00000000,217.69635963,170
28,16,0.9375159831110175,140.00000000,238.02834773,174
28,17,0.9296291660646357,138.00000000,251.29519439,176
28,18,0.9329674178882091,140.00000000,279.73437381,199
28,19,0.9165974248198614,140.00000000,236.94960380,168
28,20,0.9217574390399275,140.00000000,307.43206429,213
28,21,0.917679821244229,138.00000000,245.36019540,181
28,22,0.9329819482855435,140.00000000,287.44494843,205
28,23,0.9348133758386297,140.00000000,335.40984011,227
28,24,0.9347330681672972,138.00000000,230.77203798,178
28,25,0.9206294149715202,135.00000000,228.87430477,164
28,26,0.9002476479653302,140.00000000,220.86338425,166
28,27,0.9283251127202226,139.00000000,237.73198271,179
28,28,0.9330619535125669,138.00000000,268.04853725,190
28,29,0.9365761622521145,139.00000000,261.03761888,186
29,0,0.9386853346192241,145.00000000,254.20459270,178
29,1,0.940196433314226,144.00000000,240.99790406,165
29,2,0.9247233933254579,141.00000000,255.92985916,195
29,3,0.9267861404878218,145.00000000,219.88925743,167
29,4,0.9234470338118886,145.00000000,222.85921717,163
29,5,0.9331728450563006,145.00000000,242.64137888,180
29,6,0.8764413730445844,143.00000000,220.88770294,157
29,7,0.9516512883277629,141.00000000,107.45849252,83
29,8,0.9219545654291627,145.00000000,254.87719417,183
29,9,0.936925149472453,143.00000000,267.42846680,192
29,10,0.9284711628370553,142.00000000,268.80441308,184
29,11,0.9258772921951031,144.00000000,259.30647063,172
29,12,0.9379964987477497,143.00000000,278.79436374,179
29,13,0.9177576471556649,143.00000000,274.22747493,196
29,14,0.9290259300594819,142.00000000,309.07925630,199
29,15,0.950346791375032,141.00000000,102.34724927,79
29,16,0.9229834320407504,143.00000000,259.71816564,180
29,17,0.9444500941530038,145.00000000,261.73195481,181
29,18,0.9334050577647729,141.00000000,269.16170621,181
29,19,0.9236955064190548,143.00000000,246.33838391,181
29,20,0.9260355946829425,145.00000000,277.12991238,188
29,21,0.9242046176403068,144.00000000,287.82581782,195
29,22,0.920225293319533,144.00000000,258.73707628,170
29,23,0.9282832747589038,144.00000000,232.74928236,172
29,24,0.948132507620698,142.00000000,260.81976128,183
29,25,0.9095639866955966,145.00000000,275.26993990,186
29,26,0.9258766464189492,144.00000000,283.33932400,198
29,27,0.92753810066143,145.00000000,235.79065657,166
29,28,0.9157198665703465,145.00000000,241.77931213,173
29,29,0.8948598700374786,144.00000000,199.14965868,152
30,0,0.9219616155696948,150.00000000,299.23468232,199
30,1,0.9389166552690995,150.00000000,245.06954670,177
30,2,0.9208736885711187,149.00000000,246.84089923,176
30,3,0.9423533340994146,149.00000000,279.82503581,185
30,4,0.9414456357128154,150.00000000,280.82262063,190
30,5,0.9209122599411539,150.00000000,263.80701160,182
30,6,0.922518933018637,150.00000000,247.03572130,174
30,7,0.9073603422511463,147.00000000,250.79034185,172
30,8,0.927751487383008,150.00000000,272.64379144,195
30,9,0.9239640716188974,147.00000000,232.44000745,168
30,10,0.9372727028345724,150.00000000,236.67483568,172
30,11,0.9399591738432332,149.00000000,260.44937658,185
30,12,0.9194490099012618,149.00000000,208.49162221,151
30,13,0.9216273267275563,150.00000000,266.50621200,188
30,14,0.9292898754929027,149.00000000,225.23847556,169
30,15,0.9328746382992046,146.00000000,287.80234337,206
30,16,0.9198169281231284,150.00000000,276.61595583,204
30,17,0.9221659821492713,149.00000000,245.45109224,168
30,18,0.9150913302563461,149.00000000,303.42473197,211
30,19,0.9099698957145903,150.00000000,263.79581571,196
30,20,0.9294966419595363,150.00000000,311.93143916,202
30,21,0.9255524861697842,150.00000000,275.91767478,201
30,22,0.8965999697800892,147.00000000,270.46198559,188
30,23,0.9425485719061572,148.00000000,259.81785917,179
30,24,0.9184226484046212,150.00000000,233.24766231,166
30,25,0.9204698717807385,150.00000000,242.20430303,162
30,26,0.9284641342086201,150.00000000,225.60106230,165
30,27,0.921491701652239,150.00000000,230.59968805,170
30,28,0.921734283623908,150.00000000,273.25984716,186
30,29,0.9239244614420696,149.00000000,253.17212152,175
31,0,0.9310894543971177,154.00000000,301.80216098,213
31,1,0.9181995167124577,155.00000000,258.37121892,186
31,2,0.9337526305257505,152.00000000,293.48015237,199
31,3,0.9116563908972402,152.00000000,236.37694860,168
31,4,0.9264261923552841,155.00000000,248.89558291,177
31,5,0.9254054269049992,154.00000000,256.00155091,180
31,6,0.9362787577258298,155.00000000,239.10023236,174
31,7,0.9213503047821818,155.00000000,299.02514029,204
31,8,0.9190786474586596,154.00000000,248.11512065,178
31,9,0.9209754379313242,155.00000000,264.15600896,187
31,10,0.909584029324268,154.00000000,341.86366510,222
31,11,0.9278861835198465,155.00000000,247.18903780,167
31,12,0.9071996002160257,153.00000000,258.23958874,187
31,13,0.934984084489026,151.00000000,255.98761368,170
31,14,0.9040104398311983,154.00000000,227.83068824,162
31,15,0.9305938912757539,154.00000000,276.99560332,195
31,16,0.9277022625389696,155.00000000,278.69988585,196
31,17,0.922190011167362,150.00000000,222.70826983,164
31,18,0.9086575912236241,155.00000000,258.81614161,184
31,19,0.9259474365605654,155.00000000,261.98361754,180
31,20,0.9283102185686274,155.00000000,240.14445400,165
31,21,0.9101729131798659,148.00000000,245.86472344,176
31,22,0.9149509296489157,155.00000000,265.64101052,197
31,23,0.8939814967180858,151.00000000,254.91110706,175
31,24,0.919801052884819,151.00000000,237.73887658,172
31,25,0.9413230680216219,154.00000000,259.10677528,173
31,26,0.9315307022400495,155.00000000,246.72995687,177
31,27,0.9205520009119936,153.00000000,272.15994000,187
31,28,0.9314847497271592,154.00000000,254.39080858,169
31,29,0.9066480477045924,155.00000000,247.52596092,169
32,0,0.9295572885157752,160.00000000,304.01907253,214
32,1,0.9204629938599657,160.00000000,261.08764148,177
32,2,0.9147647288149792,159.00000000,307.72227931,218
32,3,0.9405169859544069,159.00000000,289.94771123,187
32,4,0.9072649253964549,159.00000000,265.91024041,179
32,5,0.946444802976758,160.00000000,268.75570107,184
32,6,0.9151147052651666,160.00000000,266.40119243,182
32,7,0.9377756202479496,160.00000000,274.17398620,194
32,8,0.9206934597269846,159.00000000,310.71549320,217
32,9,0.910735382282069,160.00000000,293.00173068,197
32,10,0.9053066113177906,158.00000000,285.30086446,196
32,11,0.9237057882055204,157.00000000,264.12939858,185
32,12,0.9247123873042852,160.00000000,285.21523547,199
32,13,0.9065844880359651,159.00000000,281.55373526,193
32,14,0.9197100631104609,157.00000000,322.66349983,207
32,15,0.9284660250781693,158.00000000,254.26032591,171
32,16,0.930091700715276,158.00000000,295.18017316,189
32,17,0.9126042723338988,159.00000000,272.23722744,189
32,18,0.9115640685298712,159.00000000,334.21312332,225
32,19,0.9194975095793385,160.00000000,282.40596151,199
32,20,0.9361848922261338,160.00000000,274.56956196,186
32,21,0.9365845584810603,160.00000000,299.20934892,185
32,22,0.9253355534046606,160.00000000,251.54934001,177
32,23,0.9262015121567873,160.00000000,275.62840223,192
32,24,0.9085571267287915,158.00000000,306.45977736,192
32,25,0.9267419441117143,152.00000000,326.68945551,223
32,26,0.9180019190963317,154.00000000,270.72944999,189
32,27,0.9355595951883524,154.00000000,321.44188213,222
32,28,0.9340409651413693,160.00000000,295.56079984,208
32,29,0.9337056060286618,160.00000000,281.55626416,203
