15 12 15 10 11 12 6 7 6 10 12 8 13 16 10 9 12 1 16 2 10 16 2 3 13 16 15 13 13 15 16 0 5 1 1 13 0 15 1 7 14 2 15 7 16 15 9 7 6 16 16 2 1 10 0 3 9 6 6 12 10 4 0 3 4 5 10 7 10 8 12 14 10 6 0 8 3 6 11 10
12 8 4 6 9 6 6 16 0 7 8 14 12 16 8 1 13 12 2 2 16 2 10 12 12 11 3 4 15 2 2 2 12 2 16 0 15 6 4 14 15 0 4 0 7 6 15 3 5 4 4 1 6 8 10 9 3 12 2 11 11 13 10 10 6 1 7 0 4 11 12 15 9 11 16 4 8 0 4 12
9 4 8 5 9 16 5 13 6 8 15 14 9 1 8 11 13 12 9 15 12 1 11 3 1 13 3 11 13 4 16 4 12 0 1 6 1 16 16 7 5 14 5 8 8 6 1 5 8 5 16 5 8 10 8 6 0 2 12 9 4 2 14 5 2 15 12 15 9 15 5 15 2 1 6 1 9 4 13 0
7 10 9 10 9 5 12 7 15 11 11 8 0 13 16 1 12 15 8 8 2 15 3 11 2 0 3 4 13 13 12 3 12 14 13 2 6 6 16 5 14 6 1 4 8 15 1 1 16 9 3 3 0 5 9 10 0 2 9 9 6 10 4 7 7 8 4 1 9 0 4 9 13 15 12 8 12 3 10 7
15 11 13 11 11 0 9 14 7 11 6 6 7 9 1 9 10 15 15 11 11 1 1 3 11 15 14 11 13 2 14 14 3 13 3 5 15 13 5 2 7 16 6 7 3 0 15 3 1 1 9 16 10 10 6 11 7 10 7 8 3 13 1 4 11 14 15 16 16 16 2 11 8 14 6 5 15 7 13 5
11 0 10 12 13 8 13 5 9 15 6 8 10 1 8 11 9 1 10 1 1 14 1 3 0 13 13 4 13 13 16 14 1 13 13 6 5 13 3 4 14 16 15 16 3 7 9 3 0 16 9 16 4 8 3 8 5 9 0 8 5 0 12 11 3 2 5 16 16 12 14 1 8 15 13 6 2 16 10 1
15 8 8 5 5 7 12 14 0 6 15 14 15 13 0 1 14 10 14 14 9 10 14 1 15 3 1 11 15 0 13 12 5 1 4 1 4 13 5 16 7 3 3 16 15 9 6 9 2 5 1 8 5 4 7 8 0 5 0 1 2 11 0 10 11 4 11 16 16 15 1 3 11 11 15 16 16 15 3 12
16 16 8 16 5 7 9 7 7 15 11 8 13 14 16 1 9 0 15 2 10 16 10 14 11 15 11 15 15 16 13 14 13 12 2 5 16 6 1 2 1 3 7 6 15 4 6 6 5 5 1 16 8 2 7 1 10 8 5 0 9 12 8 6 15 15 15 1 16 14 11 15 7 12 16 16 4 4 2 11
5 4 5 16 15 10 7 9 14 15 6 12 12 16 1 14 8 8 12 2 9 13 1 10 14 15 15 1 3 2 5 2 15 15 2 6 0 13 2 6 16 16 1 15 0 3 4 7 3 7 10 4 8 6 3 11 4 4 1 4 4 10 13 7 13 9 15 6 5 13 14 0 4 3 6 12 15 16 1 10
4 13 8 14 6 15 15 8 9 11 15 8 8 7 14 1 15 8 13 2 11 0 2 0 10 12 16 10 4 14 4 2 16 13 2 2 6 16 4 5 1 3 7 0 15 9 9 6 16 6 16 4 8 2 11 10 3 8 5 3 8 0 2 7 14 14 15 8 16 16 6 15 15 13 12 3 14 2 12 11
