8 13 18 5 8 7 16 20 8 7 14 9 10 20 1 8 9 19 19 9 15 0 18 10 19 15 2 11 4 14 16 14 17 16 20 0 20 16 1 20 19 2 15 5 7 8 19 9 18 10 20 17 18 5 1 0 20 7 9 12 11 19 0 20 2 8 6 8 2 10 12 7 14 13 1 4 13 11 12 11 19 13 1 20 13 20 20 4 6 17 13 4 19 1 4 16 6 12 7 14
4 5 18 16 0 8 15 9 19 19 11 9 7 17 13 1 13 0 20 13 9 17 10 14 3 13 14 1 19 17 3 4 18 15 3 6 18 5 1 14 0 15 6 1 19 4 16 2 9 6 8 10 8 20 10 3 5 20 10 20 19 11 12 9 1 14 10 14 10 14 0 13 1 11 10 10 0 9 10 16 19 10 4 7 19 16 15 10 15 14 14 2 11 0 6 11 13 19 2 1
6 4 7 14 8 20 7 15 10 8 14 17 18 13 0 11 1 11 16 11 2 16 16 16 0 1 11 20 20 14 2 19 5 16 20 5 0 1 1 19 19 7 15 2 6 1 16 2 17 8 17 0 18 8 19 19 8 11 3 7 12 1 1 10 20 6 8 4 2 10 10 4 3 6 1 10 8 2 5 11 19 8 10 20 17 20 2 14 1 10 4 12 6 14 4 0 5 9 4 3
6 0 12 18 5 13 0 12 11 7 11 7 15 13 12 1 20 19 10 16 15 19 15 3 2 16 20 16 11 17 4 2 18 20 1 17 14 0 18 3 19 7 7 2 4 1 7 6 4 3 5 8 9 18 8 6 7 18 4 12 19 6 0 12 6 20 7 5 4 9 13 10 10 13 9 4 7 10 13 15 19 4 19 14 11 8 7 14 16 17 0 14 11 8 4 12 19 6 3 8
0 7 13 16 15 7 6 19 15 10 13 15 16 10 10 11 18 12 2 1 20 1 16 10 4 4 3 17 4 1 16 13 14 15 16 6 15 4 2 14 20 4 2 6 4 3 19 6 0 3 9 1 10 4 19 18 9 9 19 11 19 13 0 11 13 9 20 11 10 1 15 0 10 1 5 2 10 7 2 9 19 20 19 13 15 1 0 12 18 20 11 3 3 15 11 16 4 10 11 7
18 10 14 17 15 14 8 0 13 16 20 14 18 11 20 1 15 19 9 18 19 2 15 12 13 12 3 4 2 13 0 2 18 5 0 1 6 20 5 15 5 5 7 16 6 16 6 5 7 18 17 20 5 3 10 5 11 10 19 19 9 11 8 7 20 6 4 7 10 0 6 13 11 11 6 8 1 3 13 19 20 19 19 20 14 19 11 14 1 20 7 8 7 2 14 20 8 9 4 17
20 4 6 4 8 7 8 17 13 16 16 7 10 9 13 0 1 15 2 12 17 16 13 1 3 11 12 1 3 20 13 12 4 14 16 6 5 6 20 2 7 7 17 16 18 5 8 2 18 0 2 17 19 9 2 19 7 0 8 11 9 2 11 12 20 5 13 3 13 0 7 9 2 3 4 17 1 11 15 20 1 19 20 20 0 20 14 13 20 20 20 13 5 17 1 10 1 9 3 12
10 13 14 7 6 16 18 11 16 7 20 19 7 12 1 20 19 1 13 14 9 10 3 17 13 12 0 4 11 3 13 3 17 5 1 16 17 15 16 14 5 3 18 0 0 2 16 18 8 20 18 3 7 7 18 10 11 19 20 12 20 5 9 9 1 20 20 4 0 14 7 1 7 7 8 1 14 2 2 20 20 16 5 19 8 8 10 17 4 6 17 17 16 17 7 1 13 7 7 7
5 17 15 20 7 5 16 15 7 14 20 15 9 19 19 18 9 1 2 20 2 16 14 14 15 3 11 17 18 19 5 5 13 18 3 20 5 2 20 2 7 15 16 16 17 3 16 16 20 4 1 5 19 5 10 18 4 10 0 12 1 8 9 1 13 20 14 6 5 5 12 5 12 12 4 2 16 15 5 19 12 20 19 15 19 11 19 2 12 19 6 7 18 20 18 14 5 2 13 13
13 20 5 7 15 20 8 19 18 12 15 10 15 18 1 8 20 14 2 19 9 9 13 10 3 20 13 13 4 0 15 13 16 5 5 5 15 0 3 15 5 3 15 0 19 0 17 4 2 16 18 5 18 20 11 18 0 11 1 10 11 5 19 20 4 2 7 2 1 3 12 2 5 12 6 15 3 2 12 15 19 4 13 15 20 5 19 13 4 19 13 14 19 13 19 4 9 14 10 19
