20 5 7 0 11 16 20 23 22 11 11 14 19 9 1 16 24 9 2 17 11 22 2 3 12 1 12 13 1 4 18 21 13 5 3 3 17 24 16 24 7 5 22 4 20 7 20 7 0 3 9 2 9 19 7 19 23 20 11 7 21 8 9 9 5 24 22 8 9 23 24 23 23 15 24 24 4 2 2 9 17 9 0 14 9 17 6 12 6 2 6 11 24 23 23 5 3 7 2 24 18 4 10 3 17 9 4 0 6 5 22 1 4 6 3 17 0 18 3 2
0 10 6 14 0 9 18 8 14 7 11 13 8 7 1 19 21 17 18 15 13 13 13 3 22 23 15 18 18 4 17 16 0 13 14 5 23 1 7 3 7 20 8 4 21 21 4 24 20 17 18 9 9 7 20 19 11 5 19 0 4 1 1 20 22 7 10 14 13 22 23 15 6 10 1 13 16 24 9 16 17 11 6 17 9 18 17 12 1 9 6 17 12 15 0 1 24 1 13 12 0 22 18 10 1 12 1 22 5 3 11 19 0 18 1 9 10 14 23 14
0 22 8 9 23 12 8 20 22 11 0 13 0 15 1 10 9 23 11 2 23 17 15 21 14 3 21 19 12 2 14 5 19 18 5 14 14 3 0 2 0 0 20 8 8 3 7 18 24 7 3 19 9 18 9 5 3 19 2 24 7 12 3 7 4 21 23 22 1 23 14 8 10 24 23 24 13 12 5 5 17 1 9 10 19 18 9 11 12 14 2 17 14 5 17 23 7 6 13 8 4 21 13 24 3 14 7 7 5 12 23 4 19 18 24 8 4 22 4 12
8 19 9 5 17 9 12 21 11 9 15 7 20 1 8 1 16 17 17 2 11 12 15 13 3 16 19 20 16 16 14 19 3 19 5 14 23 22 5 6 19 22 18 3 16 6 24 18 17 17 8 2 21 8 10 3 11 19 9 11 4 11 2 9 8 13 4 6 0 22 1 14 15 12 23 16 10 15 4 24 18 6 8 10 16 11 4 5 6 14 10 1 3 19 23 23 23 14 0 23 8 21 23 24 23 19 23 20 17 13 21 3 3 12 10 14 21 0 7 22
7 0 17 12 20 20 18 22 9 17 20 9 8 22 22 13 1 16 14 16 18 21 2 22 11 20 0 4 2 1 20 22 5 22 2 5 0 15 0 17 7 3 16 22 17 7 1 22 9 18 7 20 18 3 1 3 11 10 6 7 20 21 12 22 21 22 23 3 14 4 23 6 5 11 23 10 14 1 12 15 16 10 3 15 8 1 16 5 19 14 18 12 21 6 9 23 23 23 20 17 23 8 22 11 16 23 18 18 16 13 23 20 22 0 9 3 10 8 11 6
6 23 18 8 22 15 24 20 7 21 23 20 22 7 9 1 24 13 2 1 2 23 3 2 3 23 1 12 1 3 4 16 23 17 16 16 14 6 18 7 0 7 6 0 16 5 6 21 9 3 18 6 4 9 8 4 19 6 21 9 24 2 7 21 9 11 9 6 10 14 11 1 13 8 12 4 12 24 0 17 2 12 16 17 5 4 19 11 8 16 9 10 5 16 16 23 2 5 14 24 14 12 24 0 2 24 21 22 24 3 0 18 3 6 6 5 1 5 0 2
4 23 17 24 13 0 15 12 14 18 18 10 13 8 17 23 17 17 2 0 1 22 15 3 18 20 18 16 19 23 15 5 20 13 20 0 6 0 17 20 20 16 5 18 24 20 23 17 9 5 3 9 18 4 2 0 9 4 3 11 24 8 2 10 21 10 13 1 23 22 6 13 6 13 7 24 16 17 24 3 24 11 16 15 12 18 14 20 7 19 16 8 13 24 16 11 23 10 13 23 5 10 24 2 12 18 5 19 6 23 8 24 11 19 6 9 23 15 23 4
9 14 9 20 12 21 22 21 23 18 24 22 16 24 17 1 18 0 24 21 2 10 17 18 10 24 3 14 1 24 4 12 1 18 24 20 5 6 20 21 20 19 15 18 22 20 17 6 6 17 5 4 4 18 22 23 22 24 0 20 22 12 1 23 12 21 9 5 0 14 2 22 13 6 9 23 12 0 16 1 8 7 15 7 4 14 3 18 10 14 1 7 2 0 10 9 24 13 19 24 23 20 8 4 9 14 18 17 15 19 19 13 23 10 1 16 19 22 10 19
9 18 5 9 7 22 23 11 10 18 24 23 15 1 9 23 23 11 23 22 2 15 18 3 16 12 3 20 12 3 18 0 5 18 5 1 23 3 3 6 7 16 16 6 8 0 19 19 19 19 9 20 1 20 23 7 20 0 2 9 20 12 12 24 13 23 6 22 4 2 11 12 24 2 23 16 24 17 14 9 11 7 8 3 1 3 2 7 4 13 0 19 19 6 23 9 24 11 17 23 20 23 4 18 17 10 11 11 2 24 20 4 4 4 20 6 10 9 9 15
5 23 4 20 15 6 14 24 20 8 8 20 16 0 1 0 17 18 2 23 10 22 16 19 20 11 3 4 14 16 4 5 2 0 2 14 5 14 15 15 6 2 23 1 8 16 23 17 6 20 4 24 20 8 19 11 3 9 6 9 1 3 0 5 24 2 5 6 14 8 12 15 23 12 3 10 10 2 24 9 4 10 4 6 15 11 16 8 16 20 6 13 21 0 6 18 14 23 10 24 9 10 15 4 18 21 23 4 0 20 4 11 8 16 24 6 16 22 18 1
