17 15 8 6 26 10 11 24 12 19 18 19 9 11 1 10 28 19 2 12 24 12 17 3 13 20 12 3 21 4 3 15 1 21 26 16 6 18 27 25 27 16 0 17 5 7 24 8 4 18 3 27 6 6 22 19 0 26 28 5 5 5 9 13 28 13 13 5 9 13 26 1 4 28 25 13 9 7 25 14 13 3 1 13 26 27 4 15 20 0 20 10 28 3 10 4 22 6 17 22 21 17 24 14 18 14 3 22 28 3 28 6 3 27 21 25 19 2 1 12 27 18 0 3 12 0 17 23 22 15 27 8 11 8 4 0 26 11 10 23
14 27 28 5 13 11 27 14 8 22 21 22 18 1 15 1 15 20 0 2 16 28 11 28 3 10 15 23 18 14 0 2 5 18 5 24 24 5 6 5 6 15 19 17 2 5 20 9 19 28 23 23 10 27 20 21 23 28 8 11 24 25 27 21 8 1 23 0 3 1 7 26 10 24 28 15 14 8 26 7 17 5 3 11 26 8 7 16 14 5 16 9 11 5 28 15 12 16 14 21 17 0 10 23 2 5 10 15 24 28 6 28 0 13 6 28 12 9 28 27 26 18 11 27 27 21 9 0 20 22 10 8 17 22 6 26 18 20 28 4
22 12 12 8 12 15 24 20 14 21 14 8 1 10 1 19 23 9 13 12 12 10 27 3 3 28 2 11 4 2 21 4 16 1 20 4 6 17 4 4 17 22 27 16 17 28 7 9 19 9 25 9 4 22 8 3 7 26 12 12 20 9 21 12 6 10 2 24 11 23 9 6 4 27 0 6 16 28 25 2 10 26 14 10 18 27 27 6 18 6 8 10 8 28 8 16 20 22 15 5 1 21 11 1 22 18 13 28 28 10 28 28 27 18 27 15 28 8 0 28 27 0 23 5 11 27 14 17 8 17 7 26 8 20 21 0 24 24 24 25
14 17 8 5 12 24 0 28 17 14 20 0 0 13 1 0 10 2 12 12 16 2 3 26 12 12 25 4 4 21 13 14 5 26 18 3 26 15 6 5 1 2 0 16 27 1 5 24 6 7 28 9 21 26 21 23 7 20 4 22 22 7 22 24 23 13 27 22 6 12 24 5 24 8 1 6 3 25 7 5 16 14 14 15 3 14 8 27 0 8 14 20 2 28 22 20 4 7 12 20 0 6 8 1 4 5 10 14 28 15 27 1 28 19 27 13 20 11 23 23 28 2 1 27 1 17 3 3 28 5 28 15 27 7 5 16 5 17 1 13
23 12 26 9 7 24 15 17 24 12 27 7 7 1 16 11 14 1 14 2 28 28 16 18 17 18 22 22 23 22 13 5 5 1 5 14 3 19 24 6 0 1 7 27 5 5 4 19 7 22 20 10 1 19 4 25 5 21 28 11 7 11 24 28 5 24 6 14 3 0 15 26 28 0 24 3 14 15 25 6 28 17 12 18 11 8 27 19 18 4 14 28 3 11 20 5 12 16 2 13 21 1 15 6 24 10 3 19 5 5 8 27 10 27 17 26 27 17 27 24 27 15 23 11 26 28 5 20 13 2 5 19 5 24 28 1 28 26 3 8
0 26 26 12 9 13 19 26 17 23 20 21 18 10 8 1 11 17 18 2 23 1 19 13 11 0 21 12 25 4 14 3 0 27 5 2 23 21 22 0 7 26 3 25 23 22 20 23 27 2 24 23 4 9 19 23 8 3 1 0 25 12 21 2 12 12 5 23 9 11 25 26 28 15 13 26 4 28 17 25 27 1 14 16 12 14 9 27 16 3 17 19 12 28 17 0 21 1 20 15 19 17 3 20 18 22 6 24 27 28 28 28 23 6 27 20 19 27 24 17 24 9 24 15 18 9 7 28 3 7 24 25 26 2 27 18 6 6 6 23
27 22 4 16 11 27 23 14 11 14 18 7 26 11 1 13 1 13 14 15 24 15 13 0 3 24 24 25 23 17 3 5 13 25 3 18 6 2 25 22 17 16 8 8 23 0 26 28 28 5 3 23 22 27 10 19 21 3 2 7 5 12 21 0 23 9 8 10 3 12 23 7 14 12 25 13 7 1 28 26 16 7 17 10 19 19 28 27 15 10 18 11 12 8 21 10 19 3 18 12 11 23 20 11 19 1 10 28 28 17 28 15 27 27 10 6 15 2 12 5 25 28 9 0 15 4 19 24 14 8 10 7 5 28 7 5 4 19 2 25
6 8 7 16 11 20 12 20 14 8 23 15 15 22 27 1 25 27 1 24 2 11 15 20 3 13 19 18 28 19 14 14 13 16 4 21 6 5 23 19 20 5 5 25 2 8 23 7 6 23 6 24 21 10 21 28 20 6 23 21 26 28 23 3 6 22 11 22 14 6 6 26 14 8 24 4 8 1 11 12 17 26 4 6 27 6 13 15 10 1 16 28 21 21 18 2 21 6 4 6 14 23 4 21 0 19 4 18 27 19 27 10 11 20 27 5 27 4 1 4 26 12 17 0 0 28 23 9 26 4 21 11 7 8 6 7 5 6 25 24
22 10 14 16 6 7 0 22 16 17 11 9 8 20 24 26 16 27 26 2 26 27 11 24 18 22 11 14 1 4 27 2 13 25 16 20 25 20 21 7 1 1 20 4 20 7 3 8 17 7 19 6 2 26 26 1 10 4 22 28 24 3 26 13 5 9 13 10 13 23 13 7 2 24 15 2 8 10 14 27 25 13 27 0 28 26 17 4 20 28 16 28 14 17 28 21 19 0 10 17 10 8 10 21 6 8 4 4 21 28 28 28 24 28 27 28 4 13 17 24 17 20 7 27 7 26 28 6 25 11 23 13 7 2 12 4 1 13 15 28
7 12 18 26 22 8 0 11 25 13 18 25 7 13 10 1 18 9 17 18 16 10 3 11 28 3 24 27 15 20 23 1 18 20 14 6 25 1 6 23 6 19 4 18 21 27 3 9 17 26 2 9 0 25 26 11 1 20 28 2 10 21 2 25 3 22 27 13 24 1 5 15 28 4 15 7 10 16 25 1 9 26 13 4 16 27 10 9 27 4 9 3 12 28 16 4 4 10 8 19 2 20 5 10 1 10 22 0 27 27 27 28 28 20 3 28 26 25 28 28 1 4 3 3 26 0 5 27 22 24 10 6 28 7 17 19 19 22 12 24
