7 0 13 21 11 17 23 20 12 32 26 18 12 0 21 1 15 14 12 32 17 28 21 3 3 31 30 31 0 4 3 21 25 1 32 16 27 30 22 3 30 7 16 28 24 5 8 0 20 30 19 23 3 19 25 3 11 20 27 31 27 11 28 27 5 13 1 23 23 9 28 24 9 25 25 11 26 6 31 11 3 13 30 8 12 8 19 28 4 29 20 20 15 15 19 18 30 11 4 13 3 31 13 16 32 8 32 18 1 7 10 21 26 14 11 15 5 6 17 9 14 12 14 31 28 9 1 31 20 30 28 9 28 7 24 3 31 30 25 8 25 1 14 26 16 6 17 10 8 9 0 30 30 24 6 4 10 6 2 23
18 6 29 30 9 21 26 21 23 32 18 14 9 24 1 20 19 17 21 2 12 24 21 22 32 11 3 4 23 18 15 17 21 5 5 22 23 30 6 7 1 7 17 32 3 30 8 28 32 6 8 8 30 5 31 5 29 1 4 26 21 7 24 13 13 30 10 12 7 29 8 14 8 3 32 25 11 3 16 5 31 30 3 27 9 9 8 18 2 20 31 15 29 14 7 15 2 0 31 12 32 9 31 2 13 24 5 7 23 13 12 20 11 20 6 13 17 29 6 21 8 31 22 7 7 31 19 11 2 21 32 19 31 22 31 29 5 15 32 14 14 24 31 14 5 12 20 5 25 30 9 9 25 1 16 27 0 27 27 25
13 4 19 12 29 15 14 31 9 31 25 20 13 27 1 17 17 14 2 0 28 16 3 11 32 4 12 4 0 23 31 28 26 23 19 15 6 3 15 3 25 31 24 29 17 8 29 18 23 3 25 5 19 10 27 20 32 10 21 2 23 26 29 26 32 8 25 3 11 24 30 6 15 31 6 8 13 17 29 26 31 27 9 9 10 28 2 30 12 29 18 1 7 21 1 9 30 14 2 11 9 20 9 18 5 32 15 19 9 14 10 8 2 13 21 0 8 0 8 12 0 31 29 31 32 32 31 24 31 23 17 27 18 30 14 31 8 30 8 25 17 14 17 27 13 28 5 24 9 8 19 0 18 18 32 28 30 7 23 7
8 22 5 17 17 30 13 26 27 19 30 24 12 22 0 1 26 10 18 2 30 2 18 23 27 25 3 26 4 13 2 18 5 0 24 23 30 15 6 21 0 5 7 5 8 20 2 23 31 5 26 1 2 10 32 21 24 22 11 9 21 7 9 23 5 23 2 2 1 6 31 5 15 10 25 32 32 10 13 26 6 17 27 15 18 3 1 12 32 0 29 7 2 1 30 16 30 5 0 3 4 7 4 20 32 32 0 32 19 20 18 2 1 19 12 11 17 15 1 25 32 32 27 32 32 31 29 31 32 12 32 32 29 17 31 8 22 5 5 31 3 31 9 20 6 14 27 0 23 7 6 25 32 15 31 31 11 7 25 6
31 15 22 7 8 18 16 10 27 7 16 22 24 1 21 11 23 1 0 2 21 2 2 28 2 22 12 4 25 19 1 22 30 30 26 14 15 2 6 22 7 26 27 30 24 8 32 4 9 3 25 30 0 31 5 3 8 3 6 0 10 1 32 25 13 4 3 9 10 2 14 14 24 27 7 11 25 2 7 32 16 28 12 12 19 10 1 29 20 14 31 20 29 16 10 32 2 14 7 10 31 20 7 0 9 32 21 16 16 15 25 12 24 26 20 2 18 2 5 19 27 15 32 31 32 21 10 31 22 21 30 30 23 6 24 0 28 26 17 22 19 4 7 30 30 1 19 28 31 7 32 15 0 16 2 6 32 11 31 7
26 5 5 12 17 22 0 30 8 16 19 10 14 10 1 18 9 23 23 24 23 17 11 14 15 17 18 24 4 30 30 5 30 20 14 5 24 6 29 24 16 23 21 4 31 6 5 8 18 9 29 23 29 30 25 5 11 11 4 21 11 31 28 23 22 26 4 28 25 31 1 1 25 7 9 25 0 4 26 11 26 17 29 27 15 19 30 5 15 16 31 29 32 7 6 18 30 2 4 21 21 20 2 9 21 7 32 4 3 14 18 0 19 2 7 26 8 22 16 12 13 31 31 31 23 31 32 31 30 30 31 31 31 31 31 9 4 32 22 18 8 12 0 20 28 30 4 8 31 13 15 21 9 6 6 9 27 18 2 19
6 4 17 18 27 20 25 21 23 12 20 9 17 30 28 11 1 15 14 2 32 18 20 11 3 23 1 25 2 4 21 29 25 20 27 31 25 2 6 20 28 7 17 31 19 29 7 8 6 18 32 23 6 31 20 9 23 22 27 20 12 29 12 5 24 8 12 9 28 14 2 14 15 28 24 0 8 0 16 16 31 26 13 14 7 13 11 30 16 28 29 30 20 17 1 30 21 0 30 13 1 6 10 15 3 14 32 23 5 10 4 20 2 26 25 22 20 10 27 3 0 27 16 31 31 14 31 19 18 32 10 20 2 32 26 12 28 32 10 29 24 9 15 29 5 30 14 13 6 6 21 6 24 25 23 23 2 13 4 3
6 7 6 26 6 14 8 0 8 14 11 21 15 12 1 22 12 15 2 15 27 2 17 22 25 23 24 3 15 16 5 21 5 28 30 19 32 18 16 16 7 25 6 24 8 25 8 7 5 23 19 25 3 19 20 24 8 25 24 28 8 12 31 9 31 14 23 14 9 30 13 25 3 6 16 25 16 27 32 15 29 18 27 6 10 3 3 11 28 3 29 20 20 18 15 18 30 12 12 12 20 3 18 24 32 1 9 12 2 5 17 15 20 17 9 15 8 6 24 22 32 32 24 32 12 12 31 20 31 10 31 7 4 32 31 1 30 22 32 30 31 22 24 28 31 6 8 5 11 25 14 3 16 4 32 4 19 9 12 32
15 25 6 22 6 30 25 9 11 27 20 0 8 12 20 1 11 22 2 15 27 21 3 19 3 13 23 4 4 4 20 25 29 23 4 26 32 20 5 15 19 1 2 28 8 22 25 18 30 7 19 3 26 32 6 11 5 23 11 21 25 22 5 6 3 0 0 29 7 14 15 2 12 25 15 13 8 16 13 26 10 13 18 8 9 16 0 15 8 16 12 17 29 8 7 5 8 22 2 11 19 0 4 21 7 32 14 17 2 6 21 4 10 0 19 27 11 28 28 2 10 31 6 32 31 21 31 13 0 31 28 31 31 32 18 31 31 5 26 18 1 7 13 5 29 9 13 30 28 28 22 18 10 22 11 0 1 1 8 10
18 29 32 0 20 22 24 20 20 26 26 20 15 27 1 29 1 11 2 20 14 21 3 3 25 14 3 15 14 4 0 22 32 1 6 27 6 21 18 31 22 27 1 5 18 8 29 18 22 18 0 29 28 29 23 31 10 28 24 11 31 24 25 13 24 31 1 11 28 29 15 0 32 25 9 29 26 16 26 28 27 11 27 11 2 30 3 6 29 32 0 11 1 6 6 21 5 22 14 31 17 21 8 7 19 32 11 17 16 4 17 25 18 20 0 1 17 24 10 20 32 7 32 24 2 31 31 24 31 31 3 31 20 26 31 16 1 25 7 11 22 16 29 14 3 14 21 22 14 8 4 12 25 15 22 10 3 13 3 18
