0 0 0 0 0 15 9 9 9 9 9 9 1 1 1 15 12 12 3 3 3 12 12 3 3 5 15 3 3 3 3 3 3 3 3 3 3 0 0 4 4 4 4 4 4 1 4 0 0 0 2 2 2 3 2 3 2 2 11 11 11 14 14 9 13 13 11 2 2 2 9 13 2 10 10 6 6 10 2 2
12 12 14 14 14 14 12 12 12 15 14 14 14 14 14 1 12 12 12 12 12 2 7 15 12 12 12 2 2 2 2 2 2 14 14 4 15 15 0 0 0 0 0 0 0 5 5 5 6 6 6 6 5 6 2 5 11 11 11 11 11 13 13 8 2 5 5 11 11 14 12 11 5 5 11 5 10 10 5 5
8 8 8 8 8 8 11 11 11 11 11 11 11 8 1 8 1 1 2 3 12 5 5 12 12 12 12 8 8 8 8 13 13 13 2 2 2 2 2 2 2 7 7 7 15 2 7 7 7 7 7 7 7 7 7 7 7 7 6 11 11 10 10 2 14 2 2 8 9 9 9 9 9 9 8 10 8 10 8 8
13 14 13 13 13 13 13 14 14 13 12 14 1 1 14 13 14 14 2 3 3 14 14 14 14 12 12 12 14 13 13 13 13 13 1 6 4 4 11 11 15 1 1 1 1 1 0 0 0 0 0 1 1 7 7 7 7 7 5 5 14 10 5 11 14 14 9 9 4 4 11 11 10 10 6 10 10 9 6 6
0 0 0 0 0 0 8 8 0 8 11 11 1 1 8 11 11 11 12 3 3 3 3 7 7 7 10 10 8 8 7 7 7 7 7 7 0 0 0 0 0 0 0 0 4 0 0 0 15 1 1 1 1 1 3 0 0 3 3 3 10 10 0 0 8 8 9 9 9 9 9 10 0 10 10 10 0 0 9 9
13 9 9 9 9 9 11 14 8 14 9 11 11 11 1 1 1 1 1 3 1 7 7 5 8 8 8 8 8 8 8 7 7 7 7 15 2 2 2 2 2 2 2 3 0 7 1 1 1 1 1 1 1 1 1 1 1 0 0 0 11 11 10 11 4 10 10 4 4 4 4 10 10 4 10 10 4 4 10 4
10 10 10 11 11 11 10 11 11 11 11 11 11 11 11 11 1 0 0 0 0 0 7 7 7 11 11 11 8 8 11 11 11 11 11 11 11 11 11 0 0 0 0 0 0 15 1 1 1 1 1 1 1 1 15 0 0 11 11 4 11 10 0 11 4 4 9 11 9 11 4 9 11 4 9 4 9 10 4 10
13 14 15 11 11 11 11 8 8 11 13 13 1 1 1 1 15 15 15 15 15 15 6 6 6 6 6 6 6 6 4 6 6 4 6 4 6 15 2 2 2 2 2 7 5 1 0 1 1 1 1 1 1 1 5 7 7 7 7 10 10 11 11 10 11 7 7 7 7 11 7 9 7 7 9 7 7 10 0 0
0 0 0 0 0 0 0 0 0 0 0 0 0 0 0 0 0 0 3 14 14 14 14 7 14 14 12 12 12 12 12 12 12 1 12 12 2 11 2 2 2 5 7 7 7 7 7 7 7 7 7 7 7 7 7 7 15 5 5 5 11 11 5 11 14 5 5 5 5 11 2 11 2 2 11 14 2 5 9 2
0 15 10 12 12 12 12 12 12 12 12 12 1 1 1 15 15 12 2 12 12 2 6 5 12 12 1 1 15 15 1 1 1 1 1 1 1 0 0 0 1 0 0 0 0 0 1 1 1 1 1 1 1 3 6 6 6 6 6 6 10 10 10 6 11 14 10 6 9 9 6 6 9 9 6 9 9 10 6 10
