1 15 8 8 8 8 12 8 8 1 1 1 1 1 12 12 15 12 12 12 12 12 12 12 12 12 14 14 14 14 14 15 12 15 8 8 12 12 12 12 12 9 9 9 9 9 9 9 9 9 9 15 3 3 3 3 4 4 4 4 4 3 3 3 3 3 0 0 0 0 0 0 0 0 0 0 0 10 9 10 0 0 10 0 11 10 0 11 0 10 0 11 0 0 10 0 0 0 12 0
7 14 14 12 12 12 9 1 1 1 1 1 12 12 12 12 12 12 12 12 12 0 0 0 0 0 0 0 0 0 0 2 14 2 2 2 0 0 0 0 0 10 10 10 10 10 11 11 11 11 10 0 0 2 2 2 2 2 2 2 2 2 2 2 2 2 0 0 0 0 0 3 2 2 2 2 10 10 10 10 10 3 15 11 11 3 11 10 15 11 11 9 15 11 11 11 12 6 11 11
7 8 8 12 11 11 11 12 12 14 14 10 9 1 1 9 9 9 9 9 2 9 10 10 10 10 10 10 10 10 10 6 6 6 6 6 6 6 6 6 11 11 11 11 11 11 6 6 6 6 6 7 6 6 6 6 6 6 6 6 6 6 6 6 6 6 2 2 2 2 2 2 2 5 5 11 10 3 3 10 10 10 3 11 3 11 11 6 3 3 10 3 10 3 3 10 2 2 11 2
15 0 0 0 0 0 8 8 8 8 8 9 9 1 9 9 0 0 3 0 0 5 4 5 5 5 10 10 10 10 10 10 10 5 5 5 5 5 10 10 5 10 10 10 10 10 11 15 15 5 5 5 5 5 5 5 5 5 5 5 5 5 5 5 5 5 5 5 5 5 5 5 5 5 15 10 2 10 1 4 1 1 10 1 1 3 2 10 10 2 2 10 10 2 15 11 0 0 10 0
4 12 12 15 15 8 8 8 8 15 15 0 0 0 0 15 11 0 0 2 14 13 6 10 10 10 10 10 10 10 10 10 10 10 10 10 10 10 10 10 10 10 10 10 10 10 10 10 4 4 4 2 2 2 2 2 2 2 2 2 2 2 2 2 2 2 7 7 7 4 4 7 7 7 7 10 11 7 15 7 10 7 10 7 10 7 15 11 7 11 11 7 11 10 7 10 15 11 15 7
14 14 14 14 14 14 14 14 14 14 14 14 14 14 14 14 14 14 14 6 6 6 6 6 6 6 6 6 8 13 6 8 8 8 8 8 8 8 8 8 8 13 13 11 11 11 13 13 13 13 13 13 3 3 3 3 1 1 1 4 4 1 1 1 1 1 1 15 1 1 1 1 1 1 1 8 6 11 6 6 6 8 11 8 8 11 7 11 11 11 7 11 3 11 11 3 7 11 11 7
12 12 12 12 12 12 12 12 13 13 13 12 12 12 12 12 10 10 3 3 3 3 3 3 3 3 7 7 7 7 7 3 3 3 3 11 11 11 11 11 11 7 7 11 11 11 11 11 7 7 7 2 2 2 15 15 2 2 2 2 2 1 1 1 1 1 1 1 4 4 0 0 0 0 10 10 10 0 11 0 11 11 15 15 15 11 15 11 11 11 15 10 15 10 10 4 4 10 10 10
10 10 10 10 10 10 9 9 0 11 11 10 10 12 12 12 12 12 10 10 10 2 2 2 2 2 3 3 3 3 3 1 1 1 1 1 14 1 1 1 1 10 10 10 10 10 15 15 13 13 13 13 15 15 15 15 15 15 15 15 15 1 1 1 1 1 7 7 7 7 7 7 7 7 7 7 5 11 10 11 5 6 11 15 15 15 11 6 6 6 6 13 10 6 6 10 6 9 6 6
14 0 15 14 14 14 14 1 1 1 1 1 14 14 14 14 14 14 14 14 14 14 13 13 13 13 13 13 13 3 3 3 3 3 3 3 10 10 10 10 10 10 10 10 10 6 10 10 10 10 10 10 3 3 3 3 3 3 3 3 3 3 3 3 3 3 3 3 3 3 3 3 3 3 3 3 10 10 10 3 10 10 3 3 10 10 10 3 10 10 10 10 10 1 10 1 11 11 11 10
9 11 11 11 11 11 11 12 12 11 11 11 11 11 11 11 10 3 3 3 3 7 7 7 7 7 10 10 10 10 10 10 10 10 10 7 7 7 7 11 11 11 11 11 11 1 12 1 1 1 1 1 1 3 3 3 5 5 5 5 5 3 3 3 3 3 4 4 4 4 4 0 0 0 0 0 10 11 11 10 0 6 6 10 6 10 6 4 10 6 6 10 10 6 6 10 6 10 6 6
