11 9 9 9 9 9 14 14 14 14 14 14 14 1 1 14 9 9 2 2 13 9 1 1 1 4 0 0 0 0 0 4 4 4 4 4 4 4 4 4 10 3 11 3 3 3 3 10 3 10
15 12 14 14 14 14 14 14 14 14 14 15 1 1 1 12 12 14 3 3 1 0 0 5 5 5 0 0 0 1 1 1 1 5 1 0 1 1 1 1 1 10 0 0 11 14 1 1 9 9
11 11 11 11 11 11 11 11 11 11 11 11 11 1 1 13 8 1 1 1 1 1 4 6 1 1 6 6 6 6 6 6 6 6 6 6 5 5 1 1 10 1 11 1 1 1 10 10 10 10
7 12 0 12 12 0 0 0 0 0 0 0 0 1 1 12 12 14 2 2 13 13 4 4 4 2 0 0 5 15 0 0 15 1 4 0 0 4 4 8 15 10 10 7 7 7 10 10 7 10
0 0 0 0 0 0 11 11 11 11 15 14 14 0 1 14 13 15 3 3 3 3 3 7 6 6 2 2 2 2 2 2 1 1 7 1 2 2 2 2 10 6 11 6 6 6 12 7 12 6
0 0 9 0 0 14 9 9 9 9 9 15 12 12 1 12 12 8 8 3 15 1 5 5 5 3 3 1 1 1 1 1 1 3 1 1 3 1 1 10 11 14 1 1 10 1 11 11 10 0
9 9 9 9 9 9 9 9 15 14 14 14 14 1 14 14 14 1 1 2 1 0 7 0 0 0 0 0 0 0 0 0 0 0 0 0 0 0 0 10 0 11 5 5 5 13 10 8 10 10
14 14 14 14 14 14 0 0 13 13 0 0 0 1 1 12 14 1 2 13 13 2 2 4 1 1 3 3 3 3 3 3 3 7 3 3 4 4 14 4 10 10 10 6 10 10 2 2 9 9
7 14 11 8 8 8 8 8 8 8 15 10 14 1 10 10 10 1 2 3 3 2 6 6 6 2 2 2 2 3 3 2 2 2 2 2 15 2 2 10 11 15 15 10 10 10 11 15 10 15
3 10 10 9 9 9 0 0 14 8 0 0 1 1 12 12 8 1 2 2 2 0 0 0 0 0 6 0 0 6 6 2 2 2 2 2 6 1 2 10 10 11 11 0 1 8 12 11 15 11
