3 14 14 10 10 10 10 8 8 8 8 12 12 1 12 1 12 1 1 3 12 2 5 5 5 12 12 5 5 5 5 5 5 5 5 5 5 5 5 5 5 7 7 7 7 7 7 7 7 7 7 5 5 5 5 5 5 5 11 5 5 10 15 15 13 5 5 15 5 9 5 5 11 5 11 14 14 14 11 14
3 12 12 12 12 12 12 12 12 12 12 10 10 12 1 12 12 12 12 3 3 3 3 3 7 3 12 12 12 12 12 3 3 3 3 3 11 11 3 11 11 5 5 5 5 5 2 2 2 6 6 2 2 2 2 2 7 7 7 11 7 2 10 0 0 0 6 6 6 11 6 7 11 7 11 11 10 8 7 9
3 12 11 11 11 11 12 0 0 8 8 8 8 1 8 1 8 8 2 2 2 8 8 8 4 12 8 8 8 2 4 7 7 7 7 7 1 1 11 7 7 0 0 0 0 0 0 0 0 0 0 0 0 0 5 5 5 5 11 5 10 14 5 14 13 14 5 9 5 5 9 1 1 1 10 1 8 1 9 15
7 8 8 8 8 8 0 0 0 0 0 0 11 11 1 12 12 10 10 3 10 12 12 0 7 12 9 9 9 9 9 10 10 0 0 11 11 11 11 11 7 1 1 1 1 1 7 7 7 7 7 1 1 1 1 1 7 7 7 7 11 7 10 7 7 7 11 11 11 11 11 11 11 11 11 9 1 8 8 10
0 0 15 0 0 0 0 0 11 10 9 9 9 9 1 9 9 9 2 2 2 12 11 11 5 3 3 3 1 1 1 11 11 5 5 5 3 3 3 3 3 3 3 3 3 3 4 4 4 6 6 4 4 4 7 7 6 6 11 3 10 14 3 14 3 3 3 11 3 3 11 3 3 11 3 3 3 11 3 11
11 11 11 11 0 12 10 10 10 14 0 14 14 14 1 10 1 14 14 2 10 12 12 12 7 12 12 12 12 12 12 1 1 1 1 1 2 2 2 2 2 2 6 6 6 6 2 2 2 2 2 7 7 7 7 15 1 11 7 7 10 14 1 8 8 1 15 13 9 1 9 7 7 10 7 8 8 10 7 7
10 10 9 9 9 9 10 10 10 10 10 11 1 1 1 8 14 14 2 2 14 14 7 7 14 7 3 14 14 14 14 6 3 3 3 3 3 3 3 3 3 3 3 3 3 3 5 5 5 5 5 5 5 5 5 5 3 15 3 3 3 10 11 5 10 10 10 5 5 11 5 5 10 3 8 11 3 3 8 12
12 12 12 14 14 0 0 0 0 0 0 0 12 1 2 3 2 1 1 8 8 6 6 9 9 9 3 3 3 8 8 9 9 9 9 9 3 2 2 2 2 0 0 0 0 0 0 0 0 0 0 0 0 0 0 0 0 11 1 1 10 14 1 8 8 14 1 1 9 1 9 8 10 8 10 8 8 12 13 8
0 0 0 0 0 0 10 10 10 10 10 10 10 10 1 10 10 10 10 2 10 10 10 5 5 5 0 0 0 0 0 14 14 0 0 0 0 11 0 11 0 0 0 0 0 0 0 0 0 0 0 0 0 0 15 0 0 7 7 7 11 10 7 14 10 11 10 11 7 11 11 3 11 3 3 10 3 12 9 9
8 8 10 8 8 8 10 12 12 14 14 14 10 10 1 10 12 12 2 9 9 9 2 4 4 9 14 14 14 14 14 2 9 9 9 9 2 2 2 2 2 2 2 4 4 4 3 3 3 3 3 1 1 1 1 1 1 1 1 1 11 1 10 1 1 1 3 9 10 14 10 3 3 10 3 3 11 14 8 8
