8 0 0 0 0 0 0 0 0 0 13 9 9 1 1 1 1 1 2 1 1 1 1 7 7 1 0 0 7 7 7 7 14 10 10 10 10 10 3 3
11 8 10 10 10 10 10 10 10 10 9 9 9 1 9 9 1 11 0 3 2 0 0 0 4 3 3 3 3 3 3 3 14 3 10 10 10 10 10 3
10 10 10 10 9 13 10 10 14 9 13 13 1 1 9 11 11 11 1 1 3 1 1 4 4 3 3 3 3 3 3 3 14 10 10 3 3 3 10 3
11 13 13 13 13 13 13 12 12 12 12 13 13 1 13 1 11 11 0 2 0 2 1 1 4 3 3 3 3 3 3 14 3 10 10 3 3 3 10 3
9 10 10 10 10 10 10 10 10 10 10 9 9 1 9 1 11 11 3 3 1 2 0 4 4 3 3 3 3 3 3 14 3 10 10 10 3 10 10 3
9 0 0 0 0 9 9 8 8 8 9 9 0 1 9 1 0 0 3 2 2 0 4 4 4 3 3 3 3 3 3 14 3 10 10 10 3 10 10 3
8 13 14 13 14 8 13 13 13 13 9 13 13 1 9 1 11 15 1 1 3 1 1 4 3 3 3 3 3 3 3 3 3 3 10 10 14 14 10 3
0 8 13 10 10 10 14 14 14 14 10 13 13 1 1 9 9 11 11 3 3 1 3 3 7 7 3 3 3 3 3 14 3 3 10 10 3 3 10 3
7 10 10 10 14 14 15 9 9 9 9 9 9 1 1 9 11 11 11 2 2 15 1 4 4 4 4 15 4 4 3 3 14 14 10 10 10 10 10 3
10 10 10 10 10 10 10 9 9 9 9 9 9 1 9 1 11 1 3 3 2 2 4 4 1 3 3 3 3 3 3 3 14 10 10 10 3 10 10 3
