11 4 12 12 12 11 11 10 10 10 10 0 1 1 1 1 0 0 2 2 2 2 2 7 7 7 7 7 7 7 7 11 10 1 1 1 7 10 7 10
9 8 8 8 8 8 8 8 8 14 0 13 13 13 1 1 11 11 11 3 3 1 1 1 7 7 2 2 0 0 0 0 11 10 0 0 0 10 0 10
15 15 10 10 10 10 10 10 10 10 10 10 13 1 1 13 11 11 11 2 0 0 0 0 0 0 6 6 6 6 14 14 14 14 14 10 12 12 14 10
9 14 14 14 14 14 14 14 14 14 14 14 14 1 1 9 9 2 3 3 3 3 3 3 3 3 3 3 3 14 14 14 14 3 14 14 10 10 10 10
13 9 9 9 9 9 14 14 14 15 15 13 13 1 9 1 1 1 1 3 3 15 7 7 7 7 15 15 15 15 15 15 14 15 10 10 10 10 10 15
10 12 12 15 14 14 12 15 12 12 12 12 12 1 1 1 9 9 3 3 3 3 3 7 7 7 7 7 7 7 14 15 6 15 0 8 12 15 11 5
12 12 12 12 12 12 12 12 12 12 13 9 9 1 9 1 1 1 2 2 2 2 5 5 5 5 5 5 5 5 1 11 10 5 5 5 10 10 10 10
7 15 13 13 13 13 8 8 8 8 8 0 1 1 1 13 1 1 3 3 3 0 4 4 4 4 4 3 3 15 3 3 3 3 11 11 10 10 3 10
14 12 14 14 14 14 15 12 12 12 12 12 14 1 1 1 11 15 11 2 11 2 2 2 2 2 3 3 3 3 3 2 2 2 2 10 6 12 6 12
11 11 11 11 11 11 0 0 0 0 0 13 13 1 1 11 1 1 2 2 2 5 5 5 5 5 4 4 5 5 5 0 11 10 11 10 5 5 9 9
