13 13 13 13 13 13 1 1 1 1 1 13 13 13 13 13 13 13 13 13 13 13 13 13 13 13 0 0 0 0 0 14 14 14 14 14 15 15 15 15 15 15 15 15 15 15 3 3 3 3 3 11 11 11 11 11 15 15 15 15 15 7 7 7 7 7 6 6 6 6 6 6 6 6 6 6 4 4 4 4
1 0 0 0 0 0 1 1 1 1 1 0 0 0 0 0 0 0 0 0 0 1 1 1 1 1 0 0 0 0 0 15 15 15 15 15 0 0 0 0 0 0 0 14 0 0 0 0 0 0 0 15 15 15 15 15 15 15 15 15 15 15 15 15 15 15 15 15 15 15 15 15 15 15 15 15 15 15 15 15
3 1 1 4 1 1 14 14 14 14 14 1 1 1 1 1 12 12 12 12 12 9 9 9 9 9 1 1 1 1 1 2 2 2 2 2 2 2 2 2 2 2 2 2 2 2 2 2 2 2 2 5 5 5 5 5 5 5 5 5 5 5 5 5 5 5 11 11 11 11 11 5 5 5 5 5 5 5 5 5
9 9 9 9 9 9 1 1 1 1 1 9 9 9 9 9 9 9 9 9 9 9 9 9 9 9 9 9 9 9 9 2 2 2 2 2 2 2 2 2 2 0 0 0 0 0 2 2 2 2 2 0 0 0 0 0 11 11 11 11 11 2 2 2 2 2 2 2 2 2 2 4 4 4 4 4 7 7 7 7
15 15 15 15 15 15 15 15 15 15 15 15 15 15 15 15 15 15 15 15 15 13 6 6 6 6 15 15 15 15 15 3 3 3 3 3 3 3 3 3 3 3 3 3 3 3 1 1 1 1 6 1 1 1 1 1 4 4 4 4 4 10 10 10 10 10 0 0 0 0 0 0 0 0 0 0 0 0 0 0
1 14 14 14 14 14 14 14 14 14 14 1 1 1 1 1 14 14 14 14 14 14 14 14 14 14 14 14 14 14 14 3 3 3 3 3 15 15 15 15 15 15 15 15 15 15 15 15 15 15 15 15 15 15 15 15 3 3 3 3 3 10 10 10 10 10 2 2 2 2 2 3 3 3 3 3 5 5 5 5
14 14 14 14 14 14 14 14 14 14 14 8 8 8 8 8 3 11 3 3 3 5 5 5 5 5 15 15 15 15 15 1 1 1 1 1 15 15 15 15 15 15 15 15 15 15 5 5 5 5 5 11 11 11 11 11 5 5 5 5 5 3 3 3 3 3 13 13 13 13 13 3 3 3 3 3 5 5 5 5
4 0 0 0 0 0 0 0 0 0 0 2 2 2 2 2 1 1 1 1 1 1 1 1 1 1 9 9 9 9 9 9 9 9 9 9 9 9 9 9 9 9 9 9 9 9 11 11 11 11 11 11 11 11 11 11 13 13 13 13 13 3 3 3 3 3 3 3 3 3 3 3 3 3 3 3 3 3 3 3
9 9 9 9 9 9 9 9 9 9 9 9 9 1 1 1 2 2 2 2 2 9 9 9 9 9 2 2 2 2 2 2 2 2 2 2 2 2 2 2 2 2 2 2 2 2 2 2 2 2 2 2 2 2 2 2 0 0 0 2 2 3 3 3 10 3 10 0 10 0 10 11 11 15 11 11 0 0 11 11
11 11 11 11 11 8 9 8 8 8 8 14 14 14 14 14 13 13 13 13 13 11 6 6 6 6 8 8 8 8 8 8 8 8 8 8 8 8 8 8 8 6 6 6 6 6 11 11 11 11 11 6 6 6 6 6 1 1 1 1 1 14 14 14 10 10 10 10 10 10 10 14 10 10 10 10 10 10 14 14
