8 8 8 8 8 9 0 9 9 9 9 9 8 1 1 1 3 3 3 3 3 8 8 8 9 9 9 8 8 8 8 8 8 8 9 9 9 9 9 9 9 9 9 9 9 9 8 8 8 8 8 11 11 11 11 11 11 11 3 11 11 15 15 1 1 1 1 9 9 9 9 15 11 11 11 11 9 9 9 9 9 9 11 11 11 11 11 11 11 11 11 11 11 11 11 7 4 4 4 4 4 4 4 4 4 4 4 4 4 4 4 4 4 4 4 4 4 10 3 4 4 10 4 4 4 0 10 4 4 10 10 3 3 3 9 10 10 10 10 10 10 4 3 10 4 4 4 4 10 10 7 7 7 7 10 7 4 4 10 7
12 12 12 12 12 12 11 11 11 11 10 10 10 10 10 10 10 10 10 10 10 5 5 5 5 5 5 13 13 13 13 13 13 13 13 13 13 7 10 10 10 13 13 15 15 15 15 15 15 15 15 10 15 15 4 4 4 15 15 15 15 15 15 15 15 13 13 13 13 13 15 4 4 4 4 4 4 4 4 4 4 4 4 4 13 13 13 4 4 4 4 2 2 2 2 5 5 5 5 5 5 5 5 5 5 5 5 5 5 5 5 5 5 5 5 5 10 0 0 10 5 5 10 5 7 10 10 5 5 5 0 0 0 11 15 5 5 5 5 5 10 10 5 5 10 5 10 7 15 6 11 15 7 7 10 5 10 4 10 10
9 9 9 9 9 0 0 0 0 0 0 0 0 8 9 9 9 9 3 9 9 8 8 8 8 8 0 0 0 0 0 0 0 0 0 0 5 5 5 5 5 5 5 5 5 5 8 8 8 7 8 8 8 8 8 8 8 8 8 8 8 8 8 3 8 8 8 8 8 8 8 8 8 8 0 0 8 0 0 0 0 0 0 0 8 8 8 8 8 0 0 0 0 0 0 0 2 2 2 2 2 2 2 2 2 2 2 2 2 2 2 0 0 0 0 0 0 10 0 10 0 0 0 0 10 2 2 2 2 10 8 5 10 2 2 2 3 10 3 3 3 3 3 8 3 11 3 3 3 3 8 8 11 3 3 3 11 3 11 5
8 4 0 0 9 12 12 12 12 12 0 0 0 14 14 14 14 14 0 0 0 5 5 9 9 5 9 9 5 5 5 0 0 9 9 9 0 0 0 0 0 0 0 0 0 0 0 0 0 0 0 0 12 12 12 12 12 12 12 12 12 12 12 12 0 0 0 0 0 0 0 11 11 11 11 11 11 12 12 12 12 11 11 11 2 2 10 2 2 5 5 7 7 7 7 7 5 5 5 5 5 5 5 5 5 5 7 7 7 7 7 7 7 7 7 7 7 7 10 7 10 7 7 7 10 7 7 7 7 11 7 7 7 11 11 11 11 10 7 11 11 2 11 5 11 11 2 2 11 2 10 5 11 5 11 11 5 5 11 11
0 0 0 0 0 8 8 8 8 8 8 8 8 8 8 12 8 8 8 8 1 3 3 3 3 8 8 8 8 8 8 9 9 9 15 9 9 9 9 9 15 15 9 9 9 9 9 15 9 15 3 3 3 3 3 3 3 3 9 9 9 11 1 1 11 1 1 1 1 1 1 1 4 4 4 4 4 4 11 11 11 11 11 11 11 11 11 11 11 11 11 11 11 5 5 4 4 4 4 4 4 4 4 4 4 4 0 0 0 0 4 5 5 5 5 5 5 8 5 11 11 5 10 5 5 5 5 5 11 5 11 5 5 6 11 11 5 11 5 5 10 5 1 1 11 5 1 10 1 11 1 11 10 11 11 4 1 11 1 10
15 12 12 12 12 12 12 12 12 12 12 12 12 12 12 12 14 14 14 2 11 11 12 12 12 10 10 10 10 10 10 10 10 10 10 10 10 10 10 10 10 3 3 3 14 14 14 14 14 14 14 14 14 14 14 14 14 14 14 14 14 12 12 12 12 12 12 12 12 12 12 9 9 9 9 9 11 3 3 3 3 11 2 2 2 2 2 2 2 2 2 2 2 2 2 2 7 7 7 7 7 7 7 7 7 7 7 7 7 7 7 7 7 7 15 7 10 10 4 4 4 10 7 7 7 7 4 11 7 7 7 7 13 13 13 10 4 4 10 7 13 13 8 10 7 4 4 4 10 4 4 6 6 13 12 6 6 12 13 12
15 12 14 14 14 15 12 12 12 12 12 14 14 12 12 14 14 2 2 2 2 7 7 14 14 14 8 8 8 8 8 4 4 4 4 4 6 8 8 8 8 8 8 8 8 8 5 5 5 5 5 5 5 5 5 5 5 5 5 5 5 14 14 14 14 14 14 14 14 14 14 14 14 14 14 14 0 0 0 0 0 0 0 0 0 0 0 0 0 0 0 0 0 0 0 0 0 0 0 0 0 0 0 0 15 15 0 0 0 0 0 1 1 1 1 14 14 14 12 14 12 6 12 11 12 12 6 6 6 11 6 6 11 6 6 12 10 10 10 10 6 6 12 11 7 11 7 10 7 6 10 10 6 13 11 10 6 10 0 6
8 9 9 9 9 9 9 9 9 9 9 9 12 12 12 12 12 12 3 9 0 0 6 6 6 0 9 0 0 0 0 9 12 12 12 12 12 12 12 9 9 12 12 11 11 11 0 0 0 11 11 11 11 11 11 11 11 11 11 11 11 11 11 11 11 11 6 6 6 6 6 6 6 6 6 6 6 6 6 6 6 6 6 6 6 6 6 6 6 6 6 6 6 6 6 6 6 6 6 6 6 6 6 6 6 6 6 6 6 6 5 5 11 11 11 11 11 5 5 5 11 9 6 5 10 9 5 5 9 5 9 5 9 5 9 5 10 5 11 11 12 10 2 5 10 2 2 2 10 2 2 2 2 10 6 2 10 2 5 10
12 0 0 0 8 8 8 8 8 8 8 12 12 12 8 8 8 8 15 15 3 15 12 12 15 12 12 15 15 15 1 1 1 1 15 15 4 10 15 10 10 15 1 1 1 1 15 1 1 1 1 15 15 15 15 15 15 15 15 15 15 15 15 15 15 15 10 10 5 5 5 10 10 10 10 10 10 10 10 10 10 10 10 10 10 10 10 10 7 7 7 6 4 4 4 4 4 4 4 4 4 4 4 4 4 4 1 1 1 1 1 2 2 11 11 2 11 11 10 3 10 1 1 11 8 1 3 9 3 8 8 11 11 9 2 2 2 10 2 2 2 11 2 2 11 2 11 2 2 8 11 11 3 9 2 2 1 3 9 1
12 12 12 8 9 9 9 9 9 11 11 11 11 11 0 0 1 11 3 0 11 11 11 9 9 7 7 9 9 9 9 7 7 7 7 9 14 14 14 14 14 14 14 14 14 14 7 11 11 11 11 11 11 11 11 11 11 11 11 11 11 11 11 11 11 11 10 10 10 10 10 6 6 6 6 6 6 6 10 10 6 6 6 6 6 6 6 6 6 6 6 3 3 3 3 3 6 6 6 6 6 6 6 6 6 6 6 6 6 6 6 6 6 6 6 6 10 12 10 12 10 12 10 10 3 3 10 9 9 6 9 9 6 10 6 10 3 3 12 3 10 10 12 12 10 12 6 6 12 6 10 10 4 10 10 4 10 10 10 4
