7 15 11 0 11 11 15 15 15 0 15 15 9 1 1 1 1 2 2 2 11 1 14 6 10 6 0 1 9 9 13 3 11 15 11 11 15 2 0 1 1 15 15 1 1 0 1 2 2 11 10 9 12 11 11 12 9 11 9 10
0 11 11 0 11 0 15 0 11 13 13 15 1 1 1 1 1 9 3 3 0 11 9 14 6 10 8 13 15 13 3 11 11 2 11 0 3 2 3 5 5 0 15 1 1 1 1 3 3 10 11 11 10 11 11 11 10 11 10 12
15 15 0 11 11 11 0 0 15 15 15 13 15 1 1 15 13 2 3 1 0 1 9 12 7 12 12 1 0 13 15 2 3 11 11 11 2 15 15 1 15 0 15 1 1 0 6 6 14 10 11 11 10 10 11 11 10 10 12 11
15 12 11 15 0 11 0 11 11 15 0 13 11 1 1 1 1 13 1 3 3 3 5 4 14 6 0 1 0 13 15 2 11 11 0 11 15 15 2 15 0 1 15 1 1 1 1 14 2 10 10 10 11 10 11 10 12 12 11 9
13 11 11 0 11 11 11 11 0 0 0 9 0 1 1 1 1 9 3 15 2 1 6 6 10 6 15 3 1 13 13 2 11 2 11 11 2 3 2 0 6 0 0 1 1 1 1 15 3 10 12 11 10 10 10 11 9 11 11 11
0 15 15 0 11 15 15 15 11 15 11 13 11 13 1 15 1 13 1 2 11 11 0 8 7 8 10 0 11 9 0 11 11 2 11 3 15 15 5 15 15 1 3 15 2 0 15 15 1 10 11 11 10 10 11 11 10 11 9 9
15 15 11 11 11 11 14 15 15 15 15 15 13 1 1 1 1 3 3 2 1 11 11 6 14 6 1 3 2 9 9 3 11 11 11 2 1 15 0 3 15 0 0 1 1 1 1 0 14 10 10 10 11 10 11 10 12 12 11 9
15 11 12 11 11 11 15 0 15 0 15 9 15 15 1 13 1 15 13 3 11 15 11 14 7 12 12 15 1 13 9 3 3 11 11 11 3 15 1 2 15 15 0 3 1 1 1 0 14 10 10 10 11 10 11 10 12 12 11 10
13 0 11 11 11 13 15 13 15 15 15 13 9 1 1 1 1 1 0 3 3 11 1 7 10 7 11 1 0 9 13 2 11 3 11 11 1 2 1 7 0 3 15 1 1 1 1 1 14 11 11 11 10 11 10 11 10 12 11 9
13 13 11 10 11 13 13 0 0 11 11 0 9 1 1 1 13 2 2 9 11 1 11 14 6 12 12 0 11 9 13 2 11 2 11 11 2 3 3 3 15 0 15 1 1 1 3 2 2 11 10 10 11 10 10 10 11 9 12 9
9 9 8 11 11 11 10 12 0 15 11 9 0 1 1 15 9 2 3 0 13 1 1 14 6 12 12 1 15 13 9 2 2 11 11 11 2 3 15 15 1 1 2 1 1 7 15 2 3 10 11 11 10 10 10 10 11 10 11 9
0 15 0 11 11 11 15 13 15 9 15 15 13 1 9 1 1 15 13 3 15 11 0 14 7 12 12 2 3 13 9 0 0 11 11 11 3 1 0 1 15 15 15 1 1 1 1 1 14 9 12 11 10 10 11 11 9 9 11 12
13 15 0 15 13 0 12 0 0 11 0 11 13 1 1 1 1 13 3 3 3 3 6 5 14 5 11 11 0 13 13 11 3 1 11 0 2 0 0 5 15 15 0 1 2 1 1 0 14 11 11 11 10 11 10 12 11 11 11 11
9 12 15 11 8 11 15 8 12 14 15 15 9 1 1 1 1 9 0 3 3 1 4 7 14 7 11 11 3 13 9 3 2 11 11 11 2 15 15 2 3 6 15 1 1 1 1 0 2 10 11 11 10 10 10 10 11 10 11 9
9 12 11 0 11 10 14 15 15 15 15 11 13 15 1 13 1 9 15 3 9 9 11 10 7 14 11 15 13 13 13 3 11 0 11 11 2 0 0 15 15 0 15 15 1 1 1 2 15 11 10 10 11 11 11 12 9 11 9 11
13 0 11 11 11 15 0 15 15 15 13 0 13 1 0 0 15 9 3 3 3 11 11 10 7 12 12 15 0 13 13 11 11 11 11 11 2 15 15 6 1 0 0 1 0 0 0 0 3 10 11 11 10 10 10 10 11 9 11 9
7 11 15 11 15 11 15 9 15 0 15 0 9 1 1 1 1 1 3 3 1 15 14 7 14 12 5 1 9 9 9 11 11 11 11 11 2 15 0 0 1 7 0 0 1 3 1 1 3 10 10 10 11 10 12 12 11 9 9 9
11 8 11 0 9 12 15 12 15 15 15 0 13 1 1 1 1 13 3 3 0 11 4 5 10 7 11 3 0 9 13 2 11 0 11 2 0 0 0 0 0 15 4 1 15 1 1 1 14 10 10 10 11 10 11 10 11 9 9 9
13 0 14 0 8 11 0 11 0 13 11 13 9 1 9 1 13 1 2 3 0 0 4 4 10 6 0 15 1 13 13 2 11 1 11 11 3 15 15 1 5 2 15 1 3 1 0 1 2 10 11 11 10 10 10 10 11 9 11 10
10 14 11 11 11 11 12 0 0 15 11 15 13 1 1 1 1 13 3 3 11 11 5 5 10 6 1 0 2 13 3 3 15 11 11 11 15 2 7 15 15 15 3 1 1 15 15 14 3 11 11 11 10 11 10 11 10 12 11 10
9 15 10 15 11 12 13 15 15 0 15 0 15 1 9 1 0 13 3 3 2 2 4 4 10 6 3 13 13 13 3 1 3 15 11 11 3 15 15 15 15 4 15 1 1 1 0 6 3 10 12 12 10 9 11 12 10 9 9 9
13 0 12 13 11 11 9 9 0 0 0 0 9 1 1 1 1 2 2 2 1 0 11 6 14 7 11 11 1 13 13 2 11 3 11 11 2 3 1 0 15 15 6 1 6 1 1 15 14 10 10 10 11 10 11 11 11 11 9 9
15 15 15 11 12 11 0 15 13 15 15 15 9 0 1 15 1 15 13 3 11 0 11 14 7 12 12 9 9 13 0 3 15 11 11 11 2 15 0 1 15 15 0 1 1 3 1 3 14 10 10 10 11 10 12 12 11 10 12 12
7 15 11 0 11 11 15 15 15 11 15 15 9 1 1 1 1 13 2 3 11 1 11 6 14 11 5 11 15 13 13 3 11 15 11 11 2 0 0 6 1 2 0 1 1 1 1 0 14 11 11 11 10 11 10 11 12 9 10 11
13 9 11 0 11 11 15 0 13 9 13 13 0 13 1 9 1 13 9 3 11 0 9 10 7 8 10 13 15 13 13 2 11 3 11 11 3 2 15 15 7 4 0 15 1 15 1 0 14 11 10 10 12 9 11 11 9 9 9 9
13 11 0 11 11 14 15 0 15 15 15 0 9 1 1 1 1 9 3 3 11 15 5 5 10 7 1 0 3 13 13 11 11 11 11 11 2 0 15 6 15 15 1 1 3 1 2 1 7 10 11 11 11 11 10 12 10 11 11 9
13 14 14 11 11 0 8 10 11 13 0 9 15 1 13 1 1 15 0 3 9 9 11 10 7 10 11 0 13 13 3 0 2 11 11 11 2 0 1 15 0 15 0 1 0 1 1 1 15 11 10 10 11 11 10 10 11 9 11 12
13 11 14 11 11 11 15 0 15 15 15 9 0 1 1 1 1 0 3 3 11 0 5 5 10 7 0 0 2 13 13 11 2 15 11 11 0 15 0 2 1 15 15 1 1 1 1 0 14 10 10 10 11 10 11 9 10 12 11 9
9 15 11 15 11 11 15 0 15 11 0 0 13 1 1 1 1 9 2 3 11 3 6 6 14 6 0 3 15 9 9 2 11 11 11 3 15 1 0 0 0 0 1 1 1 1 1 15 2 10 11 11 10 11 11 11 10 11 9 9
13 13 15 15 11 0 8 0 0 15 0 9 15 1 1 1 1 3 2 13 15 11 1 14 7 12 12 11 1 9 13 3 11 3 11 15 2 0 0 2 0 7 0 1 1 1 1 4 14 10 10 10 11 10 11 10 11 9 9 10
