14 15 9 15 15 14 12 11 11 11 0 0 9 1 15 1 15 8 3 3 3 6 5 5 4 4 3 13 3 9 3 13 9 3 9 2 15 10 11 14 14 11 9 15 0 3 11 11 11 11 15 6 15 1 15 1 15 1 3 2 3 6 5 10 11 11 11 11 10 12 10 9 10 11 10 12 9 9 12 11
13 15 0 15 15 9 9 11 11 0 14 0 0 1 1 1 1 14 3 3 3 4 5 5 0 5 5 3 3 3 9 2 9 2 1 3 11 2 10 1 3 0 4 15 13 9 6 11 11 0 15 2 15 1 1 1 2 15 3 3 3 1 15 5 12 11 10 11 11 11 10 11 10 12 10 10 10 11 10 10
14 13 9 12 0 15 11 15 15 11 15 15 15 1 1 0 1 8 3 1 15 3 6 6 15 6 11 9 0 9 0 3 13 3 9 13 2 14 11 10 14 15 9 11 0 6 11 11 11 11 5 15 15 3 1 0 7 1 3 1 5 15 6 10 10 10 11 10 11 10 11 10 11 9 9 9 9 10 10 10
14 12 9 11 11 15 15 15 14 11 0 15 12 1 1 1 1 15 1 3 3 5 4 5 6 4 2 13 11 3 3 9 9 3 13 15 11 10 2 14 14 4 9 11 11 15 11 15 11 11 1 0 15 1 2 1 1 15 1 3 0 2 4 10 10 10 11 10 11 9 11 10 10 12 10 11 11 10 11 10
13 8 0 13 13 15 8 15 11 10 8 0 9 13 1 1 15 2 3 0 10 8 12 11 7 1 9 1 9 9 2 2 9 3 9 2 0 10 8 10 14 8 7 13 13 0 11 0 11 11 15 4 4 4 5 2 5 2 3 6 7 15 0 11 10 10 11 1 9 10 12 10 9 10 11 9 9 9 9 9
0 10 0 14 13 15 15 11 15 0 15 13 0 1 1 1 1 11 3 3 3 5 5 4 5 4 0 3 2 0 9 2 13 3 11 1 11 11 14 3 0 5 0 13 13 0 0 11 15 0 15 0 0 15 15 1 5 5 15 15 2 2 5 10 11 4 12 8 12 0 11 2 12 11 10 10 11 11 9 9
8 13 0 13 9 0 15 11 11 11 15 0 0 1 8 1 9 12 3 3 13 10 5 4 1 7 9 11 9 2 9 3 2 13 15 3 3 14 11 12 8 4 1 13 9 1 15 11 11 11 15 7 0 1 15 1 7 15 3 3 3 0 5 10 11 11 11 11 10 11 10 11 10 12 11 9 9 11 12 10
12 14 9 13 11 11 11 11 11 11 0 12 9 10 1 13 11 0 2 8 2 12 0 0 9 4 9 3 9 11 13 2 3 9 9 15 9 8 12 12 12 14 13 13 13 11 11 11 11 15 0 6 0 5 1 6 4 0 2 7 2 0 15 10 10 10 11 10 11 10 11 10 11 9 10 12 12 12 11 10
14 11 14 13 9 8 15 15 15 11 15 8 0 1 1 1 15 2 2 0 8 1 0 9 6 11 9 11 9 2 2 9 9 9 2 11 1 10 2 14 14 15 5 13 2 0 15 15 0 11 15 2 5 5 15 1 15 2 2 0 15 1 0 9 12 11 10 11 11 11 10 12 9 11 9 11 10 10 11 10
0 0 14 13 11 13 15 9 9 11 9 13 15 14 1 11 1 2 2 1 14 14 14 9 7 0 1 15 13 9 11 9 3 9 9 11 11 14 11 14 7 0 13 13 15 15 15 11 11 11 0 7 7 7 15 15 1 2 2 1 0 0 15 10 10 0 10 14 11 9 9 9 9 9 9 9 11 12 11 11
8 12 9 13 9 11 15 11 11 14 13 15 15 1 0 1 8 2 3 1 8 10 1 1 7 9 1 9 9 9 9 2 9 9 3 9 9 14 12 12 8 10 9 13 13 11 11 11 11 11 3 15 5 1 0 1 5 0 3 1 1 2 15 11 11 11 10 11 10 11 9 9 9 9 11 11 10 11 10 12
0 0 15 13 15 15 0 11 11 12 8 14 14 1 0 0 11 8 15 3 15 10 7 6 1 7 1 13 11 3 9 9 2 11 2 0 11 2 14 1 0 2 7 13 1 1 0 11 11 2 5 2 4 1 0 0 3 15 3 3 15 5 7 11 11 11 10 11 10 11 9 11 11 9 11 11 11 10 9 10
13 13 15 15 15 8 11 11 11 11 11 10 0 0 1 1 15 14 15 3 10 14 0 13 6 9 1 9 9 11 9 13 3 9 3 3 11 14 11 8 8 7 7 13 13 11 11 11 11 11 1 5 4 15 1 0 15 15 15 3 0 7 0 10 11 11 10 11 11 11 10 12 9 11 10 12 10 11 11 9
11 11 15 15 13 13 13 8 15 11 15 13 0 1 1 13 1 2 10 2 15 12 7 7 9 6 11 13 9 1 2 9 3 9 3 1 11 2 10 11 11 11 11 4 13 13 0 11 15 11 5 4 0 1 1 15 1 1 6 2 15 15 15 15 9 10 11 10 11 11 10 10 11 11 10 10 12 12 10 9
0 0 15 15 11 15 0 11 11 13 0 9 15 1 1 1 0 9 15 14 3 1 6 6 1 6 13 9 11 9 2 15 3 9 13 2 11 0 14 2 0 2 7 9 11 0 15 11 11 1 3 4 0 1 1 5 1 2 3 7 3 1 6 11 11 11 10 11 10 12 10 11 11 9 10 11 11 12 12 12
8 0 9 13 9 11 15 10 13 11 0 11 1 0 1 1 0 10 15 3 0 10 15 0 7 11 9 11 13 1 11 9 3 2 11 3 11 14 2 8 8 3 6 13 9 3 15 11 11 11 3 7 7 0 1 1 0 0 1 2 0 3 6 10 11 11 10 11 10 10 11 2 12 11 10 10 10 10 12 12
15 9 0 15 15 8 0 11 9 14 12 14 12 1 0 0 14 13 3 3 3 14 4 4 0 7 9 9 1 9 11 11 2 9 13 2 0 11 14 1 15 7 0 13 15 2 2 11 11 0 1 4 7 1 6 15 0 15 3 3 3 15 2 10 10 9 12 10 11 10 11 11 11 9 11 11 9 10 12 12
0 12 15 15 9 10 15 0 9 0 13 10 0 1 1 1 1 1 3 3 3 6 5 7 7 5 9 2 3 9 2 0 3 11 2 2 11 11 1 14 7 6 2 7 9 9 5 0 7 11 11 15 15 1 1 1 1 1 15 3 3 5 5 5 9 10 11 10 10 10 11 10 11 10 11 9 9 9 10 11
12 9 15 15 11 14 11 15 14 11 15 0 0 1 1 15 0 12 15 2 1 2 5 7 13 7 9 13 11 9 2 9 2 1 3 9 9 10 12 12 12 14 13 13 11 5 11 15 11 15 5 6 0 1 2 1 0 2 15 2 2 0 5 10 10 10 11 10 11 10 11 9 9 10 10 12 12 12 12 10
15 0 0 15 13 15 11 15 12 15 9 8 15 1 10 15 1 3 3 0 10 8 1 11 6 9 13 9 9 2 3 13 9 11 2 0 0 11 14 1 15 7 0 13 9 7 11 0 11 15 15 15 15 1 4 15 1 15 3 4 5 3 15 11 11 11 10 11 10 11 9 12 9 9 9 12 10 10 10 11
12 9 11 9 13 0 11 12 11 0 11 15 15 1 8 1 0 3 2 1 10 0 1 1 6 9 13 11 9 3 9 2 11 13 2 11 15 14 11 12 12 7 6 9 13 0 11 15 11 0 15 0 4 1 2 1 0 15 2 1 0 15 1 10 11 11 11 11 2 9 3 12 11 10 9 9 10 11 12 11
14 0 14 13 8 15 15 15 0 8 15 0 14 13 1 8 1 3 2 15 14 14 1 15 6 9 0 0 9 9 3 2 13 3 0 3 15 10 11 10 14 7 1 13 6 0 3 15 0 11 6 15 7 5 5 3 1 15 2 6 7 15 1 11 10 10 11 1 9 9 11 9 10 10 11 9 9 10 12 11
10 15 9 15 15 11 11 11 11 11 13 15 0 1 0 15 0 0 0 3 14 15 7 7 13 6 11 13 11 2 9 2 9 2 13 15 2 10 1 10 10 7 9 11 0 5 7 11 11 11 7 2 0 1 1 3 0 15 15 3 15 15 3 9 12 11 11 11 10 11 10 11 10 11 9 9 9 11 10 9
13 15 10 13 15 15 9 11 11 11 13 15 9 1 1 1 1 2 3 10 1 14 0 9 6 11 15 9 9 13 2 11 3 9 9 2 11 11 10 0 4 6 7 13 15 15 0 11 11 1 0 15 7 1 1 7 7 15 15 7 3 7 15 10 12 11 9 12 9 10 11 11 9 9 10 10 11 10 12 12
12 0 0 9 9 15 0 9 14 0 11 15 15 1 15 1 12 2 2 15 1 1 9 10 6 14 14 1 13 3 3 9 11 3 15 11 3 10 11 12 12 0 0 9 9 2 1 15 11 3 15 15 5 1 7 1 4 2 1 15 1 1 0 10 11 11 10 1 12 11 10 11 9 9 11 11 10 11 10 12
14 9 9 11 13 15 15 15 9 11 8 15 11 1 0 1 15 12 3 3 3 14 4 5 2 13 7 3 13 13 2 9 2 1 3 11 2 10 11 14 14 9 5 11 13 15 11 3 11 11 6 5 7 1 15 15 1 2 15 3 4 2 4 10 10 10 12 9 11 9 11 11 11 9 9 9 10 12 9 10
8 11 10 13 13 15 11 15 11 0 9 15 15 1 0 0 8 9 15 3 10 15 7 7 9 6 9 13 9 3 11 9 2 11 3 0 3 14 15 12 8 11 5 13 13 7 11 0 11 11 0 15 0 1 2 0 3 0 1 2 4 15 7 10 10 10 11 10 11 10 11 9 11 12 11 9 12 11 9 10
8 8 9 13 9 15 11 14 11 11 0 0 15 1 0 1 15 8 3 3 2 5 4 4 9 4 4 1 2 2 9 3 9 9 2 9 8 12 9 12 12 8 9 13 13 5 11 3 11 11 0 7 7 2 15 2 15 15 3 3 2 5 5 11 10 10 11 1 9 10 11 9 12 11 11 12 10 9 10 11
12 14 11 0 9 13 11 11 15 11 0 9 15 1 1 1 1 3 3 8 9 1 0 1 6 0 15 1 9 3 3 13 11 2 1 11 0 11 10 1 7 7 1 0 9 13 11 11 2 11 0 2 15 7 1 2 1 1 2 4 15 1 0 10 10 10 11 10 11 11 11 0 9 10 11 10 12 12 10 10
0 11 13 0 13 11 0 9 8 9 10 8 0 15 1 15 12 3 3 0 1 12 1 1 7 9 11 13 0 9 2 1 3 11 9 9 11 3 14 0 0 11 13 5 13 1 6 0 11 3 1 0 0 15 1 2 7 3 3 15 4 3 1 10 11 8 10 10 11 10 11 10 11 9 9 10 12 12 12 11
