4 8 14 10 13 8 10 0 15 0 12 10 14 1 15 0 9 11 0 2 11 0 3 3 6 3 0 3 0 3 14 1 7 3 0 10 1 11 2 15
9 15 7 7 8 11 14 15 10 12 11 0 13 1 1 1 13 15 2 2 11 15 7 5 0 6 5 4 15 1 5 3 15 3 5 5 10 15 5 2
7 4 13 12 14 0 15 11 11 11 8 11 1 11 1 9 15 15 3 0 3 11 3 0 6 3 6 2 5 7 1 2 0 7 9 11 0 11 12 2
15 0 15 7 10 10 13 12 14 13 11 11 15 15 1 13 11 11 2 11 15 3 7 4 5 1 1 2 5 1 2 6 6 7 1 1 12 12 14 1
8 0 7 8 0 14 8 10 14 9 13 15 11 1 1 9 0 1 2 1 11 3 15 4 0 15 2 4 2 6 15 2 15 13 1 11 0 5 12 13
7 7 13 0 15 8 15 13 9 0 13 12 11 0 1 13 15 15 0 3 11 15 0 2 3 7 3 3 0 6 14 5 2 0 1 10 11 9 11 0
14 10 7 7 14 10 10 8 14 14 14 8 0 11 9 1 13 1 1 3 11 11 0 5 3 5 1 2 15 1 1 14 0 2 4 12 11 11 2 11
9 9 13 9 8 0 11 14 0 8 13 8 15 1 1 13 9 0 2 11 2 11 1 15 3 1 3 3 0 2 3 15 0 0 2 13 10 3 2 1
11 11 15 0 10 13 14 13 15 14 9 14 11 1 1 1 9 1 0 11 3 11 15 15 2 0 6 6 4 6 7 5 14 3 13 9 10 10 15 0
11 8 13 14 8 12 12 0 11 14 9 13 0 1 1 9 15 3 2 15 11 2 3 6 15 5 5 15 7 6 4 3 1 0 1 9 0 11 3 15
7 8 7 15 9 14 15 8 9 13 10 0 0 1 1 15 9 2 2 11 2 15 0 6 2 4 0 5 1 15 14 6 2 7 1 9 12 9 10 6
14 12 12 0 14 12 12 10 8 11 10 11 0 1 9 13 9 0 3 11 3 11 0 6 4 1 0 4 15 15 1 15 0 3 15 11 0 1 0 11
12 15 11 0 10 10 15 14 14 10 13 13 1 1 1 13 13 13 3 11 3 1 0 15 4 0 15 7 5 3 15 15 1 3 4 12 11 13 0 3
14 7 0 0 14 15 13 12 10 15 8 15 13 1 11 13 1 1 1 3 11 15 3 1 4 15 6 3 0 15 0 14 14 7 1 3 10 7 11 5
11 15 11 14 0 13 14 12 12 14 13 9 0 1 13 0 9 15 0 3 11 0 15 0 0 5 4 6 4 4 15 4 6 3 15 0 12 2 14 8
10 14 14 0 12 0 15 9 10 9 14 15 15 0 1 15 9 1 2 2 11 2 3 4 15 5 6 3 0 1 3 14 2 2 2 15 11 3 7 15
7 15 0 7 7 11 15 14 12 8 11 0 9 15 1 13 0 3 3 3 11 15 6 6 6 7 5 4 2 6 15 15 1 13 14 9 9 11 15 15
0 0 7 15 8 0 12 9 8 15 14 8 11 1 9 1 9 1 15 2 11 2 0 15 2 5 2 4 1 5 0 3 1 15 15 11 14 2 11 4
15 8 14 8 7 11 13 13 10 13 15 12 15 14 1 15 11 3 9 3 0 11 1 0 7 15 3 0 6 6 14 4 15 7 14 1 9 4 15 13
9 7 13 0 8 15 12 12 0 12 15 0 11 0 1 9 11 0 3 2 1 11 15 15 7 3 2 7 7 5 0 15 3 7 4 10 9 12 4 5
0 9 7 7 7 0 12 14 12 8 15 11 15 13 1 13 0 0 3 15 11 2 1 6 6 0 5 6 1 5 2 5 15 0 9 11 15 14 12 0
4 10 0 13 13 0 14 15 14 14 9 0 0 9 1 9 11 11 2 11 3 11 0 15 2 3 7 15 0 15 15 4 15 7 0 2 12 1 7 12
8 7 12 14 9 12 8 10 0 10 15 15 13 1 0 9 0 1 2 0 11 0 0 15 5 3 0 1 0 2 7 0 15 15 14 10 0 11 2 1
0 0 8 7 13 10 11 8 8 14 14 8 15 0 1 9 11 15 3 11 1 11 3 15 6 6 7 5 15 6 2 3 0 14 5 13 4 9 13 0
15 11 11 0 0 0 15 8 9 0 12 13 15 1 13 1 11 1 2 11 3 11 3 3 4 2 3 2 15 15 15 4 6 3 15 11 10 11 13 7
9 15 8 7 7 13 14 15 12 0 12 11 15 15 1 13 0 2 2 3 2 11 0 6 1 3 5 4 1 0 1 5 4 14 1 9 13 2 15 15
15 0 9 0 14 12 8 8 8 12 12 10 13 1 0 1 9 11 3 3 11 0 4 5 7 2 0 3 0 2 14 0 4 5 3 15 13 15 14 3
12 11 15 10 13 15 13 0 9 8 12 10 13 1 1 9 15 15 1 2 11 15 1 1 15 15 15 2 6 3 7 0 3 14 5 9 2 0 14 7
15 12 0 7 11 10 8 11 15 14 11 10 0 15 1 0 13 1 0 3 11 0 1 15 5 7 3 5 4 5 4 0 14 1 7 9 6 15 2 5
14 0 10 7 13 9 11 15 13 15 0 15 11 13 1 9 13 15 2 1 11 0 5 7 0 7 7 2 6 0 0 2 1 0 15 11 11 11 13 9
