10 10 10 10 10 10 10 10 10 10 10 15 8 8 8 8 2 2 8 14 14 0 0 0 0 7 7 7 7 7 7 7 7 9 9 3 15 8 2 2 2 11 11 11 11 11 11 11 11 11 11 10 10 10 11 11 11 11 11 1 1 3 3 4 4 4 15 1 1 1 8 1 1 1 1 1 3 1 1 11 11 7 7 7 7 7 7 7 7 7 7 7 7 7 7 7 7 7 7 7 7 7 7 7 7 7 15 15 6 1 15 11 11 11 10 10 10 7 7 7 7 2 2 9 2 9 5 5 5 9 15 5 5 5 11 15 15 15 15 10 9 1 1 10 1 11 15 11 3 3 3 7 10 7 7 7 11 15 2 2
15 15 15 12 12 12 0 0 0 0 8 1 1 1 12 14 13 13 13 13 3 13 13 7 13 13 13 13 13 13 13 13 13 13 13 13 13 13 13 13 13 7 7 7 7 7 2 2 4 2 2 4 4 4 4 4 4 4 4 4 4 10 10 10 10 10 11 11 11 11 11 11 11 11 11 11 7 7 7 7 7 11 11 10 10 10 1 1 1 1 1 11 11 11 11 11 2 2 2 2 2 6 6 2 2 2 4 4 4 4 4 5 5 5 15 0 7 10 5 10 10 12 8 10 3 3 3 8 3 11 5 15 14 8 9 3 10 7 11 7 7 11 1 6 4 9 2 2 12 9 11 6 6 10 6 6 10 0 0 9
8 11 11 11 11 11 15 8 8 8 8 8 8 8 8 8 14 15 15 15 3 4 6 8 15 8 8 8 8 8 8 9 9 9 9 9 9 9 9 9 9 14 14 14 14 14 9 9 13 8 8 9 9 9 9 9 9 11 11 11 15 9 9 3 9 9 9 9 9 9 9 9 9 9 9 9 2 2 7 2 2 0 0 1 0 0 0 0 0 5 0 8 8 5 5 0 5 5 5 15 5 4 5 4 4 4 4 4 4 4 4 7 7 7 7 7 4 4 10 10 14 4 14 10 4 4 4 4 4 4 9 4 9 4 4 11 15 9 9 8 9 3 3 7 11 3 15 11 8 8 8 8 8 9 8 8 6 6 9 6
0 9 13 13 13 13 15 9 9 9 9 9 9 1 12 12 10 10 3 10 10 3 14 14 14 14 3 3 3 15 3 3 3 3 3 3 3 3 3 3 3 5 5 5 5 5 12 12 12 10 3 7 0 0 0 0 0 0 0 0 0 0 0 0 0 7 6 6 6 6 6 14 14 5 5 5 5 5 5 5 5 14 15 2 2 2 7 4 4 4 2 3 3 3 3 3 4 4 4 4 4 0 0 0 0 0 0 0 0 7 7 4 4 15 7 7 11 10 4 4 4 8 15 3 3 11 2 2 2 7 2 11 7 7 11 2 1 10 9 1 1 10 0 0 0 0 10 2 2 2 2 0 9 0 10 1 7 7 7 7
6 15 14 14 14 14 12 12 12 12 12 11 11 11 11 11 11 11 11 3 11 13 13 13 13 4 7 7 7 7 7 0 0 0 0 0 0 0 0 0 0 4 4 10 10 10 10 10 10 10 10 11 11 11 11 11 11 11 11 11 11 11 11 11 11 11 9 9 9 11 13 2 2 15 9 9 9 9 9 9 7 9 2 11 11 4 14 14 14 9 9 9 15 2 2 2 7 7 7 7 7 0 0 0 0 0 3 3 3 3 3 7 7 7 7 7 7 7 8 8 9 4 10 2 10 4 2 10 8 2 2 2 2 10 2 2 9 7 7 7 10 7 7 7 7 12 14 7 8 7 7 11 1 4 4 12 14 10 15 15
14 14 14 14 14 14 14 14 14 14 14 14 1 1 1 1 1 1 3 3 5 5 5 0 0 0 8 8 8 8 8 8 8 8 8 3 8 8 8 8 8 6 6 6 6 8 8 8 13 13 13 13 13 13 13 13 8 8 2 2 2 1 1 1 1 3 1 1 1 1 11 4 4 4 4 4 14 14 14 14 14 0 0 0 0 0 9 9 9 9 9 15 6 15 0 0 7 6 7 6 6 6 6 6 6 6 6 6 6 6 6 0 0 0 0 0 10 10 5 5 5 10 6 11 7 7 5 10 5 5 5 11 15 5 5 5 5 12 3 15 3 12 5 12 5 12 5 11 15 12 15 7 11 0 0 12 15 3 3 3
0 13 13 13 13 13 15 14 14 14 13 8 8 8 8 1 8 8 8 8 8 8 7 8 8 8 8 8 8 8 8 6 3 3 3 3 2 2 2 2 2 4 4 4 8 8 14 2 2 12 12 12 12 2 2 2 0 0 0 0 0 0 0 0 0 0 3 3 3 3 8 8 8 8 8 8 10 10 10 10 10 9 3 3 3 3 9 9 9 9 9 2 2 2 2 2 2 4 4 4 4 4 4 4 4 4 6 6 6 6 6 6 6 6 6 6 6 6 6 6 8 6 6 6 6 11 0 13 13 6 6 6 6 6 11 6 4 11 4 4 9 4 4 4 12 4 4 11 2 11 4 4 9 4 4 4 12 4 5 5
15 8 8 8 8 8 8 8 8 8 8 8 8 8 8 8 3 3 2 9 9 6 6 6 0 6 3 13 13 13 13 14 14 14 14 14 10 10 10 10 10 15 15 8 12 12 12 12 12 12 12 2 2 2 2 13 3 11 11 11 11 13 15 1 1 1 1 1 1 1 3 3 3 3 1 14 8 8 8 8 8 8 8 8 8 8 8 0 9 9 9 4 4 4 4 4 3 3 3 3 3 3 3 3 3 3 5 5 5 5 5 5 7 7 7 7 4 10 4 4 10 10 2 2 2 12 15 2 2 2 5 5 9 5 1 10 11 10 10 7 7 4 4 10 4 4 10 7 10 7 7 9 9 7 7 9 0 10 0 0
3 13 13 13 13 13 9 9 9 9 9 10 10 10 10 5 4 1 4 8 8 0 0 0 0 0 13 13 7 3 13 13 13 13 13 13 1 1 1 1 1 1 1 1 11 11 11 11 11 11 11 11 11 11 11 13 13 13 13 13 13 9 9 9 9 9 9 9 9 6 9 9 9 3 9 9 3 3 3 3 3 9 9 9 9 9 9 9 9 9 9 1 1 1 1 11 1 1 1 1 1 6 6 6 6 6 6 6 6 6 6 0 0 0 0 0 0 0 0 8 0 10 0 0 10 0 0 0 0 0 0 0 0 9 0 0 9 4 4 9 9 0 0 9 0 9 7 10 10 10 8 3 10 10 3 10 10 3 3 3
4 9 9 9 9 9 14 14 14 14 14 13 1 1 13 1 14 2 5 5 2 2 13 13 2 2 1 1 0 0 0 1 1 5 5 5 2 2 2 2 2 2 2 2 2 2 11 11 11 5 5 11 15 4 4 4 4 4 4 4 4 6 6 6 6 6 7 7 12 7 7 6 12 1 1 1 15 6 6 6 13 3 3 3 3 3 3 3 3 3 3 3 3 3 3 3 4 4 15 1 1 11 11 11 7 0 1 1 1 1 1 1 1 1 1 1 0 0 0 8 10 4 10 10 10 4 8 1 10 1 1 10 8 9 1 10 10 0 10 10 8 7 10 9 7 7 9 9 0 9 9 10 10 10 10 10 10 9 4 9
