11 8 14 6 6 4 12 4 6 11 6 1 1 1 0 1 14 1 1 16 1 3 3 3 1 3 16 15 13 1 1 2 3 14 2 14 15 6 1 16 8 0 15 5 8 2 0 8 10 8 16 11 9 2 11 3 11 10 11 4 3 6 13 0 16 16 0 16 0 15 16 15 15 15 15 15 15 16 16 4
7 7 15 15 9 7 8 7 7 7 7 1 12 1 12 12 9 1 9 0 15 10 12 12 2 1 4 2 2 2 12 14 16 14 14 15 16 15 7 16 4 2 15 15 15 7 9 15 9 9 0 9 16 1 7 4 1 10 9 10 0 10 8 0 1 16 15 5 15 8 15 1 15 10 15 6 16 3 16 5
12 14 7 4 9 15 16 14 8 11 15 8 12 0 13 10 1 8 14 10 2 2 11 1 0 3 10 3 2 3 12 10 13 14 12 15 13 13 2 3 5 5 2 5 14 5 7 2 6 7 16 1 2 6 3 7 1 11 2 11 1 6 3 1 11 7 13 11 15 14 16 0 16 16 14 14 5 1 16 13
16 7 6 4 16 6 6 0 6 6 1 1 1 1 1 14 1 12 14 1 10 3 10 3 1 16 16 1 16 0 16 14 0 16 2 14 16 14 7 5 16 7 16 16 16 16 6 1 0 11 11 11 9 11 9 11 1 13 13 13 16 15 13 16 12 16 1 15 16 15 16 15 15 16 16 16 16 7 15 16
3 9 13 14 15 0 11 9 0 8 8 10 0 1 7 12 16 1 11 10 0 9 0 15 12 11 1 14 3 13 1 4 1 14 14 16 1 13 8 6 4 4 7 5 7 9 10 2 4 9 10 2 1 4 9 0 2 6 4 13 1 1 11 8 5 2 15 6 16 13 0 15 4 8 6 16 15 3 15 15
14 15 9 16 16 16 16 10 12 0 16 1 1 1 1 0 2 2 2 2 2 0 1 3 16 14 3 12 14 4 2 16 12 5 14 12 5 16 0 15 14 15 14 5 16 16 16 16 16 7 16 9 5 11 1 0 9 2 7 9 9 9 9 7 13 16 16 3 16 13 16 16 0 16 15 15 15 15 16 15
11 0 0 8 4 15 4 16 0 8 8 8 16 16 8 1 1 1 15 0 3 1 3 0 3 3 16 3 0 3 1 3 0 3 1 3 14 1 3 14 1 0 3 8 15 15 6 6 9 6 9 9 2 9 3 2 7 1 7 0 5 1 5 0 0 3 16 16 3 16 1 16 16 3 1 16 15 16 16 16
14 11 5 5 5 5 5 11 5 0 5 7 0 9 11 2 2 2 2 2 2 2 10 13 4 4 4 4 13 4 2 4 15 13 4 15 16 4 16 0 14 8 8 5 8 5 15 15 15 15 4 6 0 3 2 2 2 2 7 4 2 2 5 2 4 1 4 16 15 15 16 16 15 15 15 16 16 4 16 16
6 12 16 13 15 12 7 9 6 8 6 13 7 7 9 14 12 12 8 0 15 2 1 15 11 4 16 4 2 1 11 5 2 3 12 3 1 6 14 8 16 8 0 2 6 3 2 9 5 1 4 7 4 1 5 5 5 12 12 3 0 0 3 9 10 15 1 8 10 15 2 2 13 16 12 13 4 7 13 12
6 0 10 15 12 13 12 15 11 14 7 11 7 7 11 1 1 11 1 11 2 2 11 2 0 11 4 1 4 13 4 13 4 13 2 13 6 6 6 0 6 0 15 15 2 8 6 15 8 4 15 1 6 3 1 6 1 1 6 1 4 2 6 2 14 14 4 14 4 12 16 15 15 15 15 15 16 16 15 16
