16 3 9 8 5 11 20 20 14 0 0 12 0 0 0 18 20 2 0 2 0 0 0 0 10 3 19 16 3 0 14 5 14 5 18 5 16 5 16 5 16 5 2 16 3 1 2 16 1 20 16 3 7 8 1 11 9 20 11 8 0 9 11 1 0 9 9 2 0 9 4 0 0 0 3 9 1 13 9 0 0 5 19 19 19 5 20 5 20 5 20 17 19 19 19 1 19 20 20 20
4 19 16 19 14 19 0 19 19 1 1 1 1 1 1 1 1 17 14 1 9 14 9 16 15 4 4 17 4 2 1 4 1 19 4 0 19 4 6 19 0 2 4 19 7 7 7 19 4 19 19 19 4 19 19 19 0 19 19 1 19 1 19 0 14 6 1 14 3 6 14 14 2 14 1 4 4 20 19 19 20 10 1 20 1 16 19 20 19 19 3 20 3 8 20 19 20 20 19 19
7 9 19 0 0 14 16 11 12 12 19 6 14 16 17 19 14 0 20 0 0 15 3 3 14 3 12 12 14 12 20 20 4 4 20 17 0 1 14 19 19 2 17 7 5 18 20 5 20 9 9 5 9 3 0 5 2 3 0 12 19 12 7 7 3 0 0 0 5 1 0 3 8 3 0 3 5 0 6 5 6 19 19 19 20 20 0 20 5 2 19 2 19 19 20 20 20 20 20 19
20 0 12 20 18 8 17 10 17 18 16 1 16 18 2 2 2 17 2 1 16 19 11 3 11 2 16 20 11 11 15 5 5 5 4 2 19 15 6 5 6 15 6 20 6 15 16 16 15 20 20 3 5 6 17 7 7 2 0 10 5 1 8 0 3 5 2 7 10 2 7 12 13 14 2 8 13 4 4 20 19 19 2 20 13 16 20 0 13 19 0 19 17 10 6 20 16 17 8 20
17 7 5 5 18 19 10 19 8 15 12 8 10 8 8 20 8 8 2 8 8 20 10 3 0 12 0 12 14 20 5 5 19 14 1 1 5 1 7 0 17 19 17 5 5 3 17 19 17 5 17 19 17 5 3 19 19 19 0 3 12 2 20 0 0 3 0 0 14 14 0 14 0 3 0 5 12 12 0 20 20 17 20 17 2 19 17 19 20 20 1 19 20 19 19 20 20 19 19 19
8 18 18 0 20 14 13 17 14 0 8 0 0 8 1 13 1 15 1 2 2 2 2 11 3 13 3 2 3 1 3 13 3 17 3 18 20 2 3 2 20 6 18 19 18 20 18 18 18 18 8 18 18 3 5 8 6 5 10 0 8 4 6 8 1 2 1 20 1 2 13 20 20 6 3 2 3 3 0 1 3 0 3 19 19 20 20 7 20 17 20 20 11 17 20 20 20 0 19 20
17 19 19 8 20 8 13 19 8 13 1 8 1 12 8 1 12 16 14 1 18 20 3 15 3 12 3 0 17 17 5 3 2 1 5 2 2 3 0 19 3 3 19 19 7 19 1 19 20 3 17 19 19 19 20 0 5 0 19 9 9 12 12 12 20 4 12 3 14 14 14 7 14 3 14 12 14 14 6 14 20 20 4 20 9 2 20 3 20 15 7 17 20 19 19 19 20 20 20 19
7 10 0 20 15 17 15 17 8 15 7 13 18 8 1 12 20 1 12 20 12 0 17 18 4 13 4 2 15 16 17 2 19 5 19 19 15 5 17 19 3 15 3 1 1 4 17 3 5 5 5 2 17 7 10 20 2 0 7 1 5 1 19 12 1 12 20 1 3 14 4 12 2 14 0 14 11 13 11 12 16 20 20 5 20 12 20 20 17 19 2 19 19 14 20 10 12 19 5 20
18 19 18 7 15 17 0 14 17 7 1 17 1 0 9 15 1 12 17 13 0 20 1 20 1 15 2 14 18 19 20 14 17 19 18 14 4 18 17 7 6 3 7 19 9 17 19 0 4 20 0 10 11 18 3 12 0 7 12 20 2 10 20 7 0 8 0 9 11 11 15 17 17 8 19 19 19 20 20 19 19 12 19 18 20 9 20 17 19 20 8 19 17 19 20 17 6 20 20 3
3 7 3 10 5 0 5 11 19 16 12 14 13 19 9 14 2 2 2 2 12 0 14 14 2 14 4 4 12 4 15 3 15 4 6 4 4 19 4 17 15 19 19 18 4 18 9 9 3 9 3 5 3 5 5 0 5 0 19 3 3 5 5 3 19 3 2 2 2 2 8 0 1 8 2 0 4 4 11 10 5 4 4 14 20 19 17 19 4 0 19 3 19 20 19 20 19 20 19 19
