21 9 0 0 9 18 16 23 23 23 11 1 9 9 1 9 9 11 13 1 2 0 0 13 4 0 4 24 4 4 1 4 23 2 23 6 4 24 6 0 23 1 24 24 21 4 21 6 21 23 21 19 23 23 23 21 23 2 12 23 21 4 0 0 2 23 1 23 23 23 16 8 16 15 4 16 5 15 2 12 6 0 16 5 18 0 4 14 14 4 1 24 23 16 23 16 24 24 6 24 14 24 16 8 1 23 23 6 24 23 24 24 24 24 0 22 24 21 23 23
20 21 23 10 10 23 0 24 23 13 1 1 1 1 0 16 2 1 2 16 18 3 3 18 4 4 4 24 4 0 2 6 3 0 6 15 4 15 19 6 6 21 6 6 17 7 4 8 23 8 22 10 3 22 20 12 10 23 1 12 20 5 23 10 5 0 0 2 23 10 8 2 24 10 8 0 10 8 2 10 3 10 3 3 4 4 8 8 5 0 14 1 24 23 6 15 15 24 12 24 6 24 24 6 3 7 24 8 23 8 23 23 24 24 23 24 23 24 23 24
7 0 0 0 14 0 14 23 14 19 14 24 17 1 1 2 2 1 2 20 1 22 3 0 20 2 2 4 19 4 4 4 1 4 19 4 23 0 4 23 21 4 23 4 23 21 4 23 0 24 9 4 2 3 4 3 4 7 4 7 7 0 0 0 2 0 4 0 6 0 14 10 10 8 10 6 4 4 2 8 1 10 3 3 5 2 3 3 5 4 0 4 0 10 24 0 23 4 22 23 21 24 21 20 23 22 4 21 0 9 23 24 23 3 23 23 24 24 24 23
7 12 24 14 22 11 24 15 24 0 15 24 18 14 17 22 12 18 12 14 12 24 12 19 12 12 18 14 4 14 3 3 0 22 2 7 7 7 0 7 0 20 22 23 7 9 20 2 3 2 20 7 20 24 24 20 7 24 2 6 7 6 24 7 22 4 24 8 24 8 15 3 24 0 9 8 11 0 24 24 11 24 3 4 13 13 5 13 4 0 3 3 0 1 23 24 21 23 17 21 23 21 1 24 4 14 24 15 3 20 23 21 23 23 21 24 7 24 2 24
21 16 24 22 0 0 13 0 22 12 0 23 0 22 1 21 18 1 21 10 2 2 10 2 24 21 17 2 20 20 4 2 2 24 15 2 24 22 2 7 7 23 7 2 0 0 3 3 23 3 8 8 0 23 8 2 2 4 4 6 21 6 4 6 0 0 6 0 6 2 0 4 4 1 3 1 2 1 3 2 2 2 0 5 5 0 0 2 3 4 0 2 2 0 9 24 24 16 24 16 7 1 7 2 23 0 3 22 2 24 8 23 23 23 23 24 0 24 4 23
23 23 9 19 8 0 0 9 12 17 1 24 1 12 9 1 14 20 12 24 3 3 14 3 20 14 20 12 2 6 4 6 0 0 6 0 22 14 2 7 23 23 6 0 22 1 7 0 9 18 18 5 0 0 2 18 24 7 5 8 12 11 1 11 13 3 5 11 2 15 15 3 12 7 23 13 15 13 2 7 7 14 13 1 12 8 17 12 20 4 8 7 22 19 23 5 23 0 23 19 24 23 19 23 4 23 24 23 19 6 23 3 2 9 23 15 0 6 11 12
5 9 23 11 13 11 11 23 23 23 12 14 1 10 1 2 17 2 8 10 12 2 10 10 18 10 10 10 10 12 23 14 5 12 12 12 12 4 5 7 14 7 21 24 24 16 9 6 9 23 0 11 7 11 21 6 19 9 19 11 13 21 23 13 21 7 11 23 23 23 11 9 10 10 24 16 24 5 8 11 12 8 6 10 0 10 10 5 8 24 23 5 23 21 24 24 4 0 23 7 4 23 23 24 24 24 23 16 23 18 24 24 7 23 22 24 12 23 23 23
12 7 12 12 21 23 12 0 14 15 13 14 13 24 13 13 18 2 19 2 13 11 24 20 15 11 4 13 4 4 4 13 21 19 5 17 2 6 6 6 17 6 8 17 8 6 17 8 17 6 19 23 23 23 5 23 5 24 6 23 12 21 8 12 21 23 12 12 14 5 1 12 24 24 24 3 12 10 4 8 3 7 1 18 2 18 8 3 13 14 4 13 14 23 23 23 24 21 23 6 24 24 8 23 23 23 21 23 17 23 21 23 4 23 19 23 5 24 24 6
11 13 23 13 12 13 13 10 10 12 14 21 10 10 24 10 12 10 1 12 0 1 21 24 1 1 22 18 2 5 5 5 4 5 4 3 7 7 2 5 7 20 3 20 22 5 1 0 24 22 5 3 22 24 1 24 24 24 24 5 24 13 4 13 9 13 1 9 9 6 13 6 10 7 11 10 5 11 1 1 0 1 2 11 7 1 1 15 9 5 5 11 0 9 24 24 24 21 7 23 13 2 23 21 23 5 1 12 23 10 5 23 23 24 19 24 2 24 23 24
10 8 4 9 20 4 21 14 24 1 13 1 23 15 23 1 14 0 0 24 1 0 1 11 20 14 4 2 18 2 14 2 20 24 21 2 21 24 14 0 2 21 20 7 23 7 7 4 23 20 7 24 7 20 9 18 9 9 20 0 5 8 8 9 7 7 21 0 13 1 13 23 23 13 23 0 11 1 13 24 10 0 1 11 11 4 7 2 0 11 1 11 1 24 24 2 11 24 7 2 24 24 3 7 23 24 23 23 23 24 1 24 7 23 23 24 24 22 24 8
