14 0 8 24 24 26 26 28 12 27 16 0 28 24 28 1 28 28 1 3 21 3 12 3 3 3 3 3 3 21 3 21 1 27 24 24 3 7 6 28 7 9 27 23 9 7 27 1 19 0 28 26 11 28 7 21 21 12 21 28 1 12 0 26 7 26 28 2 26 24 14 16 8 16 24 26 16 28 12 2 14 0 11 1 28 13 28 28 1 15 19 4 21 3 17 21 3 21 18 21 3 21 20 3 2 22 28 28 7 28 24 28 27 26 27 17 27 22 27 24 27 28 26 27 23 21 27 16 27 25 27 22 27 27 27 26 28 2 28 28
27 15 10 12 15 27 11 27 20 0 27 8 10 25 10 21 2 14 28 2 25 0 20 0 3 3 3 3 12 3 3 3 1 20 3 18 20 26 16 20 16 3 16 18 20 18 2 27 18 20 4 20 6 6 28 11 11 1 11 28 27 11 28 10 10 11 6 1 7 0 27 15 9 13 15 27 11 27 13 0 27 8 27 10 27 5 2 3 28 2 4 28 2 0 9 3 3 22 0 22 3 5 0 18 18 18 20 1 28 27 4 27 25 27 7 28 1 28 25 28 4 28 6 6 28 26 27 1 3 27 27 28 28 10 27 28 28 28 27 0
17 27 15 27 15 18 18 26 25 18 14 15 9 17 1 0 1 23 18 1 20 1 1 0 20 23 20 1 0 22 4 22 27 20 1 2 23 2 2 7 2 26 28 28 28 1 4 28 27 28 27 4 27 27 27 27 27 2 9 27 9 27 9 13 27 9 13 7 27 5 13 27 15 27 15 27 9 27 25 27 11 15 17 13 14 0 1 14 4 5 15 1 20 0 20 12 20 1 0 6 4 22 2 22 4 20 13 7 2 7 28 28 28 28 28 1 3 28 27 0 27 27 27 28 9 28 6 2 9 27 9 28 28 28 28 6 28 7 1 5
27 15 4 15 24 15 20 0 16 6 12 14 27 1 14 23 14 21 28 10 28 16 3 1 18 17 21 1 1 26 27 5 19 0 24 1 7 20 22 27 26 17 9 7 9 9 9 27 3 1 5 22 7 26 27 0 20 27 12 0 28 7 12 27 26 28 28 28 24 26 27 15 4 28 24 15 26 6 1 11 27 3 27 0 11 9 28 1 28 11 28 0 3 28 7 9 21 11 1 5 4 5 5 3 17 15 7 7 28 17 17 28 23 25 28 23 23 27 3 27 27 0 7 21 27 13 5 27 21 27 28 27 28 27 27 28 28 28 27 28
23 9 26 23 12 4 27 24 17 27 13 25 10 1 1 18 1 8 18 1 17 12 22 16 1 3 0 12 5 5 3 5 0 20 23 5 2 22 21 19 23 3 7 28 22 25 25 7 9 3 25 27 27 28 7 19 27 3 27 5 25 11 28 28 28 9 3 28 28 0 23 9 26 4 7 27 27 28 0 5 4 25 4 1 1 2 1 8 0 1 28 18 6 11 1 3 0 4 5 5 10 5 14 16 7 5 16 16 3 1 0 3 28 28 28 17 28 10 28 25 7 27 27 19 27 25 28 24 27 11 28 23 28 28 28 28 3 28 28 28
15 26 15 28 26 11 14 26 19 26 1 27 1 27 16 16 2 19 0 3 26 3 0 21 3 21 28 1 3 24 28 24 22 25 1 28 22 7 1 5 7 20 24 22 20 27 20 22 20 26 20 9 27 28 27 12 7 26 24 12 5 12 26 24 1 13 15 24 26 24 9 13 15 28 26 8 26 26 26 26 10 27 19 27 16 16 19 28 15 21 17 21 19 13 3 21 11 15 3 2 1 9 18 17 18 28 27 19 28 14 28 25 28 28 1 3 23 27 27 28 27 9 27 27 27 27 0 27 21 27 5 27 6 28 28 28 28 24 27 24
15 0 0 24 0 26 12 0 6 6 0 14 27 20 10 15 10 27 10 19 10 0 0 3 24 3 19 3 28 3 3 2 17 3 5 2 5 25 17 28 19 17 17 5 17 21 7 17 9 26 23 5 19 19 19 23 1 4 7 4 28 5 27 27 10 14 26 14 24 28 14 0 26 24 0 26 2 0 26 28 0 27 27 27 13 13 28 14 12 12 10 10 10 3 6 3 14 3 4 3 14 14 3 28 28 1 28 25 2 27 8 27 23 28 8 28 25 28 23 27 19 5 27 19 28 28 21 27 7 4 27 5 28 27 27 4 28 14 28 28
11 9 9 24 26 24 18 26 18 27 16 19 21 18 18 17 13 14 13 23 2 14 28 26 26 0 28 24 20 5 3 0 5 24 20 0 20 23 28 23 8 1 16 8 21 27 23 8 4 10 8 21 6 23 21 8 6 21 2 13 21 4 13 23 6 27 23 27 2 27 0 24 0 16 26 24 18 26 18 27 1 4 5 4 27 4 27 2 27 1 10 2 5 5 14 0 3 8 2 4 3 0 5 28 27 9 11 27 2 14 27 1 28 28 27 27 5 27 4 18 27 7 27 28 27 27 6 28 2 26 28 25 28 27 28 28 10 27 2 27
27 14 25 16 25 15 27 25 16 25 1 1 28 1 18 1 19 1 1 17 1 22 1 15 27 4 4 13 4 15 2 13 15 22 19 2 23 15 7 5 19 25 25 5 17 19 3 5 2 19 10 23 19 6 3 27 28 6 25 27 12 21 21 21 6 2 25 14 27 25 25 14 25 5 25 7 8 25 7 0 25 1 28 1 8 10 1 1 4 6 8 7 1 0 3 4 4 6 20 2 6 6 5 5 3 10 12 18 7 5 28 28 25 28 25 23 27 25 27 27 8 25 27 14 25 27 3 25 25 27 12 23 25 27 7 0 27 10 27 4
8 8 14 6 13 13 10 9 0 26 1 13 1 13 1 1 1 15 1 17 26 1 17 28 1 28 1 4 24 21 17 21 18 17 19 19 0 1 22 28 3 22 6 27 19 23 24 0 24 23 24 27 27 1 5 26 8 24 1 26 11 24 11 22 24 27 28 24 26 9 14 24 12 24 28 11 13 6 15 26 14 14 26 11 1 1 19 3 19 17 2 19 17 21 21 21 10 21 0 21 1 19 1 21 16 5 4 10 15 28 28 15 28 17 9 23 27 18 14 27 25 27 25 28 28 5 8 27 27 26 27 28 27 27 28 28 4 28 8 5
