14 19 14 19 17 19 29 19 12 31 1 16 1 25 31 1 20 16 17 1 22 12 3 20 3 25 1 4 20 24 5 14 25 5 26 30 2 2 7 26 30 7 32 32 1 4 4 1 3 31 5 31 31 11 7 11 9 24 11 5 0 31 2 2 24 31 26 0 24 31 31 32 31 32 7 31 0 27 0 5 2 7 31 19 17 19 29 19 15 31 15 15 31 13 31 6 5 31 17 31 12 13 15 13 3 12 13 4 26 16 26 14 7 24 26 0 2 2 22 32 2 32 11 32 22 32 32 1 7 31 31 32 31 11 7 31 20 24 31 21 9 31 2 28 31 30 31 31 32 31 32 32 0 32 31 31 0 32 21 31
0 29 8 0 32 10 32 23 13 6 10 0 1 30 1 0 21 27 29 3 3 3 3 2 3 15 5 3 5 15 32 5 3 2 5 29 25 2 3 29 2 31 27 27 10 3 10 1 30 32 10 3 1 0 31 30 31 28 10 4 31 31 31 15 4 15 4 32 15 3 32 2 6 6 32 4 1 32 4 32 0 32 6 2 32 1 32 9 32 5 6 0 9 12 6 2 11 8 14 3 7 12 3 5 25 15 14 3 25 17 20 14 19 2 5 3 23 32 32 5 29 32 23 22 10 31 27 27 31 19 31 23 25 12 31 17 31 0 31 4 31 29 31 31 2 31 15 3 31 3 5 31 6 1 31 27 32 32 29 32
32 32 20 15 19 12 28 12 17 25 9 17 27 32 31 1 15 23 26 3 0 3 0 32 15 28 24 32 4 13 6 4 25 31 32 18 21 1 7 25 5 29 18 24 32 4 31 27 1 27 24 7 2 2 31 31 11 2 5 26 31 7 6 5 5 8 9 0 2 11 28 31 3 9 32 15 13 4 15 14 6 2 27 13 30 18 19 17 13 30 5 17 20 11 32 30 22 3 6 3 12 11 0 32 19 9 23 9 19 12 13 25 1 1 24 1 21 14 21 8 1 32 31 2 32 21 32 16 2 31 25 6 27 31 22 25 31 30 31 31 0 31 32 31 30 31 25 6 31 7 31 5 1 30 22 15 29 3 13 9
26 30 29 28 12 8 10 19 8 28 13 8 25 8 1 8 1 10 23 1 1 23 27 31 31 3 3 3 2 1 3 5 23 5 15 5 5 5 15 3 5 17 2 5 0 32 17 28 17 3 19 31 31 28 2 10 3 28 26 12 21 12 21 12 32 28 14 24 14 26 5 24 14 3 6 26 28 26 26 32 26 30 26 28 10 10 28 19 28 28 28 32 21 8 30 8 30 19 21 23 31 23 0 31 23 3 25 3 23 9 21 23 12 7 23 5 8 21 23 32 32 32 21 5 31 19 1 21 31 18 31 2 31 22 31 6 24 27 31 26 16 31 32 32 2 32 0 24 31 26 31 32 14 31 12 31 6 31 26 32
17 26 9 17 15 17 23 21 13 14 0 16 1 15 1 19 2 0 2 20 25 19 2 23 23 1 24 23 28 2 23 5 0 1 29 5 15 3 17 15 5 0 26 1 31 5 30 26 24 1 3 30 5 0 26 10 31 31 24 28 12 22 22 12 22 10 8 24 30 5 32 0 3 4 3 4 32 6 8 17 17 17 17 17 7 17 9 1 10 11 0 13 17 15 1 6 13 15 15 6 4 14 23 23 2 23 0 17 16 19 18 5 12 21 20 8 15 10 22 27 26 25 24 0 31 31 30 5 32 1 3 31 31 17 12 31 17 31 31 29 32 31 31 31 32 32 0 9 6 31 28 32 31 27 32 11 32 6 8 31
24 19 31 16 31 11 17 31 31 31 0 31 0 24 19 31 19 29 18 21 21 21 22 0 1 19 21 1 4 26 14 4 1 31 19 4 4 26 4 27 0 2 4 22 22 32 26 31 32 9 2 9 24 26 9 31 9 30 3 0 3 12 12 31 12 5 28 28 7 30 5 3 10 0 3 5 3 3 8 0 8 31 31 6 31 31 17 1 4 31 0 5 10 6 29 31 1 8 2 5 6 21 7 3 21 10 3 7 4 4 13 4 17 0 26 26 4 26 4 0 0 2 4 19 10 32 18 31 16 9 24 31 30 23 9 31 31 29 31 10 28 31 12 31 32 32 32 29 25 31 29 2 10 31 15 2 3 31 8 0
31 8 17 18 6 0 18 13 12 16 18 0 18 1 25 18 1 19 18 23 31 1 3 16 1 1 24 29 24 16 14 5 28 5 14 22 14 18 14 16 6 14 31 29 31 5 0 6 9 32 29 25 29 7 11 11 29 11 31 1 9 13 10 15 15 6 23 15 13 27 10 25 17 17 29 17 7 32 27 32 31 8 17 18 29 18 18 20 20 29 18 0 18 1 22 4 22 19 7 22 31 11 16 17 0 17 24 4 24 9 11 5 3 8 0 17 26 3 8 16 16 31 31 29 30 5 32 18 22 22 29 11 31 11 11 31 22 31 31 0 31 13 31 32 31 6 8 31 1 27 32 32 17 17 29 31 9 32 31 32
31 15 25 18 29 10 30 10 32 15 1 18 1 20 2 2 14 2 29 23 22 2 12 3 28 12 3 12 3 19 27 17 3 2 2 19 26 0 2 2 7 7 17 7 17 5 27 7 9 1 28 5 3 7 28 1 32 24 5 7 1 30 24 31 22 31 24 22 2 31 24 26 29 24 24 31 27 8 26 1 3 32 31 2 29 9 9 29 32 12 8 12 7 6 2 30 15 32 30 15 12 13 12 3 13 15 3 1 7 12 15 14 15 2 2 15 10 15 16 1 32 31 19 32 29 32 25 24 31 23 28 31 31 27 31 31 32 31 24 31 12 1 31 1 12 31 31 31 27 31 27 31 29 31 24 0 32 32 29 1
11 26 21 19 30 30 28 30 30 14 32 30 15 32 2 2 2 28 2 28 32 26 2 21 19 16 0 32 3 14 0 14 5 26 5 31 0 21 1 6 0 6 6 1 32 6 27 1 0 29 29 26 1 1 11 29 9 2 26 11 30 9 27 7 5 9 32 9 2 7 28 5 28 32 7 25 25 5 30 0 32 30 30 4 30 30 28 30 9 9 8 30 1 2 13 2 13 13 2 9 13 10 32 13 6 13 13 18 18 14 0 14 5 6 5 19 21 21 21 6 18 6 19 17 32 6 20 32 4 32 6 12 1 31 11 8 31 31 24 26 31 28 32 32 30 9 32 17 30 7 32 5 25 32 1 32 25 31 31 0
17 0 10 15 28 19 12 10 15 8 17 28 21 8 1 0 1 0 12 0 2 1 2 21 25 32 0 3 13 32 22 21 15 3 1 5 26 22 2 3 22 32 25 27 24 31 32 3 27 32 32 27 29 20 27 31 2 29 3 31 3 12 1 28 3 28 4 30 14 28 29 0 24 26 24 24 28 17 17 29 17 29 8 10 12 28 12 10 19 9 9 14 21 21 15 21 31 15 8 6 21 31 2 17 5 32 0 3 8 32 10 32 8 6 12 16 19 16 5 20 20 32 31 23 32 32 23 31 19 32 32 32 29 31 10 0 31 29 32 31 32 32 32 32 8 31 4 31 14 31 31 0 32 7 31 31 2 31 32 13
