15 8 8 8 8 8 8 8 0 0 0 8 8 8 8 8 2 2 8 8 2 8 0 0 0 0 11 11 11 11 11 10 10 10 10 10 0 0 0 0 0 0 0 0 0 0 7 7 7 7 7 7 7 7 7 7 7 7 7 7 7 11 10 4 11 11 4 11 4 11 11 6 11 11 11 6 11 12 8 11
14 9 9 9 9 0 0 0 12 0 0 9 9 0 0 0 9 9 2 9 9 9 9 9 9 9 9 9 9 11 9 9 9 9 6 6 6 6 6 6 6 3 3 3 3 3 7 7 7 7 7 7 7 7 7 7 7 7 7 11 11 11 11 11 7 7 3 3 11 3 3 11 2 11 11 10 11 2 2 2
13 13 13 13 13 13 12 12 12 13 13 1 1 1 13 13 12 12 0 0 0 6 6 12 12 12 12 12 13 13 13 13 13 13 13 13 3 3 3 3 3 0 0 0 0 0 0 0 0 0 0 0 0 1 1 1 1 1 1 1 1 8 1 1 10 1 10 1 10 10 1 1 1 11 11 1 10 1 1 10
11 12 12 12 12 12 12 12 12 12 12 12 15 15 12 12 12 12 12 12 12 9 7 9 9 9 9 9 9 9 9 9 7 9 7 7 7 7 7 7 7 7 7 7 15 7 15 15 15 15 15 5 5 5 5 5 5 5 5 5 5 10 11 5 10 10 10 5 11 5 11 11 5 5 11 11 10 10 10 10
0 15 12 12 12 12 15 10 10 10 10 14 14 14 14 15 0 3 3 3 3 9 9 5 8 8 8 8 8 4 4 15 15 15 15 15 15 15 15 15 15 15 15 15 15 15 15 15 15 7 7 6 6 6 7 15 6 15 15 15 15 11 10 15 11 11 15 11 3 3 4 10 3 10 10 3 10 10 4 10
0 15 6 6 6 6 6 12 12 12 12 12 12 12 12 12 12 12 12 12 12 12 13 13 13 13 13 13 5 5 5 5 5 5 5 5 7 7 7 7 7 7 7 7 7 15 2 15 2 2 2 2 2 2 2 2 2 2 2 2 2 2 6 15 6 10 11 15 10 10 10 10 10 15 4 10 11 4 10 4
8 8 8 0 0 0 0 10 10 10 10 0 10 10 10 0 10 10 2 2 2 14 2 2 2 2 2 14 14 14 14 10 10 10 10 10 2 2 2 2 2 1 4 4 4 4 1 1 1 1 1 1 1 1 1 1 6 6 6 6 6 6 14 11 6 7 11 7 7 7 11 15 15 15 11 11 15 10 10 15
15 10 10 10 10 10 11 11 11 11 11 15 15 1 11 11 14 11 11 11 14 6 6 6 7 6 6 6 6 6 6 5 8 5 8 11 11 3 5 3 3 2 2 2 2 2 6 6 6 6 6 6 6 6 6 6 6 6 6 6 6 15 8 10 8 8 11 0 11 0 11 11 0 0 0 11 11 11 11 11
15 13 13 8 8 8 8 8 8 8 8 8 11 8 8 13 13 13 13 13 13 13 7 13 13 13 13 13 13 13 13 13 13 13 7 7 7 7 7 7 7 7 7 7 4 4 3 3 3 3 3 2 2 2 7 7 3 3 3 3 3 10 11 3 10 6 11 6 6 3 3 14 9 0 10 3 14 11 3 3
0 15 12 9 9 14 14 10 10 10 10 10 10 10 10 1 3 3 3 9 9 14 14 4 4 14 10 10 10 10 10 14 14 14 14 7 7 7 7 7 7 7 7 7 7 7 7 7 7 7 7 7 7 7 7 7 7 7 7 7 11 10 6 6 10 6 11 6 10 12 6 6 10 10 6 6 10 10 6 10
