6 6 6 11 11 11 11 26 26 26 26 26 15 1 1 1 11 11 11 2 11 11 11 14 14 14 24 24 4 24 24 24 24 24 24 24 24 24 24 24 24 24 24 24 24 24 24 24 30 30 30 5 5 5 5 5 11 5 5 5 5 5 5 26 26 26 27 27 27 5 4 4 4 16 4 4 16 4 4 30 30 30 30 30 30 30 10 18 3 3 12 3 3 3 3 3 5 11 11 11 11 11 11 10 10 10 10 10 10 10 10 10 10 10 10 10 23 23 31 15 15 29 10 10 31 10 29 11 31 23 23 23 11 11 29 11 31 15 23 15 15 15 31 15 15 15 20 0 31 0 0 31 11 11 11 1 31 29 6 11
20 5 28 30 30 30 30 30 30 30 10 28 28 0 0 0 28 28 2 28 28 28 28 28 0 0 0 1 32 32 4 5 5 27 27 1 1 1 1 1 1 1 1 1 1 1 1 26 1 1 1 21 21 1 1 1 1 1 1 1 1 1 1 1 1 14 14 14 14 14 7 7 7 14 14 14 16 0 0 27 16 14 14 14 14 14 8 8 8 8 8 14 8 8 8 8 8 8 8 14 14 14 11 11 11 11 8 8 10 10 10 10 21 21 21 1 10 10 31 10 21 31 29 31 21 21 26 26 21 31 21 21 21 27 29 16 31 26 26 15 26 29 14 31 23 21 26 31 31 23 27 26 26 26 26 26 31 26 29 27
0 22 22 27 22 27 27 27 27 27 27 27 27 1 1 1 22 22 22 22 32 21 3 3 27 27 21 21 21 21 21 21 5 26 26 26 27 27 27 27 27 27 27 27 27 27 27 27 27 27 22 22 22 3 3 3 11 11 11 11 9 9 27 27 27 27 27 27 27 27 27 27 27 27 27 10 10 8 8 10 10 10 10 10 10 10 10 10 15 15 15 2 15 15 15 15 15 15 15 15 15 10 10 15 15 15 15 15 15 3 3 14 14 14 14 14 14 14 26 26 26 29 8 31 31 29 11 11 11 11 4 4 4 29 8 31 29 12 12 29 29 8 8 31 29 29 29 12 29 29 31 31 23 23 29 23 23 31 31 23
32 16 16 16 16 16 16 16 32 21 26 26 13 29 1 26 32 32 24 26 18 18 18 18 18 18 18 19 19 19 19 19 16 16 16 0 23 24 19 19 19 19 19 19 19 19 2 8 5 5 5 5 4 11 11 11 12 12 12 12 12 12 12 12 12 14 14 14 14 14 14 14 14 5 1 4 4 4 4 4 4 4 8 8 8 8 8 8 8 8 8 8 8 8 8 8 11 10 11 11 8 10 10 10 10 10 10 10 6 6 6 6 16 16 16 16 16 14 16 16 29 16 16 16 16 16 31 16 16 29 11 31 16 16 16 16 16 17 4 4 4 29 31 17 17 17 20 29 11 29 29 29 29 31 11 20 29 20 29 31
27 27 27 27 27 13 27 29 29 29 29 27 27 27 27 1 27 27 27 20 20 14 27 3 14 14 1 1 1 1 1 29 29 29 27 27 17 17 17 18 18 18 18 18 8 8 8 8 8 8 8 8 8 8 8 9 24 9 9 9 0 0 0 0 0 0 0 0 13 13 13 13 13 13 13 13 13 13 13 16 8 12 17 17 13 17 17 4 0 0 12 12 12 12 12 12 12 12 12 12 12 12 12 12 12 12 12 0 16 16 16 16 0 0 0 0 0 0 0 0 0 31 31 27 29 29 5 31 31 19 16 16 17 17 17 17 27 27 31 15 7 29 28 31 15 15 26 26 26 9 31 26 26 26 31 26 31 26 26 23
27 27 27 27 27 27 27 27 27 27 27 24 24 24 24 24 24 24 24 24 24 24 24 3 2 24 24 24 24 24 24 21 21 5 3 3 21 21 21 21 21 21 21 21 21 21 21 21 21 21 21 9 9 9 9 9 9 9 12 12 12 6 6 6 6 6 6 6 6 6 6 8 8 8 8 13 4 4 4 4 4 4 18 4 18 4 13 13 19 19 19 16 16 16 16 16 14 14 14 14 14 9 9 9 9 16 9 19 19 9 9 18 18 18 3 3 3 3 3 18 18 31 29 31 3 18 3 29 31 3 3 4 4 29 31 3 7 7 7 31 4 4 4 29 4 31 29 29 7 29 31 18 28 28 31 25 16 31 0 0
27 8 8 8 8 8 7 18 18 18 21 12 12 12 10 10 10 10 2 2 2 2 2 2 2 2 2 30 30 30 30 31 31 31 31 16 16 30 19 19 19 19 26 26 8 26 26 26 26 26 26 10 10 30 30 30 30 30 30 30 30 30 30 30 30 30 30 30 30 30 30 7 7 7 7 10 11 11 11 11 11 30 30 30 30 1 1 1 1 1 1 5 5 5 5 5 20 20 20 20 20 20 7 7 7 7 7 7 7 7 7 10 10 10 10 7 7 7 7 7 31 27 29 31 7 7 7 7 3 31 28 28 7 3 3 31 28 28 3 27 3 29 31 22 22 22 22 22 22 28 31 22 22 22 22 22 13 31 9 22
14 20 20 20 20 20 20 20 20 20 26 14 14 14 14 14 19 19 2 14 2 12 12 12 3 20 20 20 20 25 5 5 5 5 31 31 20 20 20 5 31 27 27 27 27 27 27 27 27 27 27 27 27 1 1 11 11 11 11 11 11 11 1 1 11 11 11 11 11 11 11 11 11 11 11 11 15 15 11 11 11 11 11 11 11 11 11 12 12 20 18 20 16 16 10 10 8 8 8 8 8 8 8 6 6 6 6 6 6 16 16 14 14 14 14 14 31 31 2 25 29 26 27 24 24 31 29 16 16 16 16 31 29 26 26 26 26 31 29 29 13 29 25 29 3 3 31 25 25 25 3 29 23 3 31 3 3 13 3 3
14 8 8 8 14 14 8 8 8 8 8 8 14 14 14 0 2 2 2 2 2 2 2 2 2 2 0 0 0 0 0 1 13 29 29 29 29 6 29 29 19 19 19 19 19 19 8 8 29 29 4 4 4 4 4 4 4 4 4 4 4 25 25 25 13 32 13 4 32 32 32 32 32 32 3 3 29 29 29 29 29 18 18 18 18 18 16 16 16 16 14 3 3 3 3 3 9 9 3 3 3 3 3 3 3 3 23 8 21 23 23 8 8 8 12 12 23 23 23 27 23 23 29 23 31 23 3 3 3 31 3 12 29 12 12 12 31 23 2 29 3 3 2 20 31 2 2 23 23 23 23 31 2 2 0 31 23 23 23 23
11 11 11 11 11 11 11 11 11 11 11 11 24 24 24 21 21 21 21 2 21 25 25 23 23 23 0 0 0 0 0 0 0 0 20 20 20 20 20 25 0 0 8 8 8 25 25 25 25 25 25 25 10 10 2 2 2 2 2 9 9 27 27 26 26 5 5 5 5 5 10 10 16 16 16 16 16 16 16 16 30 12 30 30 12 30 30 30 10 10 10 5 5 5 5 5 5 10 10 10 13 20 5 5 5 5 5 5 9 9 9 3 3 3 3 3 3 3 3 3 3 29 3 3 31 3 3 29 3 3 3 7 29 31 15 15 3 3 3 3 29 3 29 31 15 15 15 3 3 3 3 3 3 31 3 3 3 3 25 29
