14 14 9 11 13 11 11 11 10 11 11 12 11 1 1 1 1 1 3 2 5 7 4 14 5 6 10 13 2 12 3 10 12 2 14 10 0 2 12 9 14 14 2 11 11 4 0 11 2 11 11 7 15 3 2 15 15 3 3 2 15 7 4 1 14 9 10 12 12 11 10 10 10 11 9 10 9 9 12 11
10 8 9 0 0 11 14 12 9 10 0 14 11 1 0 1 15 1 1 13 15 3 13 11 0 7 9 15 5 11 9 13 3 13 6 7 0 14 5 14 14 5 15 3 0 11 6 15 11 5 4 7 6 6 7 1 4 1 15 15 15 3 15 8 10 7 10 3 12 11 9 9 9 9 9 10 10 10 10 12
0 9 9 13 15 11 11 14 8 11 0 9 14 1 15 0 2 8 2 2 3 2 8 10 10 8 8 1 10 10 15 2 2 0 2 12 8 14 10 1 0 7 9 13 5 11 11 11 11 11 15 7 4 1 15 0 2 5 2 2 3 5 11 10 10 11 3 12 11 10 11 10 10 11 10 12 11 10 12 12
14 14 15 15 9 11 15 15 0 11 0 0 10 15 15 1 11 0 3 2 3 1 0 7 7 7 11 4 9 9 1 3 15 11 3 0 2 12 10 14 14 14 9 13 9 3 11 1 3 11 7 11 11 15 15 1 15 2 0 2 15 1 15 7 15 9 10 11 10 11 11 12 12 9 11 12 10 10 10 12
8 14 12 8 12 15 15 15 11 0 13 15 0 9 9 15 15 3 15 2 11 7 6 8 7 1 10 1 2 9 9 2 9 2 0 15 13 13 0 14 8 10 12 8 1 4 0 0 11 1 11 15 4 7 7 15 15 3 0 5 3 7 15 6 7 9 10 12 10 10 11 10 10 11 11 10 12 9 12 11
7 7 0 13 12 0 0 11 15 11 15 0 15 0 1 15 1 15 0 13 6 4 5 5 4 9 3 2 9 3 9 2 1 2 2 2 3 2 14 3 1 0 2 3 3 1 0 11 0 1 3 1 15 0 1 15 1 15 0 15 6 4 5 5 12 11 10 11 11 11 10 11 10 11 10 11 9 12 10 12
11 9 13 9 13 8 8 15 0 10 13 1 1 0 1 0 12 1 13 3 15 3 6 4 5 13 7 6 13 9 9 11 9 9 11 9 11 3 11 3 11 13 13 13 13 13 2 2 0 3 2 0 1 0 1 0 1 1 3 3 2 3 6 10 10 10 11 10 11 10 11 10 11 10 11 9 12 9 10 12
0 11 9 11 15 15 13 9 9 0 0 8 15 15 11 15 10 1 11 13 10 5 6 3 7 10 15 8 10 9 9 2 9 13 13 2 2 11 0 10 4 15 4 11 11 7 13 9 7 4 15 3 2 4 6 1 0 15 2 5 6 5 6 3 11 10 15 9 10 10 10 11 10 12 10 12 11 11 10 12
0 9 13 0 9 9 9 11 0 12 12 11 1 1 1 1 9 11 0 13 3 4 6 9 11 5 9 3 3 9 9 4 11 6 2 7 14 11 4 1 9 4 13 1 9 11 2 11 0 5 0 2 1 1 3 1 15 15 15 15 3 4 10 11 11 11 11 10 11 10 12 10 11 11 9 10 12 11 12 12
9 10 0 9 15 9 15 0 15 14 11 11 15 1 9 1 15 9 15 15 0 0 12 3 8 10 8 10 10 12 3 2 12 2 15 8 2 14 14 10 9 2 0 9 11 9 15 3 11 11 11 11 0 2 0 1 15 0 0 15 0 0 0 14 10 10 10 11 10 11 10 10 11 11 10 11 11 11 10 12
