13 13 11 14 0 15 8 11 9 15 13 1 1 1 0 0 11 3 3 7 4 6 5 5 15 3 2 1 2 2 15 3 3 10 2 3 3 3 10 1 3 14 14 10 2 12 3 10 2 12 10 12 1 12 3 10 10 14 3 10 4 12 12 9 15 15 9 9 15 2 13 13 15 3 0 4 6 11 11 11 11 15 11 1 1 11 11 11 1 7 4 6 5 15 5 4 6 1 2 5 15 15 11 10 10 11 4 11 10 0 11 10 14 10 11 0 11 10 11 9 9 9 11 11 12 10 12 10 10 11 9 11 11 12 10 10 9 9 10 11
13 13 15 10 13 13 8 15 14 9 0 9 1 1 1 15 2 3 2 5 0 5 6 7 5 14 0 0 3 3 3 2 0 1 3 10 0 4 12 7 2 10 11 3 5 5 7 12 2 11 13 12 3 11 12 12 2 2 15 1 4 1 11 13 9 11 4 4 3 6 2 13 15 6 9 9 13 13 7 1 15 4 1 4 5 0 2 3 2 0 0 5 3 0 5 2 4 0 6 2 3 5 1 6 0 10 0 11 14 11 14 10 7 3 5 5 9 11 11 11 10 11 9 11 11 11 9 9 9 10 11 11 11 10 11 9 11 11 11 10
8 9 15 9 13 9 8 0 13 13 9 1 1 10 1 15 15 1 9 11 11 10 6 6 6 7 6 1 0 15 15 15 2 6 10 4 2 6 5 4 9 9 12 14 11 15 4 7 9 9 0 5 9 11 6 9 7 13 9 0 9 15 11 13 7 9 9 13 15 9 3 13 7 9 1 9 11 0 9 13 9 1 6 15 11 15 5 1 5 5 2 3 2 6 6 1 6 0 0 15 6 15 5 11 10 10 11 10 10 11 11 0 4 7 7 9 10 12 12 11 9 9 9 11 11 10 12 12 12 9 9 5 11 15 12 10 11 11 9 10
0 15 9 11 15 8 11 12 12 14 0 12 15 1 1 1 2 3 2 9 6 4 15 15 5 2 10 3 0 15 2 1 2 3 3 2 1 1 13 1 0 15 11 15 14 1 14 0 13 4 1 9 1 11 0 9 3 3 9 2 1 11 11 11 15 11 5 0 15 11 1 0 11 11 15 15 15 6 5 3 0 0 15 1 1 2 2 3 3 15 6 4 15 15 5 2 5 3 0 15 2 1 11 3 10 2 1 1 1 11 11 2 11 15 11 10 14 9 11 10 10 12 9 12 10 9 10 12 11 11 11 10 12 11 10 9 10 10 12 11
15 13 13 15 8 9 13 15 9 10 9 9 9 10 0 1 0 0 9 1 11 9 0 9 4 11 0 13 1 0 1 11 13 3 13 6 3 12 11 2 0 10 0 3 1 9 5 15 1 1 9 0 4 6 1 11 11 6 9 2 9 8 5 5 4 13 5 13 9 3 9 13 11 11 3 13 11 15 9 1 0 7 15 0 1 0 0 0 7 0 1 7 4 5 5 6 3 0 15 4 1 2 1 11 4 10 15 11 11 7 7 11 6 7 1 9 11 9 13 11 14 10 11 9 12 10 11 9 12 10 10 9 10 12 11 11 5 15 9 5
15 8 9 0 11 10 10 10 14 9 9 15 14 8 11 1 1 9 0 6 5 5 3 7 5 14 3 2 2 3 1 2 2 1 2 12 3 9 11 13 6 0 5 11 11 9 9 0 13 3 1 9 11 9 2 12 12 9 12 2 15 12 1 12 2 10 9 13 2 5 15 10 10 0 5 10 10 10 11 11 5 11 11 11 11 4 3 15 1 3 5 15 3 15 2 7 3 2 2 3 1 2 15 2 10 15 10 5 11 11 6 0 14 14 12 12 9 12 12 11 9 9 10 9 12 12 12 11 11 9 10 9 9 10 12 12 9 10 9 10
14 12 13 9 14 12 0 0 15 0 0 11 0 0 11 15 11 2 8 12 3 14 11 13 9 10 10 0 0 11 11 13 3 4 7 1 10 10 2 15 10 1 14 3 11 2 1 13 12 10 7 4 2 12 12 11 10 10 10 14 10 2 10 10 10 0 10 12 12 10 14 12 11 14 10 12 2 0 0 3 2 11 1 0 11 2 11 6 7 0 15 7 0 4 5 0 6 0 0 2 3 1 3 9 10 11 10 11 1 10 10 2 11 3 11 2 1 0 10 10 10 5 12 12 12 11 10 11 10 11 10 9 10 10 11 11 12 10 9 9
14 9 13 9 14 12 9 15 12 0 13 11 15 1 1 14 2 12 1 2 1 1 6 7 1 7 0 1 14 0 3 2 3 14 2 3 2 1 12 2 10 0 1 2 13 2 15 2 10 11 3 11 1 9 11 13 9 15 9 9 5 1 9 3 0 9 3 7 9 1 13 11 13 9 2 13 13 1 2 2 0 3 3 1 1 2 2 3 1 1 1 1 6 7 1 4 1 5 15 15 3 2 3 7 10 15 10 0 10 10 10 0 13 2 9 15 11 2 10 11 10 11 10 11 11 13 11 15 9 10 11 10 12 10 9 9 9 9 9 12
9 11 8 14 14 10 0 14 9 12 11 11 8 14 15 11 3 3 15 2 13 1 2 2 11 15 3 0 15 1 3 3 0 3 2 7 15 3 13 10 2 11 15 14 11 8 11 5 4 4 11 6 9 11 6 9 11 2 1 0 2 11 9 0 15 14 12 12 13 3 15 11 2 15 10 10 10 14 10 0 11 1 11 7 15 11 11 3 7 2 7 1 6 2 0 5 3 15 15 1 3 3 0 3 2 14 8 10 11 10 2 11 0 11 6 6 7 4 4 9 11 10 10 11 10 11 10 10 9 0 12 10 12 10 11 11 12 12 9 12
15 13 9 9 14 14 0 11 15 8 15 0 10 10 9 1 1 1 8 0 13 15 8 0 9 7 14 15 8 10 9 0 0 13 2 11 14 3 10 14 10 0 15 11 4 11 1 11 9 11 9 11 9 9 5 9 7 9 7 9 9 13 4 13 1 13 9 13 9 9 9 5 9 9 2 5 7 0 15 15 15 0 4 5 4 2 6 5 0 0 4 15 15 1 15 0 2 15 7 6 15 0 4 4 10 11 10 11 14 11 10 1 15 11 11 11 1 10 14 11 10 11 12 9 5 9 1 9 10 11 11 11 12 10 11 12 10 9 9 9
