14 0 13 9 11 15 11 8 10 8 12 9 13 11 0 15 3 3 3 3 2 1 12 3 0 3 2 2 3 1 3 1 2 3 2 2 8 3 15 3 2 2 1 3 14 14 0 3 1 11 11 1 1 3 1 9 15 15 3 9 15 0 1 9 9 2 10 10 13 15 2 3 2 1 15 9 10 10 4 0 14 10 10 9 8 14 11 7 10 10 10 4 11 5 7 7 3 7 3 4 2 2 7 2 0 3 2 2 3 15 3 1 2 15 15 2 10 10 11 11 10 11 1 3 14 11 10 3 12 11 11 11 9 9 9 10 10 10 11 9 9 11 9 9 9 11 11 10 11 15 10 12 12 11 10 10 10 11 10 10
10 8 15 9 13 9 13 0 9 8 13 10 1 1 1 14 15 0 9 12 8 13 0 7 10 8 1 1 0 14 2 3 3 3 3 3 10 9 4 4 8 5 7 5 12 11 7 14 10 1 11 9 2 11 9 2 9 11 11 13 13 11 2 4 6 13 7 1 7 8 12 8 8 12 11 15 3 13 11 1 2 3 15 9 13 9 2 11 9 11 3 13 6 0 6 0 0 0 7 0 1 15 0 0 3 15 1 2 2 4 2 2 3 3 3 11 10 10 11 14 4 5 7 10 11 11 11 11 10 11 14 9 3 11 12 10 11 11 11 11 11 11 10 10 10 10 7 9 9 11 12 9 10 10 10 11 10 11 11 12
8 11 14 11 13 15 12 0 9 12 9 15 12 1 1 1 1 1 1 1 12 0 6 7 7 6 5 2 0 2 0 14 2 13 11 3 11 14 3 0 4 2 14 2 7 5 14 8 7 5 12 11 5 7 10 8 1 12 10 9 14 2 3 9 2 13 0 15 13 0 9 9 9 9 11 9 9 11 9 11 7 11 14 7 13 9 12 12 9 1 2 0 5 7 5 11 1 11 1 6 3 0 6 7 3 6 5 6 3 6 1 6 2 6 15 11 11 4 10 0 10 2 2 2 7 2 9 9 9 11 11 11 10 7 10 12 12 11 10 10 10 11 10 12 12 12 11 9 9 11 10 9 10 10 10 10 9 9 12 11
9 9 13 13 9 13 15 9 9 12 15 9 0 13 13 3 3 15 3 0 0 9 12 0 7 15 8 1 0 8 0 3 0 2 15 2 10 15 3 13 15 12 12 11 2 11 15 12 15 13 1 2 11 9 15 9 3 9 11 13 5 3 2 6 9 3 6 9 11 4 9 6 9 13 9 7 13 4 11 13 4 13 13 13 9 13 13 9 9 3 3 9 0 13 13 3 2 15 3 1 0 4 7 1 7 0 2 1 0 2 15 4 0 4 11 11 10 10 7 14 15 10 11 11 10 2 11 10 15 9 11 11 11 1 9 10 9 9 11 13 11 11 9 9 9 11 10 10 11 4 3 10 9 11 10 11 10 12 11 9
9 13 15 13 15 8 9 8 9 0 11 14 1 13 1 11 2 2 2 3 3 1 15 15 2 5 6 7 0 10 2 8 15 1 4 1 13 9 2 3 1 2 13 3 3 0 11 6 6 1 7 4 8 7 4 12 5 11 5 12 8 10 12 2 2 12 12 10 2 9 2 2 9 7 9 9 5 13 13 4 2 9 9 11 5 5 9 15 1 15 7 5 1 0 1 2 3 2 11 3 3 11 5 15 2 5 7 4 15 4 2 3 2 1 6 15 4 3 2 2 12 11 10 10 10 0 11 6 11 15 7 4 2 7 12 12 10 11 13 11 11 10 11 10 12 9 10 11 12 9 10 10 9 12 9 9 9 10 12 11
9 15 15 9 13 13 8 9 15 9 15 13 0 11 9 11 0 2 2 2 10 10 4 5 9 7 8 1 11 0 0 12 3 11 15 2 10 1 2 8 15 0 6 6 15 15 2 7 6 15 4 15 12 5 14 9 13 9 3 0 11 9 3 9 2 11 0 9 2 13 15 13 0 9 3 11 9 11 9 1 9 7 13 13 13 9 4 1 9 9 3 9 5 11 2 11 0 5 7 11 1 2 4 5 7 4 3 1 4 0 4 5 6 15 15 1 6 11 10 10 15 11 14 11 10 15 2 15 9 11 4 11 0 11 11 10 7 9 3 10 11 9 3 9 1 9 0 11 7 11 0 11 11 10 12 9 11 0 9 9
15 15 8 13 14 0 15 15 10 9 10 1 0 1 0 9 1 12 0 11 13 0 4 7 15 7 14 15 15 13 0 2 13 1 15 7 3 2 12 11 1 11 0 3 9 1 2 8 9 9 3 1 11 1 9 2 9 11 9 0 13 2 11 2 9 9 9 15 3 0 9 3 6 9 0 6 4 6 2 6 15 7 15 15 4 0 15 15 6 9 4 5 0 1 0 6 6 5 1 6 1 1 0 7 7 7 4 7 15 0 0 3 7 1 2 15 3 2 1 10 1 10 5 14 10 6 2 3 9 9 1 1 11 11 11 2 10 11 10 11 13 11 11 10 12 9 12 10 11 12 9 12 11 9 9 12 11 11 9 11
14 14 0 10 14 8 12 15 14 11 14 11 1 1 11 0 3 1 3 9 14 12 8 8 7 6 6 6 8 12 7 3 0 2 3 2 2 1 3 14 2 11 3 1 12 2 15 15 15 2 13 11 7 6 10 5 15 5 6 6 4 14 6 12 7 10 4 14 9 1 6 11 10 10 13 3 8 1 11 5 5 5 0 10 14 3 10 15 14 13 5 11 0 5 11 0 4 2 3 2 1 7 3 1 2 6 0 6 4 1 7 7 4 2 3 2 2 1 10 11 14 11 14 10 4 1 15 11 11 11 11 11 7 11 10 14 11 11 11 10 11 7 12 12 10 11 9 11 9 9 10 11 10 10 9 9 11 12 12 12
9 0 13 9 9 13 0 0 13 9 10 11 9 13 9 11 11 3 0 1 3 2 11 15 6 6 1 11 0 0 15 15 4 15 2 2 8 12 3 3 1 7 0 5 15 5 15 4 6 3 15 8 7 13 15 4 1 15 7 3 4 11 9 11 6 11 4 2 9 2 2 11 13 3 3 1 9 13 4 13 13 4 13 9 7 13 0 9 1 9 1 9 9 13 6 11 11 3 0 1 6 4 1 0 6 6 1 0 0 0 0 15 4 5 2 11 10 11 11 10 10 14 0 5 10 12 9 11 6 11 7 11 7 11 7 0 1 10 9 11 11 11 10 10 6 12 10 12 12 11 10 10 11 12 1 11 14 11 11 9
14 0 0 14 13 13 0 9 9 0 13 9 10 9 1 8 11 9 11 3 1 12 1 15 4 0 15 4 14 0 6 0 7 7 3 3 4 12 10 6 10 10 4 1 2 4 11 11 15 14 1 3 10 3 15 9 11 14 12 4 2 8 1 2 8 4 8 10 10 12 0 9 9 13 13 11 13 9 9 13 2 13 15 9 13 13 0 9 9 15 13 2 4 9 1 6 7 2 11 3 0 3 4 2 5 6 15 6 4 1 6 0 6 7 1 3 11 11 10 10 10 10 11 11 3 1 15 14 12 12 9 9 9 10 11 9 10 12 12 11 9 9 9 10 12 10 9 10 10 12 12 12 10 10 11 11 12 10 10 10
