12 12 12 12 12 12 12 12 12 12 23 23 23 23 23 23 23 23 2 23 23 2 23 23 23 23 23 4 23 23 23 23 23 23 23 6 6 25 25 25 7 23 25 25 25 25 2 2 9 2 2 31 31 3 3 3 3 3 12 12 12 32 32 32 1 2 2 9 9 9 9 15 9 9 9 9 11 10 10 2 6 6 18 18 14 14 19 4 4 4 4 4 7 7 7 7 7 7 7 7 10 19 3 19 19 19 19 19 32 32 19 32 32 32 12 16 19 14 14 14 14 14 31 14 31 31 31 31 31 31 31 31 31 31 31 30 31 29 14 31 14 14 31 14 31 29 31 14 29 31 24 24 31 29 24 31 24 29 31 14
6 11 11 11 11 11 11 17 17 17 17 17 17 17 17 17 11 11 2 14 2 29 29 3 23 29 19 4 19 4 19 19 19 19 19 28 19 6 19 19 19 19 19 19 19 28 24 24 9 24 24 22 22 22 22 26 26 26 26 26 26 26 26 13 26 26 0 0 8 8 15 15 15 0 0 0 16 16 16 8 8 0 18 18 18 0 5 5 20 20 15 15 15 15 15 15 15 11 15 15 15 15 15 8 15 15 15 15 15 32 32 32 32 32 14 14 14 14 24 24 31 31 14 14 14 31 14 31 31 14 31 14 31 14 31 14 31 14 31 30 31 3 31 29 31 3 31 14 31 14 31 14 25 31 29 14 31 3 31 31
11 12 12 12 12 12 12 22 22 22 22 22 22 9 13 13 11 11 2 11 2 11 12 12 12 13 13 4 4 17 4 17 17 17 17 17 17 6 17 17 7 7 7 22 20 20 20 22 9 22 22 22 22 22 22 22 22 24 24 24 24 32 32 1 13 32 26 26 26 26 26 26 28 28 28 8 8 8 8 8 8 8 6 32 7 7 7 7 7 20 7 7 7 13 13 7 1 6 1 1 7 15 17 17 17 4 7 7 7 32 32 14 32 32 32 13 14 14 14 14 14 31 31 29 14 31 14 31 31 31 31 31 31 30 31 29 18 31 25 25 31 24 31 29 31 24 31 24 31 29 31 32 32 32 14 14 31 14 14 14
32 32 18 18 18 18 18 18 18 18 32 32 32 32 32 32 13 13 2 32 13 2 13 13 13 13 15 15 4 15 15 22 32 32 32 32 6 22 22 22 32 22 0 0 0 0 0 0 0 0 0 10 0 0 0 0 0 5 5 12 27 0 0 13 8 0 8 8 5 29 15 15 29 29 29 29 29 30 30 8 8 6 6 8 13 13 13 13 9 15 15 15 15 15 15 15 15 15 12 12 12 12 10 12 17 8 6 6 6 32 32 32 32 32 6 13 18 18 24 24 24 31 31 24 31 31 31 31 31 31 31 31 31 31 30 29 31 14 14 14 31 24 29 31 14 31 24 29 31 24 14 31 29 14 31 24 29 31 24 29
10 20 15 18 20 20 20 20 20 20 20 20 20 18 18 20 20 2 20 2 2 20 2 2 20 20 20 4 20 4 22 20 20 20 20 20 20 20 22 7 22 7 22 22 8 20 24 24 24 24 24 10 3 3 3 3 3 3 3 12 12 12 3 3 13 3 3 3 3 3 3 15 2 2 1 1 1 3 4 4 4 3 11 17 17 17 13 13 13 3 11 15 11 21 11 13 8 8 16 11 11 1 6 17 17 17 16 15 32 32 32 32 32 16 15 18 32 32 32 30 30 30 30 30 31 31 31 30 30 14 31 31 31 30 29 31 31 31 14 14 14 31 14 14 31 31 29 31 14 31 14 14 31 14 14 31 14 14 31 14
8 8 8 8 8 8 13 13 13 8 13 13 13 13 13 13 13 13 2 13 13 2 27 13 13 17 13 4 17 4 17 17 21 21 21 21 21 6 21 21 21 0 21 21 30 30 8 30 30 9 30 30 30 30 30 9 30 30 30 32 32 29 29 13 32 32 32 32 32 32 30 15 2 2 2 2 8 8 8 9 9 9 9 9 9 9 9 9 9 9 9 9 9 9 9 9 2 14 2 9 2 10 8 2 2 2 2 2 2 32 32 32 32 32 2 9 18 18 18 14 31 31 29 13 31 31 31 13 31 14 31 31 31 31 30 31 29 31 3 31 3 31 3 29 31 14 14 31 29 14 31 14 14 31 14 29 31 24 31 14
15 15 15 15 14 14 32 16 30 30 30 30 30 30 30 30 30 30 2 15 15 2 28 15 15 28 28 4 28 4 30 30 30 30 30 6 6 26 26 26 26 28 23 28 28 26 24 9 29 26 26 26 10 26 26 26 0 0 29 29 12 29 5 29 29 29 5 32 32 32 15 5 15 5 5 5 5 5 5 5 5 5 5 5 5 5 5 7 20 14 14 7 7 7 7 7 7 7 7 7 7 6 6 6 6 6 6 6 6 32 32 32 32 32 14 14 14 14 14 24 24 31 31 14 31 14 31 14 31 14 31 14 31 14 31 30 29 31 14 29 29 31 14 29 14 31 14 29 31 29 29 31 29 31 29 31 29 31 29 16
25 25 25 32 32 25 26 26 8 8 32 17 26 26 26 26 25 14 2 21 2 25 25 25 25 25 32 4 4 4 4 28 32 32 32 32 6 25 25 29 7 29 7 29 29 20 20 29 29 9 29 5 5 5 5 5 27 27 31 29 29 29 29 6 13 6 32 7 8 32 32 32 32 32 8 32 32 32 32 6 32 32 6 6 6 6 6 6 6 20 6 0 0 10 16 16 16 16 16 16 8 8 5 5 5 5 5 5 5 32 32 32 32 32 5 6 18 18 18 18 24 31 31 24 31 31 31 31 31 31 31 31 1 31 30 29 31 24 24 31 24 31 24 31 29 31 24 31 32 32 32 14 31 29 14 31 14 14 31 14
15 15 15 15 15 15 32 26 26 32 32 26 26 26 26 26 26 26 26 2 26 26 26 26 26 26 26 4 14 14 26 15 26 26 26 6 26 26 26 26 26 26 26 26 26 26 26 9 26 26 26 10 26 26 26 26 27 27 12 12 27 27 27 27 13 27 27 29 29 29 15 15 29 5 29 5 5 9 12 5 5 5 12 12 10 19 10 10 10 1 1 1 1 1 10 4 17 17 17 11 11 10 10 10 10 10 15 15 32 32 32 15 32 32 9 9 9 18 24 24 31 31 3 3 15 31 14 31 31 31 31 31 31 31 31 30 31 29 31 31 31 1 31 32 32 32 29 14 31 14 14 14 31 14 14 31 14 14 31 14
4 22 22 22 21 21 21 22 22 22 22 22 22 22 22 22 22 22 2 22 22 2 19 19 19 19 19 4 19 19 19 19 5 19 19 19 25 6 25 25 19 7 19 19 25 25 25 24 24 9 24 5 5 25 25 25 5 5 5 5 5 27 27 27 13 11 11 11 11 11 29 15 15 29 29 1 0 0 0 0 8 0 0 0 0 0 0 0 0 0 0 0 0 0 0 0 0 0 0 0 0 11 0 0 0 0 19 0 32 32 32 32 32 13 13 13 18 18 24 24 31 31 29 24 31 14 31 24 31 24 31 24 31 30 31 29 31 0 31 18 31 18 31 29 31 32 32 32 14 31 29 14 31 14 14 31 14 14 14 31
