5 12 13 12 16 0 16 6 16 10 14 0 0 13 15 14 1 2 11 14 2 13 10 3 11 3 2 11 4 3 15 5 3 3 13 0 16 0 16 5 5 7 3 15 4 6 7 9 5 16 5 6 2 6 11 3 8 2 1 1 7 9 2 14 1 6 15 3 11 12 10 5 8 12 13 13 5 0 4 8
14 0 9 13 0 15 15 6 13 0 15 7 12 1 8 13 16 15 16 2 15 0 11 10 11 3 1 15 4 1 4 3 13 3 2 16 3 15 16 14 4 0 7 6 15 6 9 3 0 8 16 2 10 3 11 3 1 9 6 8 1 12 3 4 6 16 1 16 1 3 7 5 12 16 15 2 2 1 5 15
16 5 9 16 12 7 12 11 13 11 10 16 9 13 14 1 12 13 2 16 9 2 12 1 15 11 12 13 4 4 5 5 12 0 13 16 16 3 5 1 14 4 2 0 8 2 15 7 8 5 6 7 6 0 3 2 5 4 7 4 9 8 13 10 9 1 11 13 15 9 8 1 3 1 16 12 16 11 3 14
3 15 10 6 15 0 7 6 12 6 12 15 15 13 8 1 14 8 14 14 2 14 14 3 10 11 11 3 3 16 4 0 12 12 2 13 16 6 16 4 0 14 0 3 2 3 5 6 7 6 16 1 10 8 9 3 1 8 2 11 10 10 0 2 14 3 15 2 0 16 10 13 0 3 10 4 7 13 16 7
16 16 14 14 12 11 7 7 12 6 13 9 11 16 16 11 1 10 15 2 15 10 1 15 11 10 10 14 12 0 11 16 16 1 1 12 6 3 6 1 4 16 1 6 6 15 4 5 2 8 10 16 6 11 6 8 11 9 3 11 2 5 9 1 8 3 15 16 7 16 15 6 3 3 5 2 11 14 5 9
0 6 8 15 11 8 16 16 13 12 11 14 12 10 11 13 13 2 2 9 2 2 11 3 10 11 11 0 0 0 11 0 5 4 15 5 1 15 13 6 3 4 16 15 6 4 5 15 8 8 0 16 1 11 10 10 4 2 7 1 13 9 2 4 13 7 15 0 10 13 14 11 16 1 14 6 4 14 8 1
4 9 0 15 7 9 10 14 15 9 6 6 7 16 0 14 15 10 2 1 14 2 2 16 3 0 11 1 15 3 15 5 13 12 16 15 15 4 1 7 1 14 4 7 8 8 4 1 6 16 7 9 1 6 7 7 0 7 6 0 2 3 12 1 13 15 9 15 16 3 4 15 5 5 14 8 7 16 2 7
16 12 0 9 15 9 7 10 6 16 0 10 10 14 1 0 11 11 14 1 11 10 13 16 0 14 15 2 4 12 13 0 1 15 13 6 4 3 5 14 0 5 7 0 15 0 0 8 3 16 0 5 10 3 2 11 10 7 9 6 8 11 8 11 2 5 3 15 14 10 11 13 16 3 10 0 16 3 5 8
0 15 5 16 5 5 9 6 6 8 16 0 1 1 1 12 8 1 15 15 2 15 10 10 15 11 16 1 1 4 1 13 4 0 15 5 4 16 0 14 16 1 7 16 2 5 9 8 5 16 10 3 3 2 10 10 1 5 7 11 0 3 8 4 12 5 3 2 11 6 12 15 12 3 1 16 10 5 15 8
0 6 7 16 10 14 12 9 6 7 8 15 0 8 1 8 14 16 16 9 2 12 15 0 14 15 11 1 11 1 5 14 15 1 13 6 0 6 2 14 7 3 4 1 15 8 1 6 16 3 16 6 0 1 11 4 8 12 2 1 0 9 3 8 13 15 15 16 10 3 6 13 5 10 1 16 12 8 8 5
8 13 0 9 16 5 8 15 8 9 9 13 8 13 1 8 0 15 2 10 10 10 2 2 10 3 11 4 1 12 0 13 12 5 3 6 15 5 14 1 6 2 15 0 7 4 5 8 16 3 6 2 3 0 0 3 3 8 1 2 11 9 0 0 2 3 15 3 8 8 13 11 8 11 12 15 8 5 3 15
8 9 16 15 12 13 9 0 6 7 7 14 8 0 11 1 9 14 12 2 13 16 11 10 1 13 11 1 0 0 1 15 5 0 13 5 14 6 3 6 7 5 0 6 15 1 2 1 16 9 8 7 4 7 7 7 8 0 8 12 9 1 2 11 13 12 15 2 11 15 9 15 8 16 16 9 14 16 1 10
12 3 13 12 15 7 0 6 11 10 0 14 11 10 1 16 14 13 9 14 13 9 15 13 10 1 1 4 12 16 16 3 5 4 2 2 0 15 4 5 14 1 1 2 15 8 7 8 1 4 16 10 6 9 8 2 2 1 5 6 9 6 8 5 7 16 15 0 12 2 3 8 13 3 5 3 9 4 2 15
11 10 5 16 15 8 10 11 16 9 8 7 8 10 0 1 0 9 15 11 13 2 16 11 10 3 13 11 16 14 13 4 3 0 5 3 6 1 14 2 1 2 4 5 1 15 7 1 5 16 7 10 5 4 11 7 10 1 5 9 11 0 12 0 10 11 1 1 1 1 4 6 14 6 5 10 6 14 14 1
15 15 4 12 0 10 13 8 7 10 7 12 15 8 10 7 8 1 11 14 16 14 3 10 16 3 11 0 3 16 11 16 5 3 12 3 6 15 3 16 7 4 16 1 4 15 0 0 0 6 7 16 5 2 8 6 11 10 8 6 10 6 12 5 8 0 12 15 5 1 15 0 2 9 6 0 14 11 9 10
6 9 8 11 12 11 7 15 8 6 8 10 11 12 13 1 12 15 2 2 2 16 15 12 13 1 2 11 4 13 1 14 5 13 4 2 1 15 1 14 0 7 15 2 0 3 5 3 6 5 16 0 4 5 9 0 6 1 9 0 5 5 5 4 1 15 3 3 1 4 3 15 7 12 6 6 6 3 7 1
5 7 15 7 12 7 15 15 8 16 7 10 10 12 1 12 1 14 9 2 9 10 2 11 12 2 3 0 3 16 0 15 13 5 0 0 14 13 15 5 3 0 2 15 6 2 1 16 9 16 7 8 9 4 9 3 8 1 8 1 0 5 9 5 11 12 7 6 16 7 9 3 15 6 8 3 4 1 8 6
11 6 5 5 5 15 14 13 14 13 13 7 13 1 14 13 16 13 13 14 2 11 10 13 3 2 16 15 13 2 12 4 5 15 14 6 6 4 5 7 14 14 3 5 15 5 16 6 9 16 2 8 2 6 7 7 7 0 2 11 1 7 11 14 3 14 8 0 12 8 16 16 6 1 10 10 13 13 15 6
5 4 10 11 12 15 0 15 6 14 0 7 11 11 1 8 1 1 9 10 0 9 2 16 15 10 12 13 4 13 15 16 12 13 5 2 13 14 4 5 5 0 4 15 4 4 15 9 6 2 7 16 1 11 5 3 11 8 10 9 13 12 0 5 11 1 16 8 1 5 2 0 16 15 16 2 4 11 4 2
16 13 8 8 5 9 13 8 7 12 11 10 13 1 1 16 1 8 12 1 2 2 16 13 1 13 14 15 4 14 15 12 0 1 2 5 0 13 3 14 3 16 4 16 8 0 7 0 5 16 7 0 2 5 9 6 1 10 2 8 6 4 11 7 2 10 14 2 2 11 9 15 8 4 14 11 9 8 2 10
5 9 7 0 14 0 6 14 12 14 8 0 10 1 1 8 1 14 2 12 9 9 11 13 3 14 16 11 0 3 0 14 5 13 4 5 2 6 13 13 15 6 7 3 15 5 3 5 4 4 16 6 0 2 8 11 8 0 8 6 8 2 0 9 3 6 16 9 8 12 15 1 9 2 15 6 11 5 14 8
9 14 5 7 13 6 10 16 11 11 6 10 7 7 8 15 11 1 2 8 8 14 0 15 0 12 1 1 4 11 14 2 13 12 6 15 0 2 5 3 1 14 16 8 3 3 16 9 2 9 3 16 5 7 10 4 8 1 11 12 1 1 9 9 0 3 16 10 4 8 15 3 0 5 12 14 15 1 6 7
16 12 13 8 6 8 6 0 10 7 7 16 12 16 1 8 0 12 13 2 12 14 0 10 11 1 12 1 4 3 3 15 5 13 5 3 15 2 14 3 14 6 3 8 15 4 5 9 8 5 4 8 5 10 8 10 1 4 10 9 11 3 1 11 5 16 11 10 5 11 10 16 14 13 9 1 1 15 16 5
12 16 13 7 16 10 8 11 16 10 12 14 16 1 14 9 12 11 1 13 10 11 0 3 11 16 11 16 14 15 15 16 5 14 15 13 1 5 3 5 16 3 7 16 15 4 8 4 16 0 2 1 10 3 4 7 5 2 11 6 4 9 6 1 13 1 5 16 16 6 6 9 8 14 15 11 12 13 10 2
7 4 10 8 14 13 8 0 7 8 7 7 10 0 7 1 14 14 10 2 15 1 11 3 0 3 12 1 12 4 3 13 13 0 1 15 6 4 5 0 14 6 5 7 15 6 2 8 4 16 4 7 10 8 7 9 7 0 1 0 3 7 10 3 2 1 16 15 10 1 12 16 7 13 6 2 3 3 3 5
9 13 12 8 6 0 13 5 14 10 6 7 11 12 1 11 8 8 11 9 10 16 3 16 1 2 11 4 13 2 12 12 3 14 13 6 13 2 5 3 14 3 2 15 8 16 15 15 0 0 4 9 3 3 9 1 6 10 9 11 11 8 10 10 11 6 16 4 11 16 14 3 14 8 13 15 14 13 2 5
0 8 4 16 5 5 5 14 6 15 10 15 7 1 1 15 1 1 2 1 12 1 3 14 15 16 3 2 11 2 4 13 2 15 4 5 5 0 1 6 7 15 0 0 6 15 1 2 3 16 2 2 1 10 5 0 6 9 8 10 4 12 2 7 10 1 1 1 2 3 1 7 3 3 2 8 5 4 16 6
5 8 14 12 9 9 9 14 10 6 9 12 13 10 1 9 10 12 2 16 10 10 10 16 3 1 16 13 2 16 3 12 5 15 14 1 0 2 5 0 5 7 3 15 4 8 3 0 0 16 3 6 7 1 8 2 8 6 8 2 11 4 8 8 9 14 0 13 10 8 2 13 16 0 16 13 16 0 5 14
9 15 12 11 0 15 9 6 6 8 10 14 7 13 15 13 15 2 14 2 9 13 1 3 11 15 16 2 15 12 2 1 13 12 4 2 5 6 3 2 15 1 1 4 8 15 4 0 9 9 16 7 6 5 7 11 0 8 1 5 12 7 8 12 0 1 1 12 3 1 7 10 9 15 1 0 5 15 3 6
9 12 6 4 15 8 5 8 16 15 11 10 11 1 10 10 9 1 15 2 14 15 11 3 13 0 11 11 4 12 12 15 5 14 2 0 16 5 5 16 14 7 15 6 8 1 8 7 16 9 1 1 2 6 8 0 11 2 1 5 6 11 5 6 11 15 11 6 14 6 8 13 11 1 2 5 9 0 2 14
