15 5 16 8 17 10 9 14 16 11 7 0 9 8 7 1 16 12 15 2 12 13 16 2 3 11 0 16 3 15 16 12 13 2 0 15 16 14 7 6 6 14 17 7 8 7 17 17 2 16 8 4 10 1 0 2 0 2 11 6 12 1 9 3 10 11 3 13 14 17 0 15 7 7 1 6 16 5 4 1 15 16 13 0 8
7 15 11 4 8 16 5 5 7 12 16 16 17 11 13 1 13 8 17 11 14 10 12 3 11 1 0 17 11 16 4 17 17 12 0 1 15 14 1 3 5 7 16 15 0 5 16 16 7 8 2 8 7 17 8 3 9 11 12 9 9 8 4 0 3 4 14 3 12 17 6 4 9 8 16 0 5 5 15 1 7 16 12 6 1
12 5 15 8 16 17 16 11 15 17 13 0 11 1 17 8 1 10 14 11 1 13 1 3 17 13 16 17 3 4 14 4 15 3 13 5 16 17 16 14 7 3 0 15 2 5 8 17 16 6 3 5 17 5 9 5 1 1 7 2 1 2 2 12 12 5 5 8 8 0 2 17 7 5 5 10 12 9 9 1 8 3 15 8 4
3 6 9 15 13 17 13 14 17 6 0 11 16 1 7 13 11 13 14 2 1 0 14 13 10 11 16 16 3 1 17 12 17 5 15 6 0 16 2 0 17 16 15 2 1 15 17 2 16 5 6 7 17 7 7 17 5 9 10 12 8 0 4 11 6 12 6 7 5 16 7 16 16 16 8 9 5 17 4 1 14 0 10 2 15
2 10 9 9 8 9 10 5 14 12 11 6 7 17 8 0 1 14 10 15 11 13 16 10 15 3 13 14 17 16 3 0 14 5 16 4 13 14 15 6 16 7 3 3 6 15 8 7 7 9 8 5 8 6 17 11 10 2 4 2 0 8 8 9 13 13 10 11 13 14 12 12 17 1 12 5 17 15 6 11 17 9 8 3 13
13 5 11 7 13 9 7 12 17 13 6 11 16 0 1 10 0 12 12 16 2 12 14 10 0 3 17 4 16 11 12 4 4 3 6 4 6 6 0 4 15 1 1 1 0 0 15 5 9 8 10 7 8 7 17 10 11 1 10 11 8 10 11 13 13 4 13 2 5 12 15 6 7 11 4 10 16 9 4 9 7 9 6 4 5
5 9 4 15 17 11 16 13 9 13 6 0 7 16 0 1 16 0 2 10 12 2 14 15 12 13 13 4 3 15 17 12 0 17 13 6 0 17 4 16 14 7 15 4 1 8 2 4 9 6 4 2 7 17 6 1 6 0 7 3 12 0 8 6 8 8 0 11 12 16 8 13 14 14 2 6 14 17 3 4 1 1 4 3 10
8 17 15 7 12 7 10 8 0 10 6 8 11 1 1 1 10 17 11 9 12 11 2 11 16 1 12 0 14 2 15 17 5 13 14 16 15 0 3 3 4 16 16 15 8 4 2 3 16 9 16 0 10 17 0 2 9 0 2 4 3 6 12 8 5 2 14 14 3 10 8 16 15 16 17 17 16 4 17 7 17 7 5 5 8
13 10 17 7 5 9 6 17 7 8 10 10 11 14 1 13 13 12 2 10 9 13 0 13 3 11 3 17 4 17 0 5 2 13 2 15 14 5 14 16 16 7 0 4 7 15 1 9 9 3 0 17 7 4 7 6 11 2 6 6 9 0 1 4 8 11 10 0 13 17 14 6 11 9 3 0 4 14 7 16 15 4 9 16 12
13 7 10 15 13 0 12 11 9 6 12 13 11 14 17 1 0 0 14 2 17 12 2 12 15 11 3 4 16 4 14 13 13 16 17 4 13 6 14 6 6 1 5 8 8 0 7 9 16 6 1 0 7 1 17 9 11 8 3 1 11 5 13 3 7 7 4 3 8 2 17 12 0 2 8 6 2 17 8 9 2 2 3 9 16
11 15 17 4 9 16 10 0 15 13 13 16 14 7 1 14 0 12 9 11 12 17 1 3 1 16 16 13 2 14 0 5 0 1 15 13 1 5 2 6 3 1 3 3 15 17 17 5 9 7 7 0 4 17 10 10 0 6 6 8 2 10 11 4 4 1 1 3 6 13 16 2 16 8 3 12 1 5 16 13 13 0 6 15 11
0 16 0 9 12 9 17 14 14 7 15 13 9 10 9 1 9 8 8 13 17 12 12 0 3 1 1 17 15 14 0 0 14 4 14 13 3 0 2 15 7 0 4 16 15 2 3 9 4 16 9 17 7 17 11 2 11 10 12 12 12 11 11 6 9 12 13 10 14 16 4 16 12 16 15 16 6 5 4 6 8 13 3 17 15
11 5 10 15 16 11 7 10 6 8 13 16 12 9 1 8 17 0 10 2 17 14 11 13 3 11 13 4 15 16 4 15 12 16 14 17 13 16 6 3 2 1 15 17 1 16 0 2 9 16 17 8 8 17 2 8 4 12 11 12 4 10 11 10 4 9 1 11 12 15 6 15 11 16 13 17 4 17 17 1 10 1 1 15 11
10 16 11 5 12 0 14 7 6 12 12 10 14 7 1 7 12 12 10 9 17 1 17 3 11 2 3 13 0 12 3 4 4 2 15 6 15 0 14 4 15 2 4 6 8 17 8 0 16 7 1 4 3 0 17 8 11 6 12 3 10 12 0 3 3 3 9 1 10 15 17 16 10 2 2 10 4 13 3 0 2 6 15 7 8
5 8 9 6 11 12 5 11 11 9 14 9 17 8 9 1 15 9 10 2 9 17 17 10 3 15 13 11 4 0 0 5 2 4 2 4 13 2 4 6 5 17 5 5 15 4 5 9 5 8 16 5 5 10 17 0 8 10 0 6 7 5 9 3 7 10 15 4 15 7 16 12 14 0 7 14 9 1 16 16 4 5 6 14 13
4 14 0 8 8 11 11 15 11 16 10 15 7 1 7 15 1 15 10 9 12 12 10 2 3 10 11 16 11 16 3 15 15 4 0 16 0 16 6 7 14 7 14 0 17 0 2 2 1 17 9 10 6 17 8 7 6 0 2 6 11 3 10 13 1 8 12 1 14 16 1 17 16 13 17 17 4 6 15 2 16 12 11 9 4
4 13 17 14 16 0 17 12 6 13 11 13 17 17 11 10 14 0 2 0 17 2 0 10 14 1 13 2 12 4 3 5 17 0 2 13 6 13 3 16 2 4 6 15 8 8 7 0 6 9 6 17 17 8 17 6 6 7 8 1 10 13 4 10 9 13 7 3 15 16 8 16 9 6 17 3 14 17 13 4 6 10 3 9 6
8 3 4 4 10 12 10 16 12 9 8 15 16 1 7 17 1 13 16 0 0 9 3 13 3 16 2 15 16 17 12 16 15 13 14 6 3 13 2 5 7 16 7 8 17 15 4 2 7 9 17 4 0 9 4 17 7 0 8 1 7 1 5 13 5 13 2 1 15 15 8 13 9 11 7 17 13 11 12 12 13 16 17 15 12
10 13 9 7 8 15 16 5 16 7 9 10 12 14 7 1 13 17 15 14 0 14 9 13 3 13 15 16 0 11 15 2 5 2 14 5 1 17 7 14 1 16 15 6 6 15 2 4 7 4 2 10 0 6 8 17 8 3 11 0 6 0 3 12 3 2 8 11 14 10 16 4 5 5 11 16 13 3 16 5 12 13 0 12 1
15 10 6 8 16 13 0 16 15 17 12 12 13 15 1 10 12 8 16 2 15 9 15 1 1 10 16 4 2 11 4 4 12 13 16 5 2 3 0 2 17 16 4 17 6 15 5 9 16 0 0 7 17 5 11 4 11 9 9 11 7 2 3 8 2 6 14 6 0 17 7 16 16 4 4 12 17 1 17 6 17 5 7 17 14
4 15 4 0 8 17 11 0 9 15 11 16 14 15 1 11 1 10 2 10 12 9 11 3 13 11 2 17 4 17 3 15 3 13 5 14 4 15 5 4 17 16 0 1 15 6 6 9 16 4 1 10 4 17 2 0 7 4 7 12 8 8 13 1 6 1 12 8 0 1 9 17 13 12 17 4 14 2 6 6 17 10 3 14 15
8 17 16 12 14 15 11 17 14 17 6 9 0 13 1 12 12 9 12 10 15 10 9 2 11 16 1 1 17 0 3 5 15 0 0 17 13 15 4 4 4 15 4 6 6 15 2 9 8 7 0 7 6 7 17 5 9 8 8 3 12 13 10 5 3 9 4 10 13 15 5 17 13 9 9 6 16 7 17 11 15 0 12 3 4
9 17 17 10 4 13 11 0 0 15 15 11 15 10 11 11 10 8 2 15 14 12 1 0 0 10 10 15 4 12 16 4 17 5 17 6 14 15 14 0 14 14 17 17 6 16 4 1 2 16 10 9 8 3 17 8 7 5 10 7 3 12 1 1 1 5 12 12 6 8 17 10 7 10 1 4 8 1 4 1 15 11 10 6 4
8 11 0 8 5 7 5 11 7 15 7 15 15 15 1 13 12 0 15 1 9 9 11 17 3 13 1 4 17 13 3 1 13 12 13 4 14 17 14 14 4 1 6 15 8 1 3 5 5 16 10 17 7 6 17 17 2 7 12 8 11 7 1 4 11 10 12 12 2 9 14 12 10 17 0 12 14 17 15 16 13 15 15 0 0
16 7 14 8 13 17 5 7 6 10 9 9 7 0 1 15 11 10 10 0 17 10 2 3 0 11 11 1 2 12 12 12 5 14 1 13 14 13 14 6 3 0 16 2 15 8 3 6 8 6 17 0 4 17 11 7 4 4 12 3 7 8 4 9 3 9 7 0 15 3 16 8 10 17 15 12 8 7 7 16 6 17 6 16 4
3 0 17 0 6 6 5 11 13 6 6 16 1 1 17 0 11 11 9 2 11 16 2 0 15 14 3 12 4 4 14 16 0 5 1 13 2 5 6 14 7 6 2 6 6 0 0 1 16 9 2 0 5 6 17 2 10 6 10 7 2 4 6 4 10 1 1 10 6 17 17 16 5 16 9 13 12 1 17 14 12 11 3 9 3
4 6 7 15 6 16 17 10 9 14 10 12 10 1 16 1 11 8 9 2 17 1 10 13 11 11 11 12 12 4 0 12 17 16 16 16 14 0 15 2 17 5 15 15 3 8 0 3 16 16 17 6 17 9 11 9 1 7 11 6 10 4 2 2 8 4 2 1 16 9 16 1 8 12 1 17 14 2 16 13 15 5 14 5 10
4 6 7 6 0 17 12 17 17 12 8 7 8 7 0 8 8 9 11 2 16 1 11 0 3 13 13 13 13 13 12 0 14 13 3 1 3 13 6 5 14 6 6 8 2 17 6 0 6 9 16 8 0 3 17 1 2 6 12 2 2 2 0 1 3 11 11 2 4 0 11 16 15 7 16 12 1 3 7 3 8 6 7 16 8
11 9 17 6 16 6 9 13 8 14 8 16 14 13 1 17 15 0 14 2 10 11 1 16 11 15 15 4 15 2 12 14 4 17 5 4 2 14 14 6 7 2 15 1 6 3 17 16 7 7 0 17 9 0 2 5 0 7 4 6 8 0 3 9 8 11 4 11 14 1 17 1 0 2 3 5 16 7 0 10 11 7 10 17 12
11 0 7 13 5 15 10 16 0 9 7 7 9 0 1 12 8 0 14 2 14 0 11 3 0 13 1 4 3 13 15 16 1 16 13 1 13 2 16 4 0 17 0 15 7 8 9 9 17 7 9 0 6 17 10 6 5 11 1 10 6 4 5 5 0 13 8 9 8 5 17 8 9 7 5 16 15 7 16 11 7 9 1 15 4
