16 15 12 6 13 9 7 10 9 8 0 11 18 1 12 12 8 9 14 2 2 2 0 10 3 13 1 14 4 4 13 17 13 17 16 4 2 18 14 17 18 4 1 15 8 3 9 9 16 7 4 6 5 4 8 18 11 11 0 5 1 12 5 9 9 13 3 12 12 15 14 1 15 17 4 12 11 17 15 16 10 12 9 12 0 17 4 12 1 2
9 6 9 10 14 5 9 12 8 16 10 16 16 1 9 1 10 12 9 13 11 10 13 3 3 18 17 15 3 12 5 5 1 5 14 17 2 0 1 7 17 6 3 8 0 7 16 5 9 0 4 1 6 1 0 0 18 8 10 12 0 11 5 6 2 5 10 14 2 3 5 14 3 18 0 14 17 7 6 7 14 2 4 16 1 10 1 16 4 8
8 8 11 8 6 0 6 11 0 6 7 15 15 1 12 1 12 0 2 1 12 9 11 10 10 13 18 1 4 4 15 4 5 0 0 5 4 17 3 18 14 15 16 8 6 18 18 17 5 9 9 0 6 17 10 5 18 7 0 7 0 10 7 13 12 8 3 5 9 3 12 3 14 17 16 5 17 17 15 16 9 1 15 6 8 2 9 9 10 5
14 4 12 12 13 14 18 7 17 10 7 10 14 9 1 0 14 9 12 17 18 2 13 15 3 3 18 16 2 18 12 3 14 5 0 16 0 1 6 15 5 3 2 18 0 4 18 16 5 8 8 3 17 6 1 0 18 4 2 3 7 12 1 10 13 5 4 3 2 10 15 4 12 17 17 15 10 18 6 1 17 18 7 10 11 13 1 14 1 1
11 6 4 5 0 11 14 6 16 11 17 12 16 15 1 18 11 18 2 13 11 12 10 3 11 16 13 15 4 14 16 16 5 2 13 13 1 15 3 6 1 18 15 18 0 8 1 9 7 6 8 5 0 17 18 4 6 9 8 8 8 7 0 12 6 8 7 13 0 10 5 14 9 7 9 18 4 15 17 6 8 2 13 16 3 7 2 16 2 6
6 6 6 5 11 12 8 11 0 8 10 10 7 14 11 1 18 13 1 13 2 18 11 3 1 18 11 3 14 16 12 5 2 16 1 3 13 0 7 0 7 7 5 15 5 15 15 2 17 18 6 17 9 17 6 11 0 18 2 10 9 1 13 11 7 9 4 3 13 14 5 15 16 15 13 18 5 14 0 2 10 13 3 1 12 10 15 9 2 8
16 6 7 18 6 13 0 6 7 17 9 17 1 1 16 1 18 15 0 2 10 10 18 10 10 3 14 11 18 17 13 2 1 15 18 14 16 4 14 16 2 6 16 0 8 5 17 16 3 2 17 10 6 9 0 3 18 4 1 7 11 7 7 12 7 1 2 1 12 9 1 5 18 18 14 1 0 12 4 13 17 16 4 1 18 7 17 14 13 4
8 8 8 4 14 15 9 0 12 13 0 14 1 1 18 8 9 14 14 2 16 17 1 10 14 0 12 12 0 2 14 3 5 3 3 16 6 6 14 5 18 0 15 8 7 1 9 8 18 6 17 1 10 9 2 9 8 18 2 0 7 9 3 2 1 0 1 12 7 6 4 10 18 10 10 12 18 0 15 6 3 6 6 18 16 0 10 6 4 6
7 8 14 9 6 11 12 9 12 9 17 15 12 0 12 1 8 0 14 2 11 10 14 2 13 3 17 13 4 4 18 1 12 13 3 0 18 15 6 3 6 1 15 2 15 1 17 0 4 0 17 8 17 18 5 11 4 7 18 9 3 7 7 13 12 0 1 3 2 9 3 14 18 17 12 11 17 6 11 3 17 17 3 14 12 9 17 3 4 11
0 0 12 10 16 8 10 10 18 11 13 7 8 18 1 9 14 10 15 9 2 17 3 15 3 14 15 12 15 0 12 14 0 12 16 18 0 6 3 2 18 15 6 8 15 2 4 4 4 16 10 8 8 0 5 11 18 3 0 8 9 8 12 1 3 10 11 14 3 5 5 3 11 12 18 16 18 18 13 7 7 5 11 5 12 2 14 15 18 7
16 18 14 9 5 10 15 6 16 15 8 6 9 7 1 1 11 13 1 2 18 15 16 10 3 14 1 0 12 5 3 16 17 6 5 6 0 4 18 14 17 15 15 0 15 1 3 3 16 0 17 10 6 5 3 5 6 18 4 6 8 1 1 7 10 12 13 7 13 3 6 3 9 6 18 17 13 6 17 3 0 10 18 14 1 13 14 8 4 2
6 4 15 14 12 14 17 17 18 7 17 10 11 1 1 14 10 0 1 2 14 9 2 3 0 12 16 13 12 13 15 1 5 17 14 16 13 1 14 6 3 5 18 8 5 7 18 0 16 7 0 2 6 2 5 10 1 18 3 12 7 8 10 10 7 9 8 13 0 2 11 13 10 16 10 17 18 6 11 13 17 14 11 7 9 16 17 1 4 10
9 7 13 8 5 7 14 13 18 10 16 8 1 1 1 14 10 9 15 18 14 18 12 1 3 10 13 4 18 13 4 16 17 4 5 13 15 14 18 17 1 2 2 2 6 16 9 2 16 7 17 17 5 17 0 2 11 18 12 9 12 12 1 11 0 1 0 14 9 8 11 11 18 2 11 18 0 18 10 4 9 15 7 18 12 7 1 3 3 5
6 15 6 9 5 10 6 7 16 8 18 16 1 1 10 8 10 15 12 2 15 15 16 15 18 15 18 11 16 4 12 15 13 5 15 13 6 2 17 18 17 14 7 17 18 18 2 5 18 4 7 17 17 7 2 10 18 4 9 8 2 2 13 0 12 2 14 4 1 15 11 11 18 18 13 18 12 14 11 2 17 17 17 2 9 18 13 11 4 15
15 8 10 9 7 6 11 11 15 16 18 8 12 1 14 1 9 15 12 2 13 18 10 13 1 14 12 0 4 12 16 3 18 14 3 3 15 6 6 4 15 1 6 3 5 8 16 2 9 5 17 0 18 1 10 18 8 5 7 8 0 12 0 10 13 13 3 10 15 12 9 3 11 15 13 10 6 13 14 18 5 16 18 4 2 16 17 4 11 17
12 16 6 14 8 5 18 16 16 6 9 6 10 12 1 14 10 12 13 9 16 2 14 14 15 14 4 18 14 2 16 17 5 13 0 13 14 15 4 15 14 3 7 4 3 18 16 9 6 4 5 10 1 1 5 10 18 9 1 0 11 9 0 7 0 8 7 7 14 0 4 8 1 18 14 17 6 1 17 14 9 17 4 17 17 18 7 15 6 4
17 11 7 6 4 15 7 16 16 6 17 0 9 14 1 9 15 10 2 15 2 12 9 0 15 3 15 3 4 14 5 2 5 16 3 0 16 18 3 5 17 3 0 8 15 18 2 9 0 9 3 7 8 18 17 0 11 6 10 10 4 9 4 12 6 0 10 4 3 7 14 6 1 18 18 17 17 16 17 0 14 14 7 0 18 4 8 6 18 12
17 8 5 18 16 17 0 14 17 14 14 7 9 18 1 16 8 0 18 9 2 0 18 3 10 16 12 4 18 15 13 17 15 13 17 1 4 4 6 14 15 18 8 8 2 5 18 6 1 0 6 18 17 10 2 3 18 9 6 0 2 2 11 7 2 2 10 8 15 0 11 7 18 17 0 18 16 13 18 10 1 11 5 5 18 8 18 16 5 11
5 16 18 0 17 11 16 0 7 0 8 14 18 14 1 14 8 17 9 2 14 10 14 3 17 3 12 11 16 13 16 5 14 5 2 1 16 6 16 5 17 17 1 15 8 18 16 4 4 1 7 1 10 18 3 8 5 18 7 5 3 3 1 11 2 1 10 6 0 12 10 0 17 18 11 10 17 13 7 6 1 10 18 14 13 0 0 2 14 1
9 0 8 7 9 17 9 9 0 13 8 7 7 1 13 1 18 10 12 2 2 14 15 14 10 17 14 1 4 16 4 1 17 5 17 0 0 6 16 14 6 16 15 6 5 3 6 8 10 10 5 10 6 17 3 6 6 18 10 8 0 3 2 5 9 12 6 1 5 12 4 1 5 17 9 4 6 9 13 17 14 16 11 16 1 17 8 18 14 17
14 14 8 4 11 15 13 9 9 6 10 10 10 16 1 16 10 12 9 2 13 16 16 18 15 10 14 11 15 0 2 5 15 13 5 14 4 15 14 6 18 15 0 17 4 15 17 9 16 4 10 9 18 10 6 11 7 18 7 5 11 13 10 9 2 14 11 2 4 14 7 9 2 1 18 12 8 17 4 14 17 5 2 18 17 0 14 3 11 16
6 14 12 17 15 11 5 13 15 10 0 0 0 17 1 8 12 18 9 1 2 0 16 0 12 16 1 11 15 0 14 1 5 1 15 3 0 6 0 16 1 7 17 18 7 2 6 16 2 4 3 18 10 0 9 4 18 1 6 12 9 12 4 6 2 12 0 12 2 3 2 4 17 4 11 16 7 15 14 2 18 14 0 16 5 10 11 7 7 11
9 12 9 0 8 11 9 17 6 8 7 9 9 13 14 13 17 13 9 2 1 14 13 13 3 1 17 12 11 14 2 5 1 5 13 6 6 14 14 2 4 4 15 5 16 8 1 1 16 2 1 10 9 9 1 11 18 2 0 10 12 5 12 3 7 11 13 10 9 12 7 10 15 0 7 12 7 3 14 6 17 8 5 2 8 7 3 13 6 5
3 8 18 0 6 5 9 9 14 8 12 18 14 1 1 12 8 11 2 0 2 18 14 17 11 2 3 14 16 4 12 2 18 3 13 15 6 2 0 6 14 3 0 2 0 7 4 1 8 8 0 7 17 4 7 8 18 8 5 3 2 13 10 6 7 13 4 9 13 11 6 3 18 8 18 4 16 17 6 13 3 13 13 5 14 13 12 1 3 8
0 5 11 5 5 17 14 6 15 13 6 8 17 11 7 1 8 13 17 2 10 1 17 0 16 14 16 3 18 17 1 17 5 16 2 13 5 2 2 16 7 15 0 15 18 4 1 16 8 2 7 17 7 1 5 2 11 18 2 4 5 7 5 8 6 9 1 4 13 1 2 9 6 2 14 18 9 17 13 2 1 8 6 0 18 7 7 2 10 14
7 9 8 16 5 10 18 16 6 0 15 14 12 17 1 18 15 14 1 2 11 18 0 13 12 2 3 17 15 12 16 13 4 13 1 5 3 6 15 3 18 2 18 8 17 4 16 18 8 4 17 5 1 10 1 18 7 5 1 10 3 9 1 2 13 12 7 3 6 5 6 4 18 16 18 15 9 18 2 8 13 0 18 18 10 8 16 7 15 12
15 18 5 5 18 8 12 9 6 16 18 7 11 8 1 17 14 13 15 2 0 12 11 10 14 2 17 3 15 16 4 18 12 18 17 15 14 6 17 3 17 2 15 6 15 16 2 16 18 4 1 17 10 0 2 10 6 9 18 7 0 3 13 12 1 9 9 4 14 2 6 8 14 17 13 13 7 9 13 7 17 13 13 14 14 12 4 13 0 13
15 10 17 17 0 15 7 8 7 11 0 8 9 1 15 1 18 14 14 18 2 0 10 1 0 13 15 13 4 14 14 15 3 3 0 16 15 17 2 14 7 1 7 7 6 7 5 0 2 0 2 17 0 5 10 9 18 9 6 3 12 2 5 0 13 11 13 3 8 6 7 6 5 11 4 5 12 9 6 13 16 12 0 15 3 4 6 9 8 17
18 4 10 10 8 11 12 18 15 18 0 18 9 1 15 13 11 14 2 13 16 12 2 13 3 11 18 2 3 17 16 16 5 0 5 18 18 15 14 5 7 5 6 15 18 8 2 3 8 7 17 18 5 4 7 4 0 18 7 12 1 9 12 11 10 4 12 2 13 9 6 15 16 18 11 4 17 2 18 18 16 11 2 5 16 8 0 6 3 15
10 7 14 14 15 17 15 9 15 15 11 13 7 8 1 13 12 1 2 13 2 15 0 3 14 17 2 18 12 16 0 2 17 17 14 6 2 5 7 2 6 15 5 16 8 2 8 16 7 0 9 3 6 17 7 18 11 3 11 4 3 12 2 5 8 1 10 3 10 10 2 8 17 12 3 12 2 4 7 14 5 16 6 2 0 5 1 12 9 14
