18 7 15 18 18 9 12 6 18 6 14 19 14 12 13 1 8 15 2 2 18 11 10 18 11 2 1 17 17 4 19 2 2 13 3 1 6 4 7 7 7 5 15 0 17 17 9 9 16 1 8 2 18 18 0 4 1 11 1 0 11 19 3 10 2 13 1 12 9 2 10 14 0 10 13 3 17 11 7 7 18 11 17 4 2 15 19 17 0 2 2 5 6 5 6
3 7 7 9 6 9 17 8 17 14 6 9 14 1 15 1 0 8 2 19 10 15 14 18 11 14 13 14 4 16 15 16 1 13 0 3 16 14 2 4 7 0 2 15 16 3 5 4 6 3 4 19 17 8 18 10 9 10 19 7 5 19 11 13 8 11 3 4 6 11 2 12 7 6 6 16 18 3 7 11 12 0 19 10 2 18 12 9 11 8 18 4 12 19 19
5 14 7 14 9 5 10 0 18 15 0 7 9 0 11 1 17 13 17 2 18 0 18 10 14 2 14 0 0 4 12 19 5 14 6 15 13 13 15 0 4 7 0 8 18 8 17 16 4 4 7 9 17 3 1 8 18 9 12 2 9 8 19 13 0 12 11 10 4 14 9 16 2 14 17 1 11 18 9 19 7 16 19 0 8 16 6 18 19 16 9 7 7 2 18
3 8 10 17 4 12 0 13 10 14 18 0 0 0 13 0 1 15 2 10 18 18 15 3 1 15 13 11 18 0 3 1 18 16 5 6 2 6 14 7 0 7 19 19 8 8 5 16 17 8 5 2 10 5 9 9 8 6 7 10 9 19 9 3 6 2 4 8 12 0 4 5 0 2 15 14 19 4 18 16 19 19 13 12 5 18 15 17 8 15 17 10 13 14 1
6 12 15 10 10 16 0 19 13 8 11 17 0 0 15 1 9 16 17 2 19 16 13 19 12 13 17 16 18 16 17 19 17 13 5 6 0 14 3 16 17 1 16 15 4 18 17 8 9 1 2 17 3 7 1 3 3 10 1 19 10 8 4 5 12 6 7 1 2 8 11 4 4 13 2 18 19 11 18 18 1 19 8 16 11 6 16 17 4 18 8 13 1 5 14
15 14 5 16 16 0 11 8 11 19 16 18 8 1 1 13 18 14 15 2 15 2 18 16 13 2 3 4 1 0 17 18 15 13 5 14 15 3 16 17 5 6 2 3 16 8 2 9 0 9 7 17 9 17 10 19 1 10 19 19 7 19 3 2 3 0 11 3 4 15 3 11 10 7 8 8 11 19 5 7 10 18 15 18 2 1 1 3 6 9 3 1 9 12 8
16 9 0 11 6 6 16 18 14 14 9 13 9 1 1 15 19 1 11 13 10 19 17 18 3 1 2 12 0 18 1 1 13 5 14 15 16 17 0 6 15 18 19 4 5 2 16 4 2 4 9 17 6 10 18 18 5 4 1 6 19 10 6 8 4 4 0 4 1 0 8 13 9 13 19 18 13 6 19 15 12 6 18 7 19 16 0 16 11 19 1 2 1 0 8
13 16 13 18 13 10 9 11 6 10 16 9 14 7 1 13 1 15 9 2 0 9 0 3 11 3 1 19 0 17 1 1 5 18 19 2 16 14 1 2 1 15 1 18 8 0 16 18 2 5 4 4 3 10 3 8 18 2 19 6 11 1 6 6 5 13 14 2 5 2 0 1 13 3 4 12 9 19 1 2 9 16 8 18 6 1 9 8 4 5 19 10 4 19 9
8 9 16 9 16 4 8 5 6 19 7 0 15 16 16 7 0 1 2 0 10 13 11 3 0 19 1 12 18 14 3 5 15 5 13 16 4 3 6 19 0 1 1 1 7 2 1 1 5 9 7 17 5 2 18 8 11 18 8 6 1 5 19 12 3 12 13 6 13 3 12 8 6 12 16 11 1 17 18 16 10 19 9 10 3 4 17 10 3 19 8 16 8 10 14
10 17 19 18 15 13 6 10 9 19 16 8 10 15 1 13 9 13 18 17 2 17 10 11 16 16 11 11 11 17 16 3 15 5 15 16 13 17 14 16 0 14 15 2 5 4 2 16 18 0 0 5 18 18 8 19 18 5 12 2 2 19 4 3 3 9 1 4 10 15 12 0 1 14 16 8 2 1 18 12 7 4 1 18 17 5 18 17 10 11 18 1 6 6 19
8 9 5 15 0 11 0 6 19 13 8 0 13 11 1 17 11 9 10 2 11 11 18 17 0 3 13 14 1 4 18 14 0 17 5 4 15 3 6 14 0 15 4 4 1 18 6 8 18 17 4 9 5 0 10 7 18 1 5 6 19 13 5 13 12 12 3 11 0 3 15 6 7 2 13 9 12 19 15 7 14 16 9 5 2 7 8 6 19 18 19 2 16 13 10
10 15 19 6 13 12 17 19 12 13 15 13 19 1 13 8 8 14 17 2 1 14 10 3 12 0 0 11 17 4 0 12 13 4 15 3 15 13 18 6 7 5 7 17 0 17 8 16 3 18 17 18 0 9 18 0 12 0 12 19 11 19 9 0 10 9 7 10 3 15 9 8 13 11 16 19 5 14 8 2 10 5 2 3 10 19 13 5 12 5 13 4 13 8 16
15 6 4 10 5 13 19 13 6 17 13 15 0 16 1 16 14 9 13 1 2 10 16 15 3 16 11 15 3 3 1 3 17 1 19 14 6 16 14 3 19 3 15 8 3 4 1 2 6 7 7 10 19 1 18 10 9 11 2 11 19 5 4 6 4 5 12 11 8 12 1 5 5 15 12 10 11 19 19 11 1 17 19 10 1 7 6 15 18 4 14 8 10 5 16
5 19 16 4 9 19 17 10 11 10 11 17 18 18 16 1 0 10 12 14 11 19 2 3 17 10 18 1 16 16 4 17 14 18 2 6 0 6 15 18 19 19 2 2 15 7 9 5 9 16 17 18 17 1 11 0 18 1 7 5 10 12 19 9 6 10 14 12 12 1 3 2 5 14 2 16 12 4 18 14 18 17 19 2 19 19 4 2 6 16 12 9 9 13 2
7 12 0 8 10 15 6 16 9 11 0 11 7 0 1 19 0 1 0 14 0 10 19 3 10 0 13 15 12 15 19 2 13 14 15 18 0 6 5 4 3 17 15 18 0 0 2 17 6 0 17 9 10 19 7 11 0 5 10 9 19 12 0 13 7 11 11 11 8 1 13 15 7 5 12 18 16 18 6 19 18 19 19 3 15 19 16 19 16 16 8 19 2 7 15
9 18 9 13 9 7 6 10 7 17 19 10 17 19 8 12 8 9 2 1 10 12 14 12 3 12 19 13 18 12 14 4 2 0 19 16 15 14 5 14 7 18 4 2 19 4 3 16 17 9 17 17 8 10 3 6 7 9 4 8 5 19 1 1 8 4 2 8 5 2 0 1 5 0 11 8 9 1 19 6 10 19 15 9 13 8 17 0 0 2 6 0 16 12 15
8 12 5 12 11 8 13 6 0 8 8 6 7 1 10 17 18 1 13 2 15 15 18 13 12 11 14 15 15 12 14 12 13 2 16 13 1 19 14 2 7 16 16 1 17 8 16 2 18 9 1 4 17 18 2 5 0 1 0 2 19 6 9 11 3 6 3 8 10 7 7 5 4 7 12 5 0 19 18 15 5 1 2 19 6 15 19 15 17 5 16 10 1 2 18
18 8 17 15 4 11 16 16 10 18 16 10 17 0 10 10 18 2 12 2 13 13 0 10 19 3 12 4 14 2 18 19 19 14 6 13 6 6 16 19 4 0 16 7 5 16 6 7 9 9 17 2 4 6 6 5 18 3 2 5 19 12 13 10 3 13 2 4 7 6 2 14 4 14 12 10 12 19 19 15 3 8 11 19 4 17 17 8 17 3 16 3 19 13 18
14 0 7 7 13 11 9 10 17 12 9 19 19 1 14 0 9 14 2 14 9 11 16 2 3 13 14 0 17 3 14 0 5 3 13 4 4 17 14 17 2 18 7 6 7 18 17 16 19 9 19 19 4 19 18 7 3 6 19 10 19 19 0 2 0 7 8 7 2 11 9 15 1 15 8 3 18 12 19 8 11 18 14 11 19 4 4 18 19 19 4 8 19 17 10
17 9 17 9 0 8 5 9 12 10 19 18 15 8 1 8 14 14 11 13 15 2 11 3 0 11 18 4 11 4 3 12 16 5 1 13 17 5 15 2 14 3 2 7 6 5 2 0 5 4 2 4 6 6 8 2 18 7 7 4 19 12 6 11 13 4 4 5 7 11 2 13 15 15 16 10 19 7 18 12 0 19 19 1 3 17 18 0 1 13 11 15 16 5 1
0 6 17 18 7 16 19 12 9 17 17 11 18 11 10 1 16 13 9 17 2 9 12 15 1 16 13 10 4 11 18 14 5 16 16 15 18 18 1 3 16 15 6 3 0 6 19 17 16 2 17 10 5 10 1 0 11 18 10 7 12 19 12 9 5 8 11 10 1 5 7 10 6 10 14 16 15 4 1 19 15 19 18 13 12 2 19 18 0 15 2 13 2 7 10
10 11 6 12 15 9 15 19 18 8 10 12 1 1 9 1 9 12 14 2 16 17 17 12 3 15 16 13 13 0 18 13 17 14 14 14 6 3 5 17 6 16 15 17 4 5 0 16 9 7 17 6 2 7 3 11 18 5 10 19 4 3 2 9 0 12 14 8 5 4 10 14 11 13 10 18 4 12 11 1 4 3 16 17 5 2 18 14 15 6 2 0 5 7 14
14 16 7 18 16 13 7 15 8 8 19 17 7 8 13 11 14 9 2 1 12 14 10 12 11 3 13 0 4 4 19 2 5 3 13 5 15 4 15 15 4 0 17 2 0 6 18 16 9 17 6 4 17 9 8 7 4 4 12 7 6 19 6 9 9 3 4 8 12 9 5 10 10 14 10 2 19 19 8 5 7 12 18 9 17 15 14 13 3 1 2 6 14 12 8
3 3 15 0 0 19 18 6 6 13 18 13 17 12 1 8 14 12 2 9 2 2 0 12 3 14 11 3 12 2 1 5 19 5 3 1 6 15 14 7 6 5 17 5 8 2 6 16 9 2 7 8 0 10 1 8 9 0 2 19 12 11 9 10 7 3 7 11 9 11 12 11 4 15 12 8 18 10 8 4 0 11 2 10 6 2 6 10 7 4 7 8 13 2 11
10 15 6 9 0 5 18 13 9 13 19 18 12 1 18 11 18 12 18 18 18 0 10 13 12 15 3 4 2 17 13 18 18 13 0 4 15 6 1 5 15 16 4 19 6 16 7 9 17 9 4 5 2 10 18 1 18 9 4 12 19 3 7 12 2 11 12 11 10 5 7 13 5 1 7 3 9 0 8 2 18 6 1 4 6 17 11 6 4 16 7 8 15 10 16
5 4 7 6 12 17 15 17 6 6 18 8 8 15 1 0 9 11 2 2 12 0 13 3 3 13 19 18 18 0 1 13 17 18 3 18 3 14 1 7 6 1 15 3 17 2 16 7 6 5 19 17 7 19 18 19 4 5 3 11 19 2 0 11 1 3 11 8 6 7 11 15 6 1 5 1 19 19 5 18 8 8 14 9 8 5 17 16 7 19 5 13 4 1 9
17 5 12 9 7 9 9 10 6 18 0 9 7 13 14 1 16 11 13 14 13 14 2 1 14 17 17 4 3 12 3 12 4 5 4 3 14 6 18 5 6 15 8 19 19 5 6 7 9 8 17 2 10 4 18 8 10 8 0 19 12 19 1 9 13 2 2 0 9 3 14 15 10 0 1 12 3 18 19 0 12 3 16 11 11 6 6 2 5 7 7 18 7 18 7
8 18 17 18 11 0 12 18 13 7 10 7 0 1 10 18 17 0 2 1 2 1 1 18 3 18 14 15 14 4 12 12 2 0 17 13 1 1 14 4 18 7 18 15 4 8 2 3 2 7 17 3 4 7 18 18 19 2 2 19 5 11 6 5 12 3 10 1 12 11 4 2 1 5 13 1 18 15 18 10 18 10 19 19 8 0 7 3 4 16 15 4 16 6 1
13 4 0 16 6 7 16 10 9 11 18 15 10 1 1 9 10 1 10 2 9 19 11 0 11 3 1 15 13 0 4 13 3 3 5 5 13 3 5 14 3 19 6 6 3 3 9 4 3 9 5 17 6 5 9 18 6 1 19 7 9 13 0 9 3 2 3 12 8 11 4 0 8 4 15 16 18 19 17 10 10 1 10 18 4 16 7 3 4 3 6 0 1 8 16
8 8 18 18 8 8 0 16 14 8 7 11 10 12 1 17 9 18 16 2 9 19 14 14 2 3 11 16 2 12 0 4 1 5 4 6 18 14 3 6 2 0 15 8 18 1 5 9 1 4 17 18 10 7 3 2 5 6 9 19 10 7 3 1 5 1 12 6 4 7 4 15 6 3 13 14 5 18 2 1 19 9 19 6 18 17 6 5 10 1 17 3 11 6 0
