19 10 5 18 20 20 11 5 8 7 17 0 19 1 0 1 0 15 19 14 14 9 10 3 2 2 19 3 13 19 3 17 5 0 1 15 2 6 14 19 15 16 15 18 7 1 8 7 7 9 17 10 20 1 19 19 10 6 19 19 3 10 3 8 12 20 11 0 9 11 6 4 9 8 0 7 10 7 8 6 19 4 17 16 14 0 2 13 12 14 6 8 1 3 2 0 1 19 15 4
15 11 18 20 9 13 20 16 12 17 0 8 14 1 8 11 13 0 19 2 0 2 10 3 18 3 12 4 15 18 14 20 16 18 2 5 6 14 20 14 0 17 16 7 6 16 1 18 0 17 20 1 5 4 10 4 1 1 19 5 0 9 20 5 12 20 8 2 9 2 10 4 2 0 7 5 12 17 16 9 19 1 17 13 6 2 10 19 6 20 20 8 10 20 17 12 12 12 13 12
8 20 18 9 4 11 19 5 20 7 7 19 12 8 12 1 16 10 2 19 11 16 17 15 3 10 11 17 16 17 4 5 0 17 20 14 6 15 4 14 6 2 6 18 20 6 16 2 1 1 9 10 9 18 18 2 9 10 0 19 4 19 19 0 9 20 3 7 1 14 6 8 8 9 5 13 12 5 7 1 10 20 12 16 1 20 18 20 6 19 0 13 7 18 19 15 13 12 14 19
8 15 7 13 16 5 7 11 9 10 6 15 10 7 1 18 16 18 12 19 12 17 11 15 11 13 4 1 18 19 14 12 4 17 6 5 6 5 14 15 15 15 1 8 5 8 6 2 18 2 19 5 7 0 10 19 18 4 8 11 5 2 5 12 8 20 2 14 0 9 2 2 10 1 12 14 13 4 0 15 7 19 8 19 7 6 14 20 20 0 3 19 0 17 18 20 18 2 12 18
19 20 6 12 0 12 5 12 17 0 19 7 16 14 1 1 9 12 10 0 16 10 1 15 3 16 11 4 19 12 16 12 4 5 0 1 6 20 14 20 20 6 15 5 4 3 2 8 8 7 4 17 0 3 6 18 4 7 10 1 19 8 7 0 9 20 11 10 14 0 0 13 10 12 0 10 9 0 11 18 19 19 19 1 16 9 19 19 17 14 16 15 18 2 12 9 4 6 17 6
0 0 20 13 16 19 6 13 6 9 11 16 13 1 1 18 13 0 1 2 15 11 0 14 3 16 11 0 3 0 19 3 13 14 4 5 18 4 17 7 6 7 16 3 15 16 7 16 3 9 6 7 7 3 18 11 11 1 19 0 0 11 13 13 10 20 2 14 2 6 14 10 9 6 12 15 4 0 15 0 10 20 17 20 11 12 18 18 9 1 4 8 8 3 16 9 9 9 3 15
17 15 5 8 7 11 16 10 19 6 16 13 10 8 9 1 11 10 10 10 2 14 14 14 17 14 11 4 12 19 15 14 0 15 4 5 20 16 14 7 14 6 18 16 4 0 4 8 19 9 0 10 20 8 4 18 3 20 5 19 20 5 13 20 7 14 11 9 9 14 1 9 10 7 4 9 5 1 15 3 19 20 15 20 3 19 12 17 7 19 8 10 1 20 6 18 4 19 11 0
4 6 11 18 18 5 20 10 17 15 20 8 19 16 1 10 18 12 1 2 18 10 20 0 3 13 3 13 2 4 12 2 5 0 3 4 17 17 20 15 19 7 15 8 8 1 3 2 1 0 17 8 5 18 6 19 7 19 20 19 11 7 7 11 6 12 8 3 14 13 15 5 3 14 3 2 16 13 4 3 19 19 19 1 12 9 3 1 1 2 11 9 10 16 18 15 18 19 10 9
18 13 17 0 16 14 13 12 15 10 15 0 15 1 16 0 11 2 2 10 12 2 1 3 11 13 0 13 4 1 13 14 0 4 16 13 16 18 5 18 15 15 7 2 16 8 7 17 9 17 5 9 8 18 18 4 8 4 10 19 9 0 4 13 20 13 0 8 15 12 0 3 15 3 7 9 5 4 4 19 11 20 7 20 20 5 6 7 7 15 19 15 13 13 14 7 6 14 2 1
16 17 4 8 16 5 6 8 9 10 11 18 13 17 1 17 18 17 12 14 12 14 10 0 14 3 13 13 4 18 2 0 12 3 13 5 6 2 0 14 16 16 6 17 1 18 16 5 7 9 4 2 4 19 18 6 2 12 19 12 19 7 9 4 20 14 8 0 14 5 13 6 13 14 11 4 6 11 17 12 6 7 7 18 11 16 8 2 20 13 18 7 14 13 10 4 7 7 17 7
8 7 20 10 18 0 11 19 0 13 18 16 0 1 1 17 18 0 2 12 2 1 0 18 14 3 11 11 12 0 16 13 5 19 19 18 18 19 20 0 7 18 20 6 16 3 7 17 9 3 5 4 10 4 3 0 4 19 2 0 7 12 20 10 3 2 5 11 0 2 6 0 10 7 0 4 16 15 9 20 18 20 20 19 2 17 19 6 14 16 19 10 16 1 13 10 6 16 10 3
5 4 20 8 16 13 11 8 8 13 12 19 9 1 16 1 13 11 9 2 18 14 1 1 16 4 20 4 16 13 19 3 5 14 1 17 14 1 5 19 7 7 6 1 8 17 16 7 9 17 9 0 18 9 18 20 4 4 19 7 12 3 10 4 20 6 2 11 13 9 7 10 12 10 14 10 14 5 7 12 20 15 12 3 19 13 4 14 3 18 19 1 1 0 14 3 19 15 1 3
13 7 20 8 6 9 11 8 20 7 12 19 9 1 9 16 15 17 9 2 10 11 1 3 16 18 11 17 4 16 3 5 2 15 13 2 6 19 3 4 19 7 18 6 2 4 2 18 9 3 17 4 3 2 4 0 6 2 19 2 2 2 5 0 6 20 7 2 11 12 6 2 16 13 14 8 9 13 6 20 13 20 19 2 4 19 17 16 5 19 9 18 9 1 12 10 7 20 18 6
11 19 19 15 18 11 7 6 6 10 14 10 8 11 1 13 15 9 1 11 2 18 10 17 11 15 11 12 15 13 14 15 3 5 13 19 17 17 6 6 7 19 17 20 6 2 16 5 17 0 9 17 7 20 19 18 5 11 4 7 6 8 1 20 5 7 14 7 0 13 13 11 2 2 12 1 12 12 2 19 8 9 19 14 3 19 15 18 9 19 5 17 17 12 11 17 3 1 7 12
9 19 18 13 17 6 7 13 7 6 12 7 7 0 1 9 14 9 2 12 0 1 11 3 15 18 3 15 15 18 18 13 3 5 17 13 4 0 4 2 3 7 19 16 18 20 17 9 0 19 17 18 10 18 20 7 9 2 11 19 8 0 20 6 13 4 12 8 1 0 2 2 7 15 14 13 8 16 12 0 20 13 19 13 4 10 6 10 11 5 19 3 14 15 18 7 2 1 14 1
4 15 0 11 18 13 6 15 17 14 17 9 12 12 1 9 11 20 19 2 10 12 0 19 14 16 14 18 4 3 20 18 16 13 2 18 20 6 15 20 20 15 4 17 0 16 2 20 4 9 17 1 7 3 4 3 19 9 4 5 4 7 1 5 3 20 0 14 7 0 11 10 15 8 0 4 2 18 4 14 20 9 4 18 17 18 6 7 9 0 3 17 6 10 11 14 10 20 8 9
10 9 5 0 7 16 0 14 9 7 10 8 20 1 1 1 20 13 19 1 2 16 10 3 3 13 3 20 4 14 0 3 18 20 13 5 15 6 19 1 16 16 7 2 0 3 18 17 2 2 19 8 18 7 7 7 4 8 11 19 8 1 5 20 5 14 1 0 7 5 12 14 1 4 5 2 4 5 13 19 20 20 20 0 13 9 6 20 19 3 13 16 17 6 7 15 0 0 8 19
12 10 15 8 12 18 16 15 12 7 18 19 12 1 18 12 1 20 14 11 0 20 3 15 17 3 12 4 2 1 13 17 13 5 13 0 5 6 19 5 7 19 2 7 8 16 0 20 1 4 18 9 5 6 18 3 5 2 4 5 6 12 3 20 8 2 8 4 4 1 1 4 4 9 3 7 10 13 0 4 3 20 16 19 17 17 19 3 10 4 1 0 11 14 6 2 3 4 16 15
16 12 7 15 10 0 20 16 14 10 0 17 17 20 1 10 14 16 1 0 0 15 16 3 1 3 2 11 16 4 13 5 1 13 19 5 18 5 14 18 15 7 18 16 16 0 1 20 20 17 5 17 20 20 11 18 10 3 1 12 1 6 13 9 20 2 2 4 2 9 13 1 5 7 8 11 0 13 13 10 19 5 12 19 19 7 19 20 13 1 15 8 19 6 13 2 7 3 18 9
8 10 8 4 12 0 9 8 0 9 7 9 15 7 1 17 15 0 0 2 18 18 0 3 13 0 13 13 2 12 2 20 4 17 6 19 20 5 6 14 7 19 3 19 7 18 1 16 6 16 3 18 0 2 10 7 9 8 8 19 12 7 4 1 6 20 14 0 8 0 15 6 3 16 11 9 11 11 14 11 6 19 20 20 9 20 9 7 17 16 19 3 4 1 16 2 17 4 8 8
12 19 10 13 16 8 13 0 12 12 11 16 10 12 1 0 15 9 12 12 2 13 12 10 20 10 0 13 18 4 3 18 16 3 0 5 0 2 6 19 1 17 17 19 2 20 20 17 4 6 9 7 7 5 11 18 7 11 8 5 12 10 7 20 13 8 6 4 14 5 13 13 9 14 12 11 2 14 1 19 2 4 19 11 20 18 20 8 7 6 10 20 5 18 1 20 18 15 11 2
8 16 18 18 8 11 17 11 16 20 11 11 13 1 17 11 20 19 18 2 10 14 3 1 11 3 20 17 12 19 17 12 12 20 14 18 0 17 6 20 3 16 17 16 0 8 1 18 6 4 3 2 5 18 0 18 18 20 19 8 5 4 13 6 20 9 10 8 14 13 6 0 2 0 8 1 17 14 14 0 16 2 20 7 20 2 17 2 19 20 13 1 8 9 10 12 6 13 6 8
9 14 15 11 20 5 6 0 18 16 19 8 0 1 19 0 8 13 9 9 9 13 19 0 18 3 1 4 0 17 1 12 20 4 14 19 2 17 0 14 18 0 16 2 7 8 5 16 18 20 5 17 19 9 5 20 10 6 9 19 4 9 6 13 4 20 7 12 2 11 15 0 9 15 2 15 10 0 14 13 20 6 4 6 20 0 2 5 19 19 12 6 0 4 19 0 12 18 4 20
12 13 13 10 9 20 6 12 0 12 20 9 9 1 12 10 10 15 2 10 13 17 1 10 3 1 1 19 16 4 12 2 20 5 6 3 4 6 14 19 4 1 15 1 16 2 8 4 17 0 2 9 20 4 3 19 8 4 5 19 9 6 5 20 2 4 7 1 7 15 3 15 6 10 7 2 2 13 3 3 19 0 19 20 20 4 8 11 1 16 0 5 20 19 17 5 19 0 18 13
18 9 9 4 4 14 16 15 17 11 15 15 11 14 10 1 8 9 16 20 2 9 14 13 12 2 3 4 13 2 0 1 15 13 2 6 19 1 7 0 6 4 8 15 16 2 0 9 8 8 1 1 10 6 2 1 11 5 5 19 4 9 7 13 2 20 7 11 11 12 10 15 12 0 2 2 12 1 11 0 2 15 17 6 18 2 19 13 2 18 1 15 13 0 6 7 2 2 5 17
6 16 17 10 17 11 0 8 16 0 16 0 16 16 1 12 19 20 10 2 12 16 1 10 17 11 3 19 17 4 16 20 17 4 16 19 2 14 2 15 6 3 20 19 20 8 16 19 8 20 18 6 1 18 0 10 3 5 19 9 9 0 4 20 1 6 13 2 14 0 11 2 15 2 13 8 2 4 6 0 19 4 8 0 2 3 16 0 15 0 13 1 13 10 10 20 1 2 7 2
8 15 6 5 17 17 19 10 13 7 16 19 1 1 1 20 9 12 2 14 10 2 17 3 10 13 17 1 17 16 5 5 14 20 2 17 18 6 15 20 5 1 20 0 4 1 0 3 0 17 2 2 10 10 10 11 20 8 8 19 11 6 9 3 7 20 6 10 12 7 0 8 2 3 1 10 7 7 14 19 19 1 19 19 8 20 14 9 5 5 1 9 6 7 18 14 17 6 0 20
1 18 16 8 15 5 16 8 13 7 19 19 9 10 1 19 12 1 0 10 13 2 15 10 19 3 0 18 3 19 18 12 4 19 18 19 20 6 4 16 14 17 1 2 5 20 6 16 7 18 17 19 10 9 0 18 9 1 19 5 11 0 20 11 5 20 7 13 4 5 11 6 12 14 3 8 10 1 17 7 19 19 19 19 17 19 13 18 3 18 6 6 12 16 7 14 8 2 7 2
20 4 14 6 17 8 8 9 16 10 12 10 8 9 1 10 11 8 11 2 2 14 2 13 10 12 16 4 4 17 17 19 18 16 20 13 0 4 17 18 3 15 5 7 5 16 9 6 18 6 17 4 6 17 0 18 11 6 7 0 6 10 4 13 20 2 7 8 1 1 2 14 4 4 16 7 10 4 14 8 13 5 1 5 20 3 20 15 20 3 5 7 3 20 6 0 13 12 4 5
17 18 15 20 18 0 18 5 19 19 12 10 16 19 1 0 20 20 9 10 20 16 20 3 13 14 3 12 11 15 16 20 5 20 3 13 14 6 2 14 18 3 5 1 1 16 18 2 16 9 2 18 7 0 19 0 18 9 6 3 20 8 12 11 20 1 14 3 12 12 3 14 7 15 14 9 16 10 10 1 19 10 0 15 7 10 19 7 7 15 18 2 12 7 9 16 5 9 9 13
