8 17 17 14 0 18 20 14 13 7 17 8 20 14 1 19 11 16 9 14 11 13 3 14 2 3 11 18 17 20 14 20 5 18 1 16 3 0 2 4 7 15 2 18 21 16 3 17 19 17 18 19 8 9 4 18 2 2 5 4 21 20 20 9 21 21 13 4 21 2 15 3 0 16 13 17 7 2 1 0 6 0 0 5 20 5 21 18 20 20 2 7 16 17 16 9 9 10 9 7 17 16 19 5 2
11 10 13 19 0 6 7 17 20 11 8 16 20 14 10 1 19 21 21 13 2 20 10 18 3 17 19 4 16 1 13 17 19 16 17 0 15 6 1 5 18 18 0 5 1 6 2 7 17 6 2 4 3 8 4 20 8 19 10 2 11 8 13 12 0 4 8 21 7 3 15 7 7 7 15 10 4 6 12 14 5 10 13 3 10 21 20 16 21 7 20 5 11 2 16 12 13 2 9 13 4 7 0 9 19
20 18 17 7 10 5 20 20 20 15 20 9 19 10 1 8 8 19 2 18 20 10 3 3 14 19 11 18 4 15 14 19 18 19 0 20 15 4 14 2 4 21 0 4 21 3 8 7 17 4 19 21 0 21 21 1 3 21 9 19 12 11 7 7 9 2 14 7 21 11 15 1 12 8 12 1 3 4 12 6 8 9 9 13 21 13 21 17 21 20 20 21 15 15 20 12 8 1 6 19 20 10 10 3 1
9 9 7 19 11 9 7 10 9 12 8 14 8 1 21 21 15 1 17 14 11 20 19 3 1 2 1 4 1 2 4 16 13 20 5 0 14 6 14 0 7 7 17 21 21 3 8 2 2 17 2 3 18 20 7 20 6 19 11 0 10 20 8 9 10 6 2 21 4 8 13 2 2 9 8 10 9 12 13 10 14 18 1 13 20 12 21 5 6 18 21 14 2 3 11 9 0 5 19 10 1 19 17 6 7
6 0 14 12 15 16 14 13 20 13 0 14 8 16 1 1 14 13 18 1 15 2 2 15 11 3 15 4 4 1 13 0 20 5 17 17 14 18 15 1 15 16 4 16 5 17 7 0 17 9 0 0 10 18 2 19 3 19 11 9 1 20 9 9 5 3 21 8 7 1 4 6 5 5 6 13 3 0 2 0 0 0 15 20 3 2 10 20 15 21 1 7 10 9 21 6 4 10 4 7 8 3 3 7 9
3 8 6 21 11 16 21 0 9 0 18 12 0 19 1 10 0 10 10 20 2 15 13 3 11 0 17 14 16 3 1 13 5 3 13 13 21 0 18 14 7 15 19 16 17 1 8 5 9 3 19 6 0 4 10 7 21 2 19 4 3 3 20 8 21 10 11 2 21 5 6 9 4 2 12 2 11 8 3 8 12 13 11 7 20 15 0 21 21 8 18 15 21 1 21 6 12 2 16 0 16 17 5 3 11
8 10 0 19 5 20 11 11 15 16 16 0 14 1 1 19 0 10 14 2 0 1 10 15 1 17 3 14 2 14 14 1 1 20 13 14 2 20 6 14 20 4 15 2 20 7 4 1 9 8 4 17 0 4 3 5 8 0 7 19 21 8 0 1 12 14 14 14 21 13 10 0 9 7 12 9 17 12 9 3 0 17 0 21 13 20 18 16 14 16 18 2 20 14 9 15 4 19 21 10 6 9 3 21 21
0 20 7 10 8 9 19 8 21 7 10 13 16 1 1 16 15 11 9 2 14 18 0 2 3 1 19 21 3 16 3 1 4 4 0 14 5 14 20 0 16 18 5 1 6 8 20 7 4 17 9 10 0 1 8 6 8 19 5 3 8 6 8 12 1 10 21 3 3 2 5 7 14 13 0 1 11 2 5 10 1 13 6 10 21 16 21 4 13 3 18 18 3 1 16 11 12 11 5 7 1 19 18 1 10
13 5 5 11 21 11 21 21 20 19 7 8 10 1 15 1 1 14 1 2 1 10 16 10 3 14 1 0 12 15 3 16 16 2 18 21 6 5 20 6 17 5 20 18 4 7 1 6 17 0 1 19 2 3 1 19 11 8 10 3 6 20 10 13 1 6 21 10 3 13 7 11 4 2 8 14 10 12 11 9 9 6 13 4 20 17 20 13 19 1 10 20 17 8 17 8 10 4 3 16 16 15 1 4 18
20 7 13 12 0 5 19 8 0 12 17 8 16 1 1 1 14 16 9 13 13 16 16 14 3 11 1 1 0 12 13 19 5 4 3 14 14 21 6 15 0 4 5 0 19 8 21 17 7 9 17 0 20 19 9 10 9 20 19 0 8 21 13 3 7 11 12 21 11 6 5 15 1 11 15 9 0 3 2 2 16 5 20 21 21 16 20 20 4 21 17 0 15 7 6 8 7 15 21 10 4 6 9 21 17
11 15 14 5 12 18 5 14 9 13 21 15 9 17 1 1 14 1 18 2 16 20 3 20 3 2 12 1 21 4 20 5 2 0 5 3 14 19 17 2 20 0 2 1 3 8 0 20 17 9 17 10 19 19 18 9 10 6 4 8 20 0 20 5 13 7 13 21 0 3 13 4 4 7 11 12 16 14 0 11 6 0 9 21 20 21 21 5 20 18 19 19 21 19 1 18 16 3 0 16 3 9 4 10 0
11 6 21 21 21 5 20 21 21 11 20 0 8 1 14 1 1 11 8 14 20 2 17 12 11 3 15 15 4 12 14 4 4 20 3 3 21 19 19 6 5 5 2 8 16 0 5 1 19 20 4 18 9 10 1 8 8 12 19 12 8 1 21 20 0 21 9 12 21 8 5 0 13 13 13 2 8 8 5 9 16 2 12 4 20 8 20 21 20 20 16 10 18 21 18 3 7 15 18 5 11 18 1 9 19
1 5 12 6 11 19 15 7 8 6 7 11 14 21 0 1 19 18 18 8 21 21 17 21 17 21 2 4 15 4 18 12 21 4 16 18 2 16 18 20 7 18 19 7 8 5 16 3 19 21 8 5 6 18 6 10 3 5 21 1 21 12 4 20 8 8 0 8 5 21 14 12 8 9 12 16 12 4 6 2 3 13 4 9 21 16 21 7 21 9 6 14 20 3 4 12 11 12 16 2 18 21 20 7 16
4 17 21 21 10 21 18 19 0 21 19 20 18 17 20 1 14 0 16 2 15 0 1 10 20 3 12 0 16 4 0 20 2 21 0 3 6 14 14 4 2 21 16 7 8 18 16 18 1 10 6 10 4 18 5 21 7 0 7 19 11 20 7 11 21 0 9 12 21 15 8 9 8 0 12 12 15 2 9 16 12 4 6 15 20 0 6 5 10 21 10 18 12 20 8 4 0 17 19 12 9 21 4 15 12
8 5 0 19 9 11 8 11 10 6 21 19 7 1 7 9 21 14 2 2 13 0 18 18 3 18 11 15 1 2 19 1 5 4 1 13 6 14 18 2 16 0 18 15 17 6 6 1 9 7 6 2 9 3 7 5 7 19 9 20 6 12 5 1 7 2 10 7 21 15 2 0 10 6 14 5 9 10 17 8 10 3 7 21 21 15 15 13 2 21 10 20 18 10 21 2 3 14 8 13 12 13 4 2 10
10 6 12 18 12 10 7 8 16 10 10 21 19 9 1 0 20 2 2 10 13 2 14 18 3 19 19 3 14 13 14 5 0 13 20 6 5 6 16 5 2 2 20 2 8 16 8 9 17 3 17 4 6 19 18 5 3 0 7 7 12 2 20 8 12 3 21 13 13 15 3 5 2 1 16 12 5 11 4 18 12 7 20 20 10 20 11 19 21 2 3 14 8 15 15 21 15 6 17 0 13 5 14 1 21
17 8 4 17 6 6 14 21 7 13 0 16 16 1 14 13 1 9 2 11 12 21 0 12 16 3 17 12 15 17 1 4 0 0 13 14 6 2 21 14 0 18 18 21 5 8 9 9 5 17 1 5 9 8 5 9 6 10 9 7 10 5 20 13 6 2 3 21 6 2 2 2 5 16 11 16 14 13 8 8 11 16 14 20 20 4 4 20 14 21 0 5 6 6 2 18 20 1 16 17 15 8 12 18 18
17 7 11 7 7 19 6 8 16 0 19 7 1 9 1 11 19 1 10 18 2 0 17 3 12 11 18 1 4 13 14 18 13 19 19 15 4 6 1 20 3 7 3 2 8 16 7 3 21 4 2 0 19 1 18 11 1 10 11 19 20 7 6 9 12 12 1 13 21 12 14 9 4 3 15 1 14 9 17 3 18 17 11 20 6 19 21 21 21 11 18 12 8 17 6 3 8 18 3 10 21 6 13 13 20
12 18 13 14 20 0 13 13 7 10 20 8 12 21 1 17 13 9 14 2 12 15 11 3 14 13 15 0 16 15 18 17 13 4 2 1 6 15 14 21 0 20 4 2 2 17 16 8 6 9 3 17 2 21 18 5 20 20 3 19 9 2 21 6 7 13 21 21 12 21 9 0 14 9 7 16 17 13 0 2 16 0 13 21 20 0 19 21 9 6 17 16 13 6 18 17 14 16 4 4 3 10 3 9 11
21 7 18 11 11 9 8 6 7 14 19 10 16 19 1 10 14 17 2 10 19 19 14 3 10 20 11 16 4 0 17 4 5 16 14 6 1 17 0 19 19 2 21 3 21 7 3 4 9 1 3 7 18 4 9 10 0 9 19 3 12 2 4 20 7 14 21 0 1 10 13 15 2 11 10 5 4 16 0 13 14 12 12 20 18 21 0 21 12 18 6 18 12 2 10 5 11 16 8 8 0 20 12 11 4
11 13 19 6 8 7 9 0 17 8 19 15 10 1 10 8 11 9 2 2 14 2 0 1 3 2 16 3 4 17 14 21 15 16 3 20 16 18 5 19 5 15 4 19 7 0 19 6 17 21 21 6 20 8 3 11 20 19 4 8 2 20 21 6 7 5 0 21 13 14 14 7 11 11 11 5 17 6 12 17 7 14 21 21 21 20 18 21 21 12 4 1 6 17 19 3 20 0 19 20 14 18 5 1 7
21 11 14 20 8 19 6 19 6 10 9 16 19 20 1 9 13 19 2 9 19 19 16 16 3 18 13 15 12 4 1 19 18 5 2 14 6 6 15 4 18 15 16 7 19 20 3 4 0 17 21 20 10 4 8 7 11 19 12 12 1 6 20 8 12 21 7 21 1 13 7 1 3 12 1 15 8 4 13 0 2 6 20 21 2 21 21 14 20 6 12 4 3 12 21 21 12 21 1 0 16 15 0 18 14
4 19 16 5 7 21 17 7 19 6 18 18 18 12 1 8 21 14 20 2 19 2 16 3 10 10 14 11 4 3 11 3 18 4 13 21 19 6 17 0 19 4 4 5 6 4 2 17 18 21 17 10 4 20 18 18 5 10 19 5 9 2 3 13 1 9 4 1 1 21 2 8 3 12 12 12 5 4 17 16 2 11 14 12 20 10 21 15 13 4 17 1 9 3 19 18 7 9 7 16 0 19 13 5 1
9 4 0 4 13 18 8 8 9 12 16 10 12 15 1 12 17 20 2 13 2 13 13 20 0 3 17 16 2 17 18 16 21 4 5 5 6 1 15 7 1 19 5 2 8 21 6 6 17 8 9 18 6 9 10 11 11 19 2 8 6 5 20 10 6 7 21 2 12 6 13 3 7 10 2 15 0 6 11 17 5 9 1 20 16 4 20 20 9 5 20 1 7 16 4 6 9 9 9 2 8 20 1 6 3
18 11 8 6 9 5 6 19 7 0 21 12 18 1 21 1 17 18 17 20 20 2 10 3 17 0 19 1 4 4 12 15 3 2 21 20 21 6 1 14 0 16 15 6 7 8 21 0 2 0 18 6 7 21 9 9 6 10 19 0 21 10 6 20 0 14 21 1 9 1 4 11 11 8 9 15 14 14 3 12 3 7 9 20 20 5 21 0 20 18 15 6 12 14 10 1 20 15 17 19 13 5 10 2 7
3 13 9 8 14 6 12 13 0 11 7 7 13 0 8 1 8 0 20 12 1 9 0 17 3 1 12 16 13 4 19 0 1 1 13 17 5 14 2 6 0 5 15 18 3 19 9 9 17 19 17 9 7 7 8 21 20 6 21 19 11 7 9 8 13 11 7 7 21 15 8 3 1 6 6 8 9 11 10 11 9 1 14 20 1 21 20 5 7 7 12 0 18 21 6 16 11 13 5 1 10 0 17 6 11
18 16 9 18 11 9 8 12 8 6 21 8 15 0 1 17 12 20 10 2 0 19 14 10 12 3 16 2 4 3 21 5 4 13 15 1 6 2 18 18 17 1 16 1 1 20 16 7 21 1 10 19 10 8 18 4 11 8 2 1 1 21 4 6 20 12 6 21 13 14 10 14 12 5 12 13 6 9 0 14 9 13 12 20 20 16 20 5 12 21 18 0 21 2 21 4 18 21 14 0 12 16 14 4 17
5 8 21 0 6 9 10 20 17 14 7 18 16 15 1 18 8 1 9 2 14 2 16 10 21 21 17 11 11 4 3 18 13 21 20 16 5 2 17 18 2 17 20 5 16 0 17 18 9 5 7 19 10 7 8 1 19 9 10 19 20 12 21 3 2 6 21 4 1 21 3 15 12 12 1 3 15 0 4 17 18 17 4 20 21 20 20 14 5 21 19 20 2 12 7 18 3 9 2 20 13 7 3 21 13
21 0 19 18 4 16 12 20 17 0 19 0 9 12 9 1 10 19 14 2 0 14 15 17 3 21 0 15 2 1 17 18 5 20 19 4 19 6 5 2 7 15 16 3 20 19 20 17 5 20 0 9 18 10 10 18 4 11 4 8 3 5 2 5 6 4 5 21 8 11 14 2 13 5 15 3 5 14 6 2 8 7 5 20 16 5 13 21 12 3 21 14 11 13 3 20 18 2 18 21 7 2 6 12 4
18 20 16 6 10 18 0 19 16 13 9 15 7 21 17 1 19 8 14 16 14 17 20 13 21 11 3 0 4 15 4 0 18 13 19 16 2 6 7 16 7 15 4 3 6 16 7 16 9 9 20 5 2 7 1 11 2 11 9 3 11 9 20 8 10 1 13 7 21 12 0 9 2 2 16 1 2 13 7 14 4 4 5 1 15 3 1 1 14 8 7 14 16 20 16 1 5 16 17 12 10 17 4 8 21
