16 8 11 5 6 7 9 10 22 22 22 19 8 16 1 18 8 12 2 12 2 11 20 0 1 11 14 4 18 4 18 20 1 3 16 0 18 6 19 3 19 15 2 5 8 19 8 8 9 18 4 1 2 18 22 11 11 10 1 3 9 5 0 9 9 6 21 22 7 10 11 15 6 6 1 1 1 4 13 4 16 7 6 11 5 19 22 9 4 9 1 22 11 7 21 16 22 4 14 15 8 14 5 21 16 2 5 6 1 9
15 22 7 7 12 14 8 21 8 7 16 22 13 1 16 1 11 17 2 0 10 10 10 3 0 16 2 3 3 22 17 14 1 21 20 20 6 19 22 19 17 17 3 20 2 16 1 17 8 19 4 18 21 8 6 9 3 5 20 1 7 12 22 0 8 21 10 8 2 9 8 22 14 11 0 1 7 17 3 13 4 7 16 14 8 1 21 0 11 5 15 14 19 3 18 21 11 7 11 10 8 13 4 3 17 11 0 21 0 11
9 13 21 22 5 10 14 22 7 6 6 8 13 21 1 9 10 21 20 2 16 22 11 3 22 0 21 3 22 18 16 18 5 21 14 14 18 4 14 4 6 4 7 22 16 19 20 19 1 22 4 10 7 18 20 9 8 3 11 20 6 5 20 21 0 12 21 4 4 22 0 22 10 3 5 2 13 9 2 12 10 0 15 6 2 16 13 11 21 2 1 21 22 13 19 10 17 15 14 18 19 13 3 3 0 2 14 21 12 3
9 17 20 16 21 22 22 7 9 9 22 13 11 1 18 1 11 11 12 13 16 2 20 12 13 3 12 0 4 12 4 3 22 3 15 15 6 22 15 4 4 15 1 21 21 8 20 18 17 6 3 18 6 7 9 20 11 21 10 4 20 4 11 10 2 7 10 5 0 5 22 4 1 14 6 16 11 7 13 3 2 14 3 16 19 7 22 12 15 15 22 16 19 15 12 21 3 20 14 12 8 20 17 10 4 20 22 10 3 10
15 7 15 5 21 8 17 14 16 9 11 17 15 1 1 20 14 1 20 11 1 13 16 3 2 14 3 3 1 4 4 19 21 13 5 4 22 14 21 7 7 15 7 21 22 16 19 22 8 9 1 1 6 2 3 21 8 22 11 3 22 20 7 6 21 12 7 8 14 14 4 22 0 3 13 12 6 13 15 0 11 15 16 6 1 8 21 22 21 22 7 2 22 20 13 17 1 15 15 22 21 6 16 5 19 11 22 12 22 10
15 21 9 7 12 10 5 6 11 20 11 21 12 1 1 14 14 11 11 1 14 0 0 3 17 22 11 17 0 12 20 5 17 21 4 6 6 0 0 2 0 2 7 16 1 19 18 8 17 20 18 18 5 20 10 18 7 19 22 20 0 12 20 5 11 2 22 7 7 10 1 22 8 14 10 7 15 16 15 12 18 17 18 15 1 3 22 21 4 7 11 11 21 18 20 8 20 18 21 17 18 8 22 19 12 2 2 5 5 16
21 7 12 10 0 16 22 16 22 21 20 7 19 7 1 10 0 13 17 9 2 21 16 1 2 3 15 16 18 17 4 1 5 18 16 16 4 16 21 2 7 18 17 3 16 5 0 1 9 5 8 6 2 4 18 21 3 3 12 9 21 20 12 0 11 13 8 7 12 22 9 14 8 22 1 5 12 3 7 10 6 10 1 5 19 2 1 21 21 21 16 10 17 21 21 15 3 21 22 13 17 3 18 7 20 10 22 6 19 8
7 5 18 0 11 12 7 22 14 15 11 15 17 1 16 1 8 17 8 2 20 18 10 13 3 21 2 13 4 19 16 19 14 18 4 3 22 21 18 5 15 19 15 0 7 20 8 4 17 6 1 10 7 8 11 3 9 1 10 7 11 8 4 20 6 22 3 21 8 2 13 13 22 5 6 7 6 10 7 17 15 4 4 6 16 7 3 21 21 17 22 11 6 20 21 4 9 12 2 2 0 19 14 5 4 20 9 18 20 20
4 19 21 12 13 5 13 21 6 13 18 22 21 1 8 1 8 9 2 14 0 11 0 3 20 18 17 4 3 19 14 5 22 14 20 0 6 15 15 16 7 18 15 1 1 0 21 6 4 8 6 19 10 19 7 19 11 19 22 21 20 20 9 3 21 11 5 21 10 0 15 22 6 14 8 5 2 2 12 6 14 5 16 3 7 7 11 22 14 21 0 21 16 22 2 21 14 21 18 4 21 19 7 5 15 3 21 13 21 2
14 18 13 16 20 19 14 21 8 18 10 12 13 12 1 19 18 9 17 20 11 1 3 11 15 12 3 16 14 0 14 20 5 20 13 16 3 17 17 7 15 6 16 21 21 20 2 5 9 0 19 9 18 0 21 22 5 3 21 20 2 9 5 22 9 4 21 6 22 12 3 22 1 0 3 16 2 10 7 4 9 0 17 3 15 4 12 22 21 21 16 22 20 21 18 4 15 5 18 18 8 11 5 1 15 11 10 7 16 0
18 0 11 19 5 9 10 13 16 11 0 20 12 21 8 1 21 14 10 13 2 22 15 21 3 12 12 11 3 19 4 2 18 18 14 17 2 21 20 7 15 19 7 19 22 1 5 4 2 3 7 5 9 3 18 19 7 4 11 9 8 20 5 10 8 9 21 22 14 1 2 13 22 16 4 10 13 14 4 12 9 12 8 19 17 9 21 21 1 8 21 4 2 21 17 21 1 15 18 9 13 20 19 9 17 9 5 0 22 15
20 20 19 20 13 13 11 11 6 6 9 22 17 8 15 1 0 22 10 15 0 15 10 3 15 12 20 15 20 3 4 0 0 13 15 14 21 6 3 0 16 1 22 21 16 8 4 3 21 9 22 21 19 0 20 8 19 7 4 21 6 12 6 1 9 6 21 10 0 7 3 22 13 3 3 3 17 11 0 0 6 10 6 0 8 4 22 0 22 22 6 3 2 21 18 14 10 2 16 2 16 21 18 11 21 10 12 16 8 18
19 17 20 7 22 10 18 8 17 19 7 13 16 15 15 1 9 13 19 14 19 13 15 3 20 2 22 0 4 13 12 13 19 2 3 1 6 3 4 17 0 20 15 7 20 8 1 7 4 19 4 22 8 22 11 0 0 9 19 5 4 13 22 4 10 9 2 21 10 15 2 7 22 0 5 15 2 0 14 5 3 9 6 11 13 19 10 22 0 14 9 9 6 17 2 8 5 1 21 12 0 9 7 18 0 1 13 13 20 18
8 9 11 5 8 10 17 10 6 17 11 13 9 1 22 22 0 1 10 18 2 20 17 12 0 20 0 12 14 16 15 15 18 5 1 6 22 0 16 4 15 19 7 8 17 21 20 21 21 4 20 18 20 22 21 11 19 19 9 2 0 22 7 9 9 21 5 8 3 8 22 1 12 12 1 11 4 2 6 1 17 13 14 17 1 14 2 21 10 0 21 13 1 12 18 22 7 1 4 22 13 6 17 1 3 9 4 20 12 16
11 12 11 20 21 9 16 0 12 12 8 8 12 18 1 9 20 19 2 17 14 2 18 15 13 21 18 13 4 17 12 1 21 21 0 14 3 6 19 20 7 1 5 18 20 8 2 20 21 8 9 22 18 0 19 4 11 3 4 22 10 12 12 20 21 13 14 14 0 13 22 15 14 15 4 8 1 5 1 2 10 4 12 19 18 10 7 6 2 1 20 17 22 0 18 4 16 5 3 8 12 6 22 8 11 10 9 17 17 2
18 18 6 8 12 9 11 21 8 15 16 21 9 0 1 12 11 14 22 18 14 2 22 3 16 17 13 19 12 22 4 22 22 20 3 13 0 6 20 17 2 0 20 2 8 16 3 21 0 8 0 7 19 1 3 2 6 19 10 21 22 20 2 3 3 14 8 13 6 8 22 12 10 8 12 14 12 10 2 18 6 5 10 19 9 13 20 1 22 4 20 22 15 15 21 3 22 3 19 11 7 14 7 18 22 9 10 13 0 3
22 22 9 10 10 7 19 8 8 11 18 11 8 17 0 15 13 21 2 22 1 16 16 18 3 11 16 17 20 13 16 18 5 2 13 16 14 18 1 7 6 15 18 3 17 20 0 0 9 17 6 21 18 10 2 8 19 8 19 7 10 0 20 13 0 1 21 0 0 14 22 10 11 2 14 11 16 16 16 4 14 16 0 15 12 1 21 6 21 7 9 8 21 14 1 7 21 14 3 10 7 22 14 6 13 18 4 11 10 9
9 16 16 22 5 22 20 19 7 16 7 18 20 13 1 22 8 1 15 15 2 9 0 12 3 11 17 22 4 18 20 1 19 4 16 22 18 14 16 2 16 15 18 5 5 16 3 4 9 1 7 18 4 20 1 1 21 8 19 20 12 5 11 5 4 3 21 22 10 4 14 22 22 12 15 10 16 15 5 14 7 3 17 13 13 12 14 22 22 22 4 21 21 15 13 14 6 18 5 21 21 1 16 7 9 1 5 18 0 9
12 9 21 18 0 21 17 10 20 10 11 8 7 16 1 10 18 0 1 2 10 10 15 3 3 18 13 4 16 4 0 22 1 5 14 14 16 0 2 19 2 7 1 21 8 18 20 21 17 0 18 7 22 21 22 5 11 19 8 5 12 22 11 10 9 6 21 13 3 10 3 11 22 9 0 15 6 12 3 4 18 3 5 12 8 11 22 22 1 22 10 15 8 22 15 14 5 15 12 4 15 11 5 17 13 4 3 6 6 9
0 4 14 13 16 16 7 10 8 12 13 18 9 13 1 22 22 22 9 2 17 0 10 3 0 22 18 14 14 19 1 13 4 5 21 17 17 15 14 3 19 0 4 4 0 18 5 4 9 3 20 8 18 10 19 20 22 21 19 2 2 21 5 5 9 11 21 22 4 22 22 1 0 7 12 2 5 8 15 0 9 10 1 1 14 3 22 21 21 21 4 2 7 21 0 2 21 18 21 12 16 13 4 22 10 7 4 22 12 21
15 10 6 0 0 9 6 11 19 9 10 0 16 1 1 12 1 19 22 12 22 1 2 19 3 12 13 16 22 4 16 20 18 21 5 22 22 20 17 7 7 17 1 16 6 6 22 9 8 21 9 1 18 10 21 1 9 9 8 1 12 9 20 5 21 1 6 6 10 1 22 4 2 15 3 1 2 16 3 5 17 9 4 18 18 5 22 3 21 1 19 22 11 22 13 4 0 18 20 4 8 4 21 8 8 4 13 18 17 0
18 11 18 17 0 21 19 18 7 16 16 13 22 0 1 20 15 1 9 2 17 10 20 14 3 13 19 14 22 14 18 5 19 2 21 15 14 21 1 6 16 3 15 8 21 1 17 1 9 7 0 18 5 18 18 11 11 7 5 11 3 4 6 4 22 12 21 21 5 9 9 22 0 15 2 5 10 11 17 5 11 2 14 15 4 22 21 19 22 22 21 19 6 1 11 8 21 5 17 12 20 9 0 2 8 4 1 16 7 13
3 5 0 12 18 7 20 7 0 13 22 14 18 1 21 12 19 21 2 9 9 1 21 3 15 22 2 1 20 4 12 19 5 21 18 21 16 18 18 0 0 7 21 8 16 0 2 0 2 22 20 22 21 9 18 22 7 11 7 11 12 6 20 6 21 8 1 13 2 5 12 12 22 4 10 2 12 12 17 0 13 2 17 13 18 7 3 21 19 10 6 21 18 12 0 17 4 16 11 21 1 11 18 19 5 12 2 22 5 15
5 0 17 7 14 21 20 13 7 13 16 18 0 1 1 11 1 16 9 2 1 19 17 12 3 12 11 17 15 4 14 0 22 13 18 18 6 17 1 1 7 19 3 19 20 8 3 1 9 21 19 5 18 2 10 8 0 1 19 12 3 7 4 11 21 1 14 22 7 14 22 14 12 15 8 1 10 12 1 10 12 13 7 18 4 7 21 17 21 4 22 22 4 15 17 21 10 9 10 20 6 4 7 8 0 11 21 0 6 2
18 5 6 19 21 13 11 15 9 11 9 10 17 14 1 14 16 17 9 2 17 15 2 15 3 21 3 13 19 22 1 3 15 5 17 20 0 21 14 0 21 7 3 21 2 2 3 17 4 17 5 18 10 21 20 7 6 19 7 20 5 7 2 11 5 0 21 2 22 13 6 15 9 10 0 8 17 1 1 8 1 14 0 19 6 18 9 21 6 21 21 14 21 3 9 21 15 18 13 15 22 1 2 12 2 22 13 14 12 14
21 6 22 17 10 22 15 19 18 13 13 22 8 8 18 1 16 16 11 14 14 22 2 15 22 0 19 13 4 19 2 20 3 0 19 15 2 14 3 2 7 5 1 21 16 5 17 19 1 9 17 3 10 3 4 21 10 10 22 6 8 20 12 2 13 0 2 3 0 22 7 13 22 13 16 3 9 13 12 0 8 5 9 8 6 13 9 18 22 21 21 21 9 20 22 3 18 3 22 0 4 14 7 8 18 8 9 19 5 22
10 8 7 9 19 20 20 20 0 21 11 12 9 22 1 15 11 16 18 11 10 2 14 3 3 18 11 0 19 4 3 13 19 22 22 22 4 6 1 15 17 7 18 4 1 3 3 22 19 17 21 10 18 19 11 10 11 9 11 11 6 3 20 1 5 11 21 11 14 22 10 11 11 16 12 1 7 12 17 12 11 11 4 14 16 8 13 22 21 8 20 6 8 21 21 4 4 14 14 21 4 0 3 20 19 11 21 12 18 13
7 12 4 11 14 7 7 17 0 15 0 16 11 1 16 1 18 18 2 10 21 11 2 3 12 17 16 11 4 1 12 21 5 15 1 18 5 22 3 19 7 6 2 18 16 7 17 7 7 6 19 22 18 1 6 22 0 8 10 19 11 3 21 13 8 4 13 21 5 7 22 22 4 4 15 5 8 2 2 1 16 18 1 13 4 5 18 0 13 9 5 21 11 14 11 22 6 19 2 13 7 12 12 12 18 18 3 22 17 11
8 14 8 7 18 8 7 12 22 20 10 12 11 13 1 17 15 9 2 21 2 20 10 1 10 3 12 18 2 14 12 5 13 13 20 6 5 22 3 2 3 21 3 4 19 7 3 16 5 3 5 17 7 9 0 11 10 19 6 20 12 4 1 10 8 21 3 9 0 15 15 22 8 15 6 2 17 3 14 0 18 12 12 11 3 1 5 21 21 2 21 14 4 21 6 20 21 17 5 15 21 14 19 0 15 21 1 6 22 16
14 13 22 8 21 16 0 8 11 7 16 15 22 10 1 13 10 10 9 2 14 1 11 2 21 20 12 11 4 0 19 4 22 0 5 3 17 0 14 5 1 0 17 6 4 17 1 17 22 19 8 20 4 10 10 0 8 11 0 10 21 20 1 2 13 9 0 8 11 11 1 22 7 16 0 16 5 15 4 2 5 16 16 8 16 17 6 21 21 3 22 21 21 21 5 8 3 17 16 1 5 21 12 8 18 15 22 14 19 9
