7 8 6 22 17 18 10 12 13 15 11 23 21 1 19 1 13 10 18 2 1 18 20 0 3 14 16 4 18 15 18 14 5 18 14 2 16 19 14 23 22 16 4 7 7 20 23 22 21 5 18 7 10 1 5 10 1 5 22 4 20 2 21 0 2 4 11 1 3 6 22 23 1 0 0 23 14 2 9 2 14 5 17 5 16 0 0 6 15 14 23 23 22 18 13 16 17 7 22 9 1 19 23 14 19 8 23 3 23 3 18 6 4 15 12
14 17 21 8 0 7 0 22 22 23 20 13 12 8 22 1 15 12 2 16 13 22 3 22 3 16 19 17 4 3 13 5 15 5 20 4 3 2 16 22 7 15 22 8 22 22 8 9 17 2 3 8 18 19 23 11 1 21 10 11 4 3 23 21 22 6 6 22 23 22 13 10 11 8 23 1 1 14 17 10 3 14 11 1 3 4 10 8 18 16 22 19 23 13 22 5 23 22 11 3 20 8 22 19 5 7 17 4 15 6 0 18 6 10 9
22 10 5 21 9 19 6 18 0 0 22 20 8 21 1 13 11 16 2 13 22 2 10 11 20 20 15 20 4 1 12 22 15 18 1 20 2 6 18 2 1 5 5 1 20 3 23 9 9 8 9 21 8 0 5 8 19 11 1 8 5 20 3 7 21 7 1 14 3 1 8 15 2 2 1 23 11 9 8 1 17 18 17 5 9 1 12 8 2 7 18 22 0 17 4 23 0 0 0 18 1 2 10 21 5 5 11 8 1 13 10 8 9 5 9
8 9 13 18 14 13 14 18 20 0 9 23 17 23 14 1 8 9 17 17 9 13 23 3 16 13 13 12 4 13 3 4 5 23 13 5 2 16 15 5 3 4 3 8 17 22 7 8 0 17 6 6 10 0 7 21 7 21 23 10 20 13 0 2 13 21 23 10 3 11 4 12 7 14 2 23 1 16 12 0 3 4 3 11 10 4 4 18 6 1 5 7 5 23 2 0 6 7 1 15 15 9 22 4 10 7 22 15 8 19 22 20 7 16 8
12 20 10 19 6 20 9 7 15 23 15 17 10 1 1 1 23 22 12 2 14 2 19 3 3 17 12 4 21 12 3 1 5 17 13 0 15 3 2 20 6 5 21 0 21 8 3 7 22 17 23 21 9 23 8 4 4 10 9 10 9 20 7 13 21 2 21 22 4 0 9 9 16 23 16 11 23 14 8 16 4 12 16 17 16 3 5 2 2 12 4 22 18 23 1 16 0 22 21 15 12 2 22 0 9 18 8 20 14 8 2 23 5 7 22
11 7 13 0 8 5 5 10 14 15 10 0 18 13 1 0 18 20 14 2 9 22 3 15 21 13 15 4 19 3 1 1 5 23 0 0 0 20 16 1 21 0 15 18 8 7 17 16 7 22 7 17 2 20 11 4 5 19 11 21 9 3 12 6 21 21 0 7 21 22 2 0 14 1 23 14 23 17 11 6 6 7 12 15 4 8 9 4 17 5 17 2 0 20 17 4 23 20 0 23 20 1 0 15 21 6 1 0 4 11 13 20 12 2 19
5 8 8 5 6 5 9 14 0 17 13 23 10 1 1 9 21 10 1 2 22 14 22 23 11 12 11 14 4 13 19 3 19 14 13 22 23 6 14 6 16 15 7 20 22 17 19 17 0 0 2 3 23 18 3 23 8 9 6 12 0 12 0 21 23 21 2 11 10 1 22 6 9 2 23 2 5 14 8 17 5 14 3 2 13 1 15 2 19 20 14 22 10 18 8 20 12 22 12 4 15 2 6 11 13 4 6 14 19 18 10 6 6 19 22
0 23 19 0 14 8 16 23 18 14 15 12 11 19 1 17 9 13 20 9 2 22 23 3 23 2 19 15 15 4 3 13 18 5 3 20 19 2 19 1 2 20 18 7 21 18 17 22 2 23 20 18 5 18 0 9 2 0 9 3 20 4 13 0 3 21 8 0 22 22 22 2 7 23 8 15 9 6 1 10 3 0 4 9 8 12 8 15 18 4 8 3 8 17 6 7 15 5 5 10 4 22 17 0 23 16 9 22 4 2 22 6 3 10 21
9 14 0 23 0 8 14 14 7 8 9 14 18 1 8 1 17 22 19 2 16 2 16 16 3 12 12 4 4 12 3 4 5 13 3 5 6 2 6 15 23 4 21 18 8 21 17 8 17 18 7 21 23 9 21 5 19 1 1 4 10 1 8 22 13 11 1 22 6 13 4 15 12 23 5 4 5 0 9 1 12 18 11 14 8 4 3 4 13 7 22 12 11 12 23 22 22 18 15 23 2 13 6 16 22 13 18 9 2 1 6 19 0 16 2
12 15 10 6 9 19 14 21 21 16 22 15 22 8 22 1 19 1 2 2 0 2 10 1 3 15 14 1 16 1 1 14 2 19 5 5 6 22 14 15 6 2 22 16 1 5 21 21 9 3 7 21 19 18 10 23 21 22 0 9 20 13 13 10 5 2 14 3 4 9 22 14 4 23 6 23 1 7 8 12 9 3 0 12 0 11 0 5 9 20 8 2 22 17 22 15 3 8 3 13 22 23 5 0 0 7 2 8 17 2 18 18 19 8 2
6 14 22 23 14 8 6 10 10 20 23 16 22 12 19 1 12 20 2 18 2 10 20 3 15 15 23 17 22 12 15 23 2 5 21 6 14 4 3 22 2 7 4 16 8 6 18 8 4 5 2 21 8 22 6 3 19 2 20 7 3 6 10 13 10 11 8 8 0 22 13 15 23 10 12 11 13 2 16 6 1 12 14 16 2 15 17 5 12 23 22 22 11 22 6 22 14 18 23 15 4 5 1 12 3 9 8 20 21 2 5 12 10 1 12
0 13 12 11 6 8 0 0 21 19 7 10 11 0 1 8 11 15 9 19 17 10 20 3 19 13 19 16 4 15 1 14 4 13 19 19 14 17 6 3 17 15 23 7 4 3 17 9 1 17 0 9 8 3 7 8 21 19 1 1 20 1 23 12 22 7 21 1 0 11 12 12 15 23 11 0 1 13 6 9 1 5 11 15 9 8 10 20 18 2 1 22 12 23 23 19 22 4 22 13 22 11 5 4 6 21 3 19 7 3 11 17 14 14 2
20 4 18 7 23 15 14 12 21 13 6 0 8 21 1 8 15 19 0 2 1 17 16 19 17 3 1 11 16 4 19 21 15 17 5 5 16 5 14 6 7 1 2 0 18 0 18 19 0 1 8 3 1 21 18 19 10 6 20 7 12 3 7 4 0 12 3 21 6 8 1 1 9 13 5 23 10 6 12 17 5 9 18 18 8 15 2 14 14 9 10 23 23 8 0 22 19 19 8 22 1 10 6 20 9 7 13 7 15 1 18 18 15 13 0
19 3 20 4 15 16 20 20 19 19 23 8 15 8 1 20 9 11 10 2 0 20 0 10 21 13 21 0 14 16 4 3 13 23 0 18 19 2 1 0 15 23 5 21 16 20 20 8 9 18 20 5 8 22 7 9 11 19 22 21 20 21 7 21 23 21 5 6 22 23 22 4 3 7 9 23 9 6 2 14 14 17 15 5 18 0 11 13 11 16 22 0 2 2 16 15 18 23 14 22 19 21 9 16 15 10 14 19 13 14 5 17 4 4 2
7 8 19 22 22 8 11 6 18 20 21 9 22 21 1 16 1 16 10 2 20 0 19 3 3 13 3 22 4 12 15 17 22 13 13 15 6 18 23 2 16 15 20 1 8 19 21 19 7 3 9 1 18 23 5 23 7 11 2 9 9 12 20 8 5 10 8 5 0 22 11 1 23 13 16 3 12 5 14 15 13 2 18 17 18 4 0 6 7 1 19 10 22 17 23 15 16 0 22 6 14 20 9 0 7 2 4 4 2 15 22 18 23 8 15
22 16 11 12 20 8 18 11 6 19 22 13 14 21 1 1 10 2 1 9 2 16 21 18 16 16 16 1 19 3 13 3 5 22 19 18 3 3 4 0 19 3 23 21 6 22 20 9 0 17 0 10 9 20 18 10 9 11 2 7 21 20 9 22 13 7 0 1 0 12 22 10 23 13 10 23 7 10 8 7 2 16 9 10 5 12 19 7 17 12 21 22 23 13 5 22 13 4 1 9 13 18 2 23 0 17 21 8 1 23 3 15 8 22 6
6 23 20 16 22 21 6 15 0 20 6 23 7 1 16 18 1 12 0 10 2 10 0 1 1 20 3 18 4 21 13 5 4 15 22 5 2 19 15 5 7 15 19 5 8 23 5 19 17 23 5 19 10 22 21 22 11 19 0 6 21 0 23 13 7 9 13 23 0 22 8 8 4 8 9 6 23 16 4 3 6 18 12 2 6 6 0 0 15 0 12 4 12 17 23 11 4 8 18 22 4 22 1 9 20 18 23 11 5 9 7 13 22 4 20
13 19 20 11 14 19 8 11 18 23 11 15 19 23 1 12 21 10 18 2 19 18 10 15 15 3 20 16 23 16 3 13 15 15 5 4 3 0 15 6 15 2 18 3 1 23 17 19 0 9 20 4 21 19 0 8 3 10 1 11 20 13 3 13 1 22 23 8 1 22 1 14 6 6 23 1 11 10 11 16 9 3 18 0 4 0 14 10 17 1 22 5 5 22 0 23 2 18 19 1 21 10 7 19 21 17 2 21 15 3 3 17 23 7 6
17 19 5 19 5 12 16 14 12 22 20 15 18 23 1 23 0 21 2 14 20 10 20 13 11 3 15 20 4 22 12 19 20 21 5 6 6 3 15 4 18 1 22 23 16 8 5 19 20 17 21 18 1 7 18 10 11 0 11 21 4 6 21 3 8 1 8 22 22 13 22 10 13 3 23 16 1 0 3 12 8 18 9 14 15 19 1 16 9 2 22 23 23 8 22 18 23 15 21 23 1 5 9 19 4 0 8 13 19 2 14 18 8 17 10
18 4 11 19 10 5 23 0 14 13 6 23 12 12 1 12 0 18 2 15 2 15 11 23 1 16 23 4 14 3 12 17 23 5 13 6 21 6 0 14 21 22 19 15 6 8 19 17 2 1 23 19 2 18 4 19 9 10 23 10 7 5 1 12 0 23 6 6 11 14 22 3 13 0 13 23 3 17 16 10 18 17 11 11 1 3 0 0 15 12 11 22 22 23 3 23 14 7 22 6 23 16 23 17 22 14 15 9 12 4 18 16 4 19 12
22 5 13 18 17 18 13 6 16 16 13 0 16 14 1 21 8 1 14 13 2 15 22 10 3 3 1 19 15 13 1 4 4 2 13 22 20 2 6 5 7 0 17 5 5 18 0 6 8 9 4 6 18 10 2 8 8 10 11 2 6 20 13 7 9 1 14 21 0 14 13 7 6 14 23 14 3 23 14 16 16 5 15 11 0 6 4 15 18 3 20 14 23 8 23 23 22 21 9 20 21 23 15 5 21 18 9 7 17 10 5 19 21 4 19
13 9 13 20 23 20 22 6 10 12 9 14 7 1 20 19 16 0 16 2 9 1 17 3 12 3 18 12 20 1 22 22 22 13 5 21 4 1 23 16 20 22 23 23 19 8 7 8 20 17 19 10 10 9 1 1 19 4 9 8 5 22 9 13 12 4 21 4 1 3 22 12 7 23 8 13 9 13 3 16 2 0 8 3 0 13 19 5 13 20 22 20 22 5 11 23 20 22 12 14 2 4 7 8 5 16 10 21 19 1 20 22 23 5 21
19 5 6 6 10 8 8 11 9 20 18 14 13 22 1 21 1 21 15 21 20 1 3 21 22 22 17 4 3 19 12 13 16 21 15 22 21 6 14 15 4 20 5 4 6 5 17 2 18 1 8 0 19 10 19 8 8 19 7 10 22 20 0 11 4 10 4 22 14 0 22 15 14 13 23 7 23 16 11 13 9 17 11 13 12 16 2 11 6 1 22 22 7 22 22 16 21 4 2 6 1 18 23 18 20 14 20 15 18 11 17 16 19 12 14
18 4 6 10 10 8 11 9 6 22 0 19 0 13 12 1 18 14 23 2 12 10 19 22 21 22 11 3 12 20 19 5 19 20 4 13 21 6 22 5 5 16 7 2 21 7 3 17 21 5 7 18 3 10 4 9 22 21 11 20 7 8 8 21 7 21 4 9 9 1 22 15 15 15 3 23 8 3 17 5 16 0 15 13 14 9 4 11 1 10 19 23 14 22 23 13 15 22 5 15 23 16 16 4 22 9 13 21 6 5 19 5 18 4 15
19 16 23 20 10 22 6 14 8 23 8 13 1 17 1 21 19 21 19 2 2 2 12 3 12 23 1 11 0 3 17 16 23 22 14 1 6 1 15 7 15 21 7 22 5 18 16 22 23 18 8 10 8 18 4 6 5 19 12 2 23 23 4 12 5 2 21 0 12 10 10 22 8 0 0 23 8 6 16 6 9 7 0 13 0 7 16 20 4 16 3 22 6 13 5 21 23 6 19 5 1 2 6 23 18 3 21 3 9 3 1 8 9 12 0
20 23 16 23 19 5 22 13 8 8 0 21 23 10 1 15 19 21 16 20 2 19 16 11 12 19 22 4 20 4 4 14 21 13 2 18 6 14 3 23 0 19 3 3 16 0 18 1 9 17 9 2 21 5 18 0 19 9 6 21 21 9 4 21 21 3 7 12 2 22 10 23 9 8 10 23 15 12 13 15 14 12 8 15 6 4 4 5 20 1 22 23 13 5 1 1 19 0 11 1 18 20 10 20 15 19 16 11 22 10 22 1 5 16 13
5 16 16 13 11 9 16 10 0 8 23 18 11 23 1 12 1 23 11 2 11 16 0 12 3 11 22 21 21 16 14 18 5 19 14 4 20 22 19 2 7 5 21 4 8 1 5 23 0 1 9 6 18 4 0 3 6 4 21 12 0 20 5 0 21 9 5 14 8 3 12 8 7 1 23 13 5 3 8 16 0 5 7 12 3 8 12 9 8 0 3 15 23 18 22 13 6 16 4 12 0 3 10 14 3 3 1 5 7 6 8 21 20 6 5
12 19 10 5 23 23 8 0 22 14 12 15 21 1 1 18 22 22 10 2 16 12 10 11 2 22 15 4 12 1 3 16 15 17 21 13 6 1 21 16 6 2 0 23 6 23 17 1 21 17 23 5 1 2 8 1 19 4 4 10 21 3 13 4 21 21 3 12 7 22 23 1 3 11 23 16 0 11 15 17 16 16 1 14 4 12 2 11 8 5 19 23 3 10 22 6 11 3 20 19 18 20 4 16 23 22 8 1 0 23 10 21 0 6 4
19 0 15 22 22 9 7 19 11 10 12 20 8 8 1 8 19 14 10 14 2 23 23 3 21 12 14 13 12 18 4 13 21 13 14 4 0 22 22 1 21 19 8 17 1 17 8 21 17 0 5 2 21 6 21 19 4 9 12 0 12 20 21 1 13 22 8 23 4 22 15 13 9 10 5 23 2 5 8 1 17 17 5 9 0 12 3 18 7 16 22 22 18 23 23 9 22 22 9 6 22 19 13 22 19 5 13 10 10 17 4 21 23 9 0
7 7 12 20 10 6 14 16 13 12 8 10 19 11 1 23 9 18 2 18 13 2 22 14 0 17 11 13 12 15 1 21 5 20 23 3 21 20 18 23 7 20 3 20 8 22 8 3 8 17 22 1 9 18 11 9 19 5 8 8 5 20 21 13 6 21 4 1 6 10 1 9 0 9 23 3 7 7 12 2 13 2 9 18 19 11 2 3 1 6 23 2 23 5 15 22 15 4 22 11 15 8 10 6 9 16 8 3 11 6 19 7 6 11 13
