24 20 22 0 13 15 0 21 16 6 11 17 12 9 1 11 18 17 12 2 11 19 16 2 3 14 15 15 3 20 24 5 14 19 22 2 6 16 1 1 6 19 6 6 7 8 17 24 9 5 7 5 9 0 3 19 20 22 7 8 21 20 13 9 12 10 1 4 22 10 23 6 1 23 14 10 5 24 14 8 1 13 13 13 1 5 13 16 5 14 4 7 1 14 22 5 24 2 24 23 9 14 19 9 4 15 11 16 21 20 13 11 6 20 7 22 9 14 15 8
7 17 12 13 23 7 10 0 22 18 8 15 14 0 1 12 21 11 14 2 10 2 11 19 20 3 11 14 2 4 14 19 2 13 4 20 15 1 2 15 20 7 0 22 2 22 22 1 19 22 5 0 18 0 7 2 1 3 8 5 4 23 8 12 21 4 0 23 22 22 14 7 12 9 4 2 24 24 17 24 13 5 14 14 3 5 11 6 0 4 14 13 14 8 23 17 24 23 24 23 22 23 17 23 14 3 16 8 4 2 19 4 7 0 7 13 16 15 14 6
11 10 7 7 24 13 20 20 10 13 17 19 22 24 1 24 23 18 24 2 10 12 16 12 3 11 17 11 13 3 23 23 17 2 0 21 6 14 23 21 5 15 1 7 21 0 17 24 1 22 17 2 2 19 23 5 24 5 19 11 21 12 6 8 10 12 24 13 9 22 11 11 0 4 2 1 17 0 16 24 17 8 9 3 3 13 17 15 14 7 3 16 3 11 23 23 12 23 21 13 23 21 23 22 0 13 13 8 6 13 15 15 24 23 7 6 1 3 8 15
8 4 13 24 23 8 12 10 13 21 12 16 9 1 9 1 11 9 9 2 0 13 14 24 2 3 12 18 4 20 20 17 14 5 14 20 16 2 0 18 7 18 21 7 16 8 18 5 9 9 1 23 1 19 5 22 10 9 23 7 2 12 13 21 23 12 2 1 24 22 11 10 10 23 16 5 4 17 5 24 7 9 12 5 5 14 12 5 13 9 11 18 19 24 24 9 23 18 15 24 7 23 24 24 1 21 2 23 16 0 10 8 19 2 15 11 18 0 0 12
23 9 22 10 20 24 21 8 14 0 16 16 8 0 13 1 0 13 10 19 15 19 11 13 3 15 1 22 16 4 0 15 13 24 0 13 6 24 22 6 6 15 6 8 8 16 6 4 20 18 20 9 1 4 0 11 1 19 7 4 6 11 6 21 23 21 13 24 3 22 15 14 8 12 23 24 12 16 5 24 17 3 0 11 0 14 17 5 10 6 4 16 16 15 23 17 23 23 23 5 8 23 5 19 24 24 18 7 9 6 6 16 18 21 2 0 24 6 23 4
0 21 9 15 22 6 17 15 9 20 7 9 10 20 1 24 12 9 2 2 12 15 23 20 15 23 16 4 23 18 12 0 16 22 5 3 24 18 24 24 16 7 2 19 8 2 5 8 5 2 21 21 21 9 3 19 20 2 9 4 20 23 12 1 21 24 7 1 22 8 11 11 3 23 14 13 16 24 10 14 1 10 15 7 12 18 7 6 4 5 12 4 16 0 23 2 10 12 23 17 16 18 8 16 3 22 24 24 10 17 20 5 4 4 3 11 0 22 18 23
12 24 8 13 22 22 21 13 13 22 23 24 14 1 21 20 1 9 2 10 10 21 21 3 3 11 16 12 22 12 1 5 23 14 23 3 14 14 3 6 7 3 5 16 1 5 8 21 21 24 7 8 0 6 21 1 10 2 20 11 21 9 22 24 1 13 3 10 11 22 7 11 23 14 16 0 16 24 3 10 0 1 6 16 9 3 0 2 8 18 11 13 10 12 23 2 19 24 18 5 7 17 7 3 0 19 10 17 11 2 0 15 16 1 19 2 10 6 19 19
9 9 12 12 17 6 17 8 8 9 14 8 16 21 1 16 11 14 24 18 16 19 2 16 16 11 1 22 16 19 16 20 5 0 18 20 21 5 17 16 23 7 0 16 3 23 5 22 22 23 4 6 18 9 10 7 6 2 23 20 12 10 8 0 2 9 10 12 14 22 3 0 8 8 3 24 7 12 4 24 17 18 7 12 4 7 11 2 14 18 16 16 14 8 23 22 24 0 12 3 24 23 24 6 0 23 13 23 11 4 3 10 1 9 0 24 7 7 13 16
5 22 11 8 6 20 0 11 6 10 22 23 24 1 17 1 15 16 15 2 15 18 11 0 10 1 15 23 4 21 19 2 5 22 14 3 6 5 4 16 17 7 6 20 3 8 2 8 5 8 3 18 9 10 6 20 8 24 23 20 21 22 24 2 23 14 12 22 14 22 22 12 9 15 8 14 0 24 10 14 15 2 5 8 1 18 8 17 16 15 19 14 8 24 24 4 24 17 23 24 10 11 23 7 0 10 14 9 17 16 19 20 12 6 8 14 15 21 0 8
4 16 21 9 16 10 9 7 22 22 8 20 11 22 1 15 21 14 2 1 17 23 11 2 3 19 11 20 23 2 4 20 4 21 14 18 17 6 17 17 7 3 24 16 1 1 17 8 22 1 1 19 18 4 10 24 24 5 22 20 21 9 22 2 8 4 7 14 22 23 1 11 4 9 16 24 0 24 10 1 17 5 15 17 11 10 14 6 9 17 16 14 19 23 23 12 23 11 10 23 19 24 0 23 23 11 10 23 24 18 0 20 18 20 8 21 10 23 19 4
16 19 8 24 16 6 22 15 8 23 19 10 11 12 1 21 22 19 2 17 20 16 23 20 3 13 14 16 21 17 20 20 5 18 20 15 15 14 6 19 3 24 19 19 23 7 18 17 9 8 17 6 7 10 21 3 23 24 20 2 24 21 13 24 21 8 13 9 12 23 4 11 9 23 2 5 24 17 13 24 12 11 11 9 1 2 5 11 14 10 13 0 11 18 24 1 23 8 24 0 15 23 2 22 12 17 11 10 18 20 14 7 22 1 9 22 24 20 24 6
12 0 5 8 14 17 6 19 15 10 16 22 7 1 24 1 9 21 19 2 10 11 11 14 3 1 20 23 21 15 21 20 3 16 22 0 3 24 23 20 24 0 18 8 19 16 4 18 5 9 9 23 0 3 2 7 22 11 12 5 20 12 6 2 23 12 13 22 2 11 4 2 23 14 10 15 16 16 24 11 0 13 0 1 6 12 18 8 4 11 2 0 3 24 21 23 0 14 24 22 20 23 22 7 2 24 13 11 24 21 12 5 11 13 0 18 11 22 12 4
6 0 21 24 13 11 5 13 10 10 21 17 16 20 1 1 12 19 1 10 17 15 10 2 19 12 3 4 22 0 18 24 20 3 19 6 22 5 20 1 15 17 5 7 23 6 17 8 19 19 9 20 22 0 21 11 8 21 5 20 20 2 10 4 21 21 11 11 22 1 2 15 14 1 23 11 9 16 2 24 2 4 16 17 13 13 15 18 15 8 11 19 5 19 23 24 4 23 23 3 0 22 12 13 1 15 22 5 10 8 23 11 21 0 3 14 11 24 22 13
6 13 17 0 17 7 19 19 12 15 14 13 20 1 14 1 12 16 24 2 0 2 22 11 3 13 18 2 4 19 13 15 21 2 17 0 21 24 15 22 17 5 3 7 20 22 17 24 5 2 0 4 8 19 19 7 10 11 5 9 6 10 3 8 21 8 2 5 22 8 13 10 23 24 4 15 24 13 24 0 1 8 9 11 2 13 18 13 20 5 17 16 12 14 23 5 23 17 18 23 2 11 23 7 22 17 3 9 1 24 19 20 13 6 15 19 8 16 14 22
20 14 22 0 22 5 13 20 7 18 10 20 18 1 1 22 14 11 19 2 14 24 14 1 1 3 2 21 12 21 2 1 5 13 17 18 16 6 24 17 23 15 2 1 20 8 21 21 24 20 18 0 19 6 23 1 19 3 21 4 12 11 8 8 22 21 12 22 7 8 7 12 1 23 0 4 13 1 24 5 7 0 12 16 10 2 14 2 4 20 16 2 11 18 5 23 20 23 19 23 23 19 24 21 4 18 23 23 6 1 24 14 22 11 6 12 2 5 11 14
9 11 10 5 13 8 9 13 6 16 11 19 11 15 1 20 17 10 16 9 2 13 17 12 12 0 11 24 24 2 18 15 15 17 15 16 2 0 14 7 0 6 23 5 24 18 0 24 3 3 10 19 7 18 7 24 6 23 1 3 8 20 5 1 3 14 14 11 14 2 22 23 14 23 2 13 8 16 1 24 11 15 11 17 0 19 1 12 16 3 21 20 21 4 23 22 15 24 8 15 17 1 9 14 12 18 0 1 3 11 15 9 17 10 16 1 18 18 8 23
23 8 17 13 24 13 16 12 19 6 24 9 24 1 8 1 1 15 2 2 18 13 10 21 3 24 1 16 4 12 3 3 5 0 2 21 20 19 5 2 15 6 23 24 8 6 20 9 9 17 24 19 10 6 21 7 11 10 2 20 0 12 3 13 5 21 24 4 23 13 9 1 1 23 8 2 7 24 17 14 7 12 15 13 14 13 14 17 20 14 2 14 4 23 4 23 24 23 24 24 5 4 17 1 13 18 13 23 22 12 3 1 20 7 7 4 24 14 15 20
9 4 24 8 23 9 12 8 19 22 17 21 11 18 8 1 10 11 13 2 14 14 18 15 12 12 15 4 4 0 14 4 17 13 0 6 18 2 4 23 0 19 3 3 16 18 9 8 6 1 22 5 19 5 3 19 11 0 20 21 12 6 12 0 21 22 8 24 0 10 15 7 23 5 23 16 4 2 24 17 8 9 2 18 6 15 16 0 0 19 6 8 9 24 2 23 14 14 14 23 23 13 11 19 23 17 1 8 15 8 16 10 8 13 21 0 24 2 18 11
18 7 22 8 15 12 13 23 7 9 9 10 9 23 1 18 24 15 2 11 2 10 24 22 3 11 17 21 3 18 16 22 5 13 19 6 20 2 16 15 3 24 7 15 21 24 19 20 20 17 6 20 22 1 1 2 1 10 0 20 4 0 4 13 4 23 14 4 14 22 10 13 3 23 14 16 11 17 24 6 15 10 16 12 18 18 19 12 2 9 8 19 3 13 8 1 9 9 24 0 21 8 8 6 2 5 3 19 5 22 12 11 6 20 4 22 0 12 6 2
21 15 21 6 14 17 13 19 17 15 7 23 15 24 9 1 11 0 10 2 20 2 14 1 3 13 18 23 15 4 14 0 13 4 5 16 6 16 5 2 24 18 20 7 4 17 4 17 20 9 20 1 20 0 5 19 9 20 20 5 7 5 22 13 21 1 8 8 3 9 12 23 15 7 24 24 24 24 5 4 13 7 1 4 7 18 16 9 9 4 2 0 13 24 5 24 24 15 23 8 1 23 2 8 8 0 9 11 5 24 0 21 14 21 16 10 15 7 8 7
12 14 11 16 19 20 10 0 12 19 18 17 20 1 15 15 1 16 24 24 2 19 3 3 11 11 22 24 16 18 21 14 3 5 14 15 3 20 2 24 7 3 21 21 16 7 5 24 17 4 24 20 10 8 22 20 20 6 20 4 5 2 5 12 21 23 4 5 22 11 5 6 12 4 11 11 24 5 16 24 0 10 17 8 8 13 5 5 3 15 10 19 15 11 23 5 23 24 19 23 8 13 23 16 22 7 1 8 22 16 21 16 8 19 12 20 13 15 9 4
12 8 23 13 24 0 5 22 11 10 15 22 18 16 1 24 23 10 9 19 9 12 24 24 3 14 0 1 23 13 13 20 17 5 22 24 22 24 16 21 23 2 16 6 6 4 16 22 9 24 20 2 23 20 4 11 19 21 10 12 10 6 5 0 8 6 9 3 11 22 5 12 9 24 13 13 1 6 14 24 17 12 1 17 14 1 17 17 1 15 7 4 17 11 19 23 12 14 5 6 21 15 0 23 12 5 10 22 4 9 10 7 19 4 0 12 18 6 23 10
7 9 24 16 0 16 17 22 17 12 16 7 11 23 1 23 0 23 2 22 16 19 2 0 3 13 18 18 2 4 18 17 4 13 3 4 24 20 2 16 15 7 3 18 20 3 22 2 9 17 20 21 2 9 9 19 2 19 23 4 8 20 0 23 8 6 23 23 23 4 4 8 23 3 8 15 15 11 24 9 15 8 8 4 9 19 9 15 16 19 9 3 9 0 5 23 24 19 1 22 0 18 23 0 1 22 12 0 21 13 22 7 18 20 19 21 23 24 23 17
22 23 20 11 14 22 5 23 14 13 12 12 9 7 1 21 19 15 2 20 2 1 3 19 3 13 23 11 15 21 15 5 14 23 17 23 1 18 2 22 7 5 21 22 16 16 0 7 20 22 4 18 21 19 18 10 11 11 12 20 2 2 20 21 21 12 23 13 10 8 6 13 11 23 3 10 24 8 5 24 17 13 9 16 10 19 8 16 3 0 7 6 12 11 23 14 23 23 24 23 0 4 21 24 0 12 4 22 20 2 2 10 23 3 1 24 11 9 19 20
21 5 4 13 23 13 17 19 10 10 24 23 18 16 10 1 11 24 16 23 2 0 3 3 3 11 16 17 15 19 22 5 17 5 2 22 5 21 14 23 7 16 23 7 2 18 22 17 3 2 2 23 21 10 9 24 2 21 0 9 3 4 10 21 10 6 7 3 4 22 1 14 12 23 15 24 3 13 17 1 2 5 18 0 15 5 6 2 17 15 18 14 5 1 24 13 24 5 5 24 22 23 20 23 1 8 9 20 16 1 21 12 5 18 6 6 2 13 17 23
9 21 19 23 14 23 20 14 16 13 18 9 20 11 1 15 14 20 19 2 15 15 19 23 2 3 16 23 14 4 15 21 13 0 20 18 20 6 16 6 5 6 0 22 5 8 21 18 7 21 9 21 19 22 0 21 5 6 20 1 23 7 11 21 23 21 22 14 11 0 23 24 23 16 10 7 7 3 24 13 1 13 18 8 1 8 13 5 5 3 20 16 3 23 24 24 24 24 12 16 20 13 16 7 24 21 10 9 2 6 10 1 20 1 12 8 0 17 11 11
8 13 8 14 12 12 7 7 16 0 18 16 20 1 16 1 10 13 17 9 2 10 10 19 11 21 21 1 4 17 19 3 5 24 17 21 1 21 1 3 2 22 16 23 8 5 21 8 20 2 18 1 10 0 1 9 11 6 24 12 8 7 7 6 21 23 13 22 9 2 4 6 15 2 23 1 6 5 2 13 10 14 4 13 12 13 7 3 11 11 20 7 10 23 1 23 13 23 23 24 23 23 4 16 9 3 8 21 7 3 18 8 4 19 24 23 9 16 7 10
8 14 5 12 17 21 16 24 12 9 7 24 19 24 1 17 15 24 9 2 14 11 20 3 17 11 1 18 2 2 12 24 3 19 5 13 18 14 6 21 7 18 15 7 16 18 21 8 24 7 3 21 23 23 4 3 20 19 1 6 12 9 24 0 1 14 2 13 22 8 8 15 23 5 15 7 15 24 24 7 16 13 9 2 19 12 12 0 19 5 14 0 1 24 24 3 24 8 22 24 23 12 16 22 3 12 9 5 3 24 6 19 20 19 9 13 7 14 11 3
16 5 11 17 9 24 23 22 13 19 11 15 16 1 9 12 13 10 11 2 17 12 20 3 17 19 11 16 21 4 20 19 1 22 3 2 3 15 15 7 7 24 20 16 1 23 19 8 7 7 18 7 19 21 1 19 6 1 4 8 12 6 4 21 24 22 12 24 14 7 5 15 23 15 4 1 15 2 24 24 14 12 17 13 8 2 7 9 12 8 9 12 10 15 23 22 23 0 24 23 18 0 1 4 18 20 16 8 22 10 12 23 14 9 2 21 17 17 23 23
3 5 6 8 11 17 11 8 13 17 17 18 12 11 1 12 22 16 9 2 20 21 12 3 10 12 11 4 4 13 0 18 5 17 4 16 21 24 6 22 1 6 19 18 0 2 7 21 19 17 2 1 21 6 1 10 1 19 10 7 24 10 13 1 5 11 13 11 22 9 2 2 2 9 24 15 7 14 24 3 5 13 3 9 11 11 7 1 16 1 4 14 12 21 14 4 23 23 16 3 23 20 17 23 8 23 11 16 24 16 19 21 15 14 7 3 3 21 5 11
