22 0 15 6 8 15 15 21 0 11 21 14 22 24 1 11 17 14 24 10 2 13 12 18 1 13 21 3 20 24 15 4 23 5 2 2 24 2 23 3 20 17 24 6 16 2 3 8 23 9 0 22 6 10 6 0 20 20 7 10 12 24 24 24 7 2 7 13 22 0 14 23 11 7 16 24 0 0 13 13 6 4 25 18 4 7 4 7 4 11 7 6 20 0 8 8 7 24 12 13 25 23 0 13 24 21 12 0 24 16 0 25 24 2 15 2 0 12 22 0 2 7 0 3 25
8 0 14 10 25 21 10 19 14 19 16 15 10 1 12 18 1 25 24 2 20 14 17 25 3 11 18 12 17 23 0 19 5 5 5 18 18 5 7 7 22 7 4 24 4 24 24 17 5 3 1 25 1 7 10 9 2 8 6 20 1 24 9 8 4 12 11 13 11 14 3 23 5 12 11 0 3 24 1 25 13 2 6 10 10 18 12 1 10 14 8 15 13 17 18 3 10 24 18 24 24 25 5 25 22 21 8 5 20 5 1 23 7 4 8 19 4 2 19 18 6 1 19 22 15
4 12 20 21 7 24 11 20 0 11 18 21 10 1 0 1 11 15 9 2 2 2 14 16 3 2 18 17 18 15 0 4 23 14 17 25 6 2 5 3 0 7 22 17 19 1 5 18 9 8 24 23 21 19 10 19 11 8 22 5 1 21 25 24 11 12 22 12 22 5 15 2 23 11 0 24 0 1 14 13 9 25 0 16 16 12 13 16 2 13 18 1 5 17 22 19 3 25 25 19 13 25 10 22 8 24 19 1 13 8 0 6 16 19 24 14 23 6 10 21 14 3 19 7 17
18 8 18 7 5 12 14 24 7 22 19 23 25 17 1 15 17 15 13 25 2 25 2 3 23 2 11 13 4 18 17 5 13 15 14 21 6 25 20 7 20 7 4 3 7 1 24 3 23 4 19 21 4 18 24 24 23 0 24 20 9 7 11 21 23 9 7 23 22 14 23 24 11 23 8 4 10 7 8 2 4 0 17 25 11 8 12 12 17 7 11 18 4 7 4 8 4 2 24 2 21 24 9 23 25 15 3 5 22 2 11 25 25 3 2 24 24 8 2 25 9 6 20 12 11
17 0 24 11 23 11 9 12 15 14 0 21 9 17 1 22 16 17 10 2 22 25 1 18 17 2 24 15 4 14 3 19 5 13 16 18 25 22 4 17 5 7 1 21 0 23 1 2 6 9 9 1 22 19 7 19 10 20 4 1 8 23 23 3 21 25 24 25 22 13 15 10 7 15 7 24 9 6 10 15 2 25 14 9 0 1 20 14 2 20 19 21 5 20 21 14 13 19 25 24 8 11 24 10 8 15 22 15 22 25 23 3 19 5 15 25 3 10 13 13 8 2 19 12 13
11 25 16 22 11 8 20 25 6 22 24 19 16 13 17 23 24 1 18 2 0 11 15 0 12 12 1 15 20 17 4 24 5 20 22 14 24 23 3 6 15 23 20 22 2 17 18 0 0 1 1 18 10 6 0 22 2 0 5 20 9 25 2 0 21 13 5 12 4 0 2 9 23 7 16 6 9 24 1 17 4 5 25 15 6 3 10 5 7 5 7 9 2 14 19 8 23 24 4 14 24 2 0 20 3 24 22 11 5 23 23 5 2 2 16 20 4 25 9 15 11 22 9 1 17
4 8 6 0 20 5 10 17 9 6 17 7 13 1 1 20 15 14 1 19 19 2 17 17 3 11 21 24 12 22 3 16 3 5 0 23 1 6 23 25 7 22 5 21 20 17 19 21 0 7 0 25 18 25 10 4 6 8 24 20 25 3 3 2 2 21 4 25 22 14 3 10 24 23 7 10 0 10 5 12 25 9 25 5 0 9 5 16 16 5 12 8 21 6 12 5 19 24 6 24 17 10 8 25 1 11 25 5 3 24 8 18 8 8 5 24 7 8 6 9 25 3 25 1 20
3 17 17 9 22 14 6 12 8 24 19 17 7 7 1 24 0 15 1 2 23 1 19 3 18 3 21 17 22 4 14 18 4 20 16 6 6 17 24 15 24 2 7 2 7 24 18 9 8 25 18 22 1 23 6 7 11 4 6 23 20 0 7 2 21 9 23 22 0 22 11 10 8 1 3 24 5 24 17 25 6 25 18 15 18 17 6 10 0 2 20 19 20 9 5 1 1 16 24 5 24 21 8 3 24 21 14 12 1 24 20 25 18 1 10 24 22 16 12 10 9 11 9 16 24
8 23 22 18 18 17 24 25 15 17 25 17 9 1 12 1 20 0 9 9 2 11 10 3 3 11 21 15 14 15 16 21 17 5 20 20 5 6 19 18 16 1 7 17 25 5 17 21 24 3 19 3 9 5 20 19 11 9 22 20 1 21 21 21 13 7 22 23 23 10 15 12 23 6 24 8 10 16 14 13 25 9 13 11 11 7 1 18 5 13 15 5 5 6 21 21 22 25 24 23 8 11 21 24 11 0 25 4 3 19 11 13 8 4 17 8 5 13 15 15 1 10 8 6 1
3 8 6 4 12 9 10 6 23 25 21 24 0 25 1 20 24 14 17 2 10 18 18 23 11 20 23 13 15 16 17 2 5 18 0 3 6 15 6 20 16 4 7 3 23 8 1 17 8 25 23 19 18 19 0 8 7 7 10 7 11 5 12 13 4 22 22 0 0 7 7 23 4 9 15 9 24 10 14 11 4 25 9 14 12 19 15 3 3 6 4 5 18 4 11 16 15 25 25 25 13 24 17 25 11 13 19 19 3 18 17 23 15 4 11 24 18 21 22 23 5 15 6 6 15
10 9 16 15 22 16 9 17 18 20 0 7 13 23 1 19 9 18 17 19 18 24 13 16 3 12 12 17 13 2 13 25 21 3 18 22 18 15 6 2 4 22 15 4 25 8 24 1 17 19 8 9 10 6 5 9 21 7 11 24 20 1 7 23 21 10 2 3 0 23 12 14 13 13 24 16 11 5 24 17 15 17 18 25 2 19 16 0 20 13 4 16 16 14 12 7 22 4 0 25 24 16 20 24 13 0 14 18 23 25 4 4 5 10 18 11 5 2 18 9 1 15 22 20 16
17 23 18 19 6 9 19 10 21 16 8 23 25 1 1 9 12 13 14 21 2 2 25 13 3 19 16 12 4 24 24 13 5 2 1 21 25 2 6 16 2 18 25 3 22 1 17 2 23 1 18 10 9 4 10 24 7 5 20 3 6 25 7 9 5 3 10 22 22 9 14 7 0 9 7 12 24 8 7 13 4 25 8 16 9 18 7 10 15 5 18 13 9 5 13 5 25 25 25 1 25 24 25 14 3 8 6 18 24 24 6 20 0 15 1 25 7 21 25 14 17 12 3 4 10
22 9 5 18 20 18 23 6 22 0 18 0 9 1 9 1 16 22 13 17 2 19 24 2 3 2 2 25 2 3 22 18 5 0 25 1 14 23 17 23 1 6 6 8 25 8 7 6 0 18 18 10 18 24 19 5 5 11 0 9 8 8 2 11 12 21 21 22 8 8 8 8 14 15 10 6 13 24 5 13 25 8 11 3 5 11 14 0 13 3 0 13 3 12 3 16 14 24 24 19 4 24 22 20 9 4 20 24 1 10 3 22 25 2 5 24 14 23 25 4 22 3 7 3 12
20 6 23 25 9 22 14 22 14 12 12 18 16 1 15 21 1 21 19 2 17 14 12 1 11 17 23 16 4 0 3 23 14 16 22 24 25 23 19 7 17 5 16 7 3 20 17 24 3 0 19 0 22 23 21 25 10 11 2 3 2 7 21 4 1 24 9 22 14 13 25 14 24 15 7 6 24 25 17 12 25 9 7 11 13 15 1 2 20 5 6 16 2 21 22 16 6 24 1 25 22 24 22 20 24 7 3 18 15 11 25 18 14 2 16 11 7 13 18 3 8 14 20 21 13
12 17 6 7 13 18 24 18 23 21 12 20 18 16 1 18 1 11 25 2 2 14 22 14 3 11 18 22 4 3 0 3 14 5 5 4 16 19 17 3 7 0 16 3 23 5 17 3 21 6 23 7 22 19 9 10 0 1 5 4 7 3 10 10 10 21 13 12 7 0 7 7 4 23 3 24 15 17 3 12 3 25 0 4 4 3 8 11 14 11 10 9 11 10 22 2 13 24 23 25 24 21 24 7 0 24 19 21 2 6 7 6 16 1 14 24 23 6 13 7 7 16 21 15 23
9 8 8 14 15 6 10 24 13 12 11 0 17 22 1 20 22 9 16 2 17 1 23 13 17 3 22 15 18 3 16 5 0 0 3 2 25 1 24 2 22 17 2 16 8 18 3 1 3 18 23 3 21 10 4 23 19 7 9 1 9 12 3 0 2 22 11 8 5 24 12 23 15 9 14 12 7 24 11 10 5 25 0 11 15 15 4 10 8 20 3 3 4 4 8 10 19 5 24 5 12 16 15 24 7 24 9 3 19 24 10 8 1 7 6 22 18 21 6 13 18 2 8 11 5
16 0 0 20 8 6 15 22 13 7 7 21 14 1 23 14 23 10 2 11 12 21 11 14 3 2 18 21 4 4 13 25 23 5 14 23 14 14 22 6 4 16 23 17 16 4 19 24 9 22 6 22 18 10 21 9 5 25 20 6 20 9 23 6 3 23 22 12 4 13 0 24 12 0 6 3 10 24 8 12 17 10 25 11 5 5 13 18 4 20 15 4 11 1 0 4 9 12 24 3 24 13 24 24 6 17 15 19 24 20 1 14 8 5 21 4 24 5 8 9 6 11 23 11 22
16 11 22 7 22 5 10 20 20 7 16 11 10 1 23 1 20 24 1 2 1 11 18 3 24 20 0 24 1 25 4 5 18 13 22 4 19 5 22 1 24 15 16 7 1 16 7 22 9 7 7 2 20 9 8 1 21 9 1 25 23 12 12 22 7 0 12 25 22 8 4 11 11 2 9 16 24 17 4 15 5 25 18 15 6 15 3 3 4 5 8 14 4 19 2 20 12 24 24 24 13 24 1 7 25 8 25 24 7 16 4 8 20 23 3 10 23 4 1 19 22 4 11 8 19
14 12 5 21 22 13 0 21 15 10 12 0 14 1 21 13 1 11 2 23 2 11 14 3 20 19 13 14 13 15 23 5 5 0 5 16 19 6 25 16 2 15 18 4 2 23 0 22 2 21 22 8 10 20 24 11 1 10 0 5 20 25 12 21 5 1 3 13 1 22 22 23 12 16 11 24 1 14 16 17 14 3 25 12 14 13 12 4 12 12 8 13 2 13 16 13 14 24 24 3 6 23 15 13 19 25 24 22 1 1 12 14 12 25 12 9 14 9 8 2 18 1 14 24 12
12 22 19 8 20 0 25 24 25 6 0 14 8 19 1 0 25 17 21 2 11 24 23 17 22 17 12 4 13 2 25 25 0 5 19 15 25 14 6 4 3 17 23 8 16 23 0 2 1 23 3 1 10 1 1 10 19 1 23 3 21 0 5 8 24 22 9 23 10 2 15 14 23 1 16 13 11 15 8 25 14 0 25 14 13 8 7 19 17 5 13 0 16 0 9 18 13 10 24 4 23 0 22 2 1 24 0 13 17 24 7 23 9 25 20 15 20 1 1 11 5 12 0 6 17
24 25 18 0 9 22 0 25 8 9 10 20 20 14 21 17 1 11 12 2 13 0 18 3 24 21 25 16 23 4 14 16 13 20 2 2 6 0 25 18 15 2 0 2 7 4 2 18 9 4 24 18 22 10 19 11 20 1 11 24 11 21 25 21 5 8 24 2 22 14 12 23 12 10 15 5 0 3 17 25 2 11 25 14 3 2 10 7 15 3 6 19 19 12 10 0 9 24 1 18 24 25 24 8 24 23 24 20 24 15 18 19 24 23 22 4 19 13 23 2 2 14 20 20 19
3 18 11 20 18 8 0 15 18 6 17 24 11 22 1 13 18 14 18 2 0 17 15 13 3 1 15 2 12 17 1 13 5 17 21 0 14 25 18 15 1 21 23 18 6 8 6 6 3 21 21 1 24 22 0 8 10 2 25 21 20 22 2 25 7 1 2 7 3 22 4 7 23 1 16 3 13 16 24 12 9 25 6 14 18 0 0 4 19 14 16 18 12 4 21 13 15 13 24 25 19 6 24 6 22 23 17 14 25 7 22 11 24 11 4 9 16 8 2 19 15 20 10 25 13
16 21 21 14 24 23 6 13 16 23 24 15 10 13 17 1 19 1 2 25 23 2 19 21 3 11 21 12 4 4 21 17 5 19 25 21 0 0 24 6 17 7 16 1 17 4 23 0 4 20 18 4 20 7 3 3 23 5 24 20 10 20 1 21 21 4 14 22 1 2 1 15 4 14 12 7 11 24 4 3 15 15 25 13 13 8 8 17 16 0 9 14 16 16 12 4 5 21 0 24 17 3 15 19 24 6 2 25 17 3 23 15 4 8 12 9 15 2 23 1 11 0 17 8 3
13 8 17 17 5 13 22 25 25 14 14 25 15 1 18 25 9 1 2 11 15 2 24 0 3 16 15 19 4 14 4 22 5 19 1 14 6 15 25 15 15 19 19 22 22 5 17 25 25 21 3 10 10 24 0 20 23 4 10 20 9 7 24 21 22 12 8 14 13 2 23 1 1 1 24 4 16 24 9 25 12 7 25 15 14 15 0 1 12 16 4 21 10 3 3 7 5 24 24 24 24 14 25 15 15 25 22 24 5 25 11 17 1 25 12 5 2 7 5 11 8 6 25 11 13
23 4 23 0 22 17 16 6 21 11 7 0 17 9 1 21 1 23 2 2 1 2 14 3 3 22 13 17 4 24 20 14 23 20 23 17 5 6 1 25 7 21 23 20 7 17 4 3 8 21 22 21 10 23 4 8 5 11 5 20 25 1 8 13 6 24 22 4 5 8 14 8 14 6 9 24 16 2 0 5 25 8 7 6 4 12 12 1 9 4 9 17 19 12 19 8 1 24 5 25 1 24 13 19 24 23 24 21 21 9 16 22 11 1 11 5 23 12 5 6 12 3 16 20 7
14 18 5 25 15 24 24 8 12 9 14 0 1 17 1 9 17 22 2 2 11 23 2 3 13 2 0 15 21 12 22 14 5 15 3 21 22 21 18 17 16 7 7 16 8 23 24 21 24 22 1 21 7 7 24 23 19 20 9 12 5 12 10 8 11 12 3 7 12 15 23 15 14 3 11 12 10 24 10 25 11 3 0 25 5 10 1 3 8 1 6 1 13 7 17 17 0 8 1 21 25 6 0 19 17 3 10 2 10 22 19 7 24 3 16 24 9 4 1 17 19 21 5 9 7
21 4 22 18 11 7 6 9 8 0 19 7 8 22 1 18 1 15 15 22 2 12 12 21 3 16 16 20 17 20 3 5 0 23 14 5 16 18 5 23 7 22 0 18 2 1 22 17 7 24 24 10 25 10 23 8 6 2 9 20 5 3 9 3 13 12 22 8 11 14 2 14 4 25 16 15 24 0 8 1 1 25 8 17 4 7 5 7 17 17 12 9 15 7 22 17 7 24 12 25 17 17 3 25 24 16 9 25 24 10 20 13 20 7 8 5 8 10 22 19 6 4 20 0 22
18 5 19 14 0 15 0 17 7 10 16 19 8 12 1 15 20 18 2 18 25 19 12 25 3 12 15 15 12 4 25 3 21 23 17 13 14 2 4 1 3 24 22 16 23 21 17 25 9 19 8 8 3 7 9 5 22 9 20 9 10 0 3 21 6 22 6 7 14 5 23 9 3 16 9 16 24 12 1 25 17 10 25 18 3 10 10 7 14 19 18 0 20 18 20 0 3 12 24 19 25 6 7 5 24 24 10 25 20 20 25 8 10 9 22 23 4 2 14 9 7 24 11 24 24
10 13 16 12 7 17 24 7 17 20 17 9 16 8 1 25 14 15 10 2 20 1 18 3 13 15 13 17 14 15 4 13 15 2 18 3 6 21 21 2 15 7 7 6 18 2 23 17 18 1 23 6 19 9 20 10 9 2 20 8 0 10 25 12 11 24 1 7 22 7 0 25 1 2 10 24 5 16 24 4 18 8 25 12 11 3 3 16 9 1 4 4 11 9 11 16 3 18 24 24 14 24 9 0 14 24 21 1 23 18 6 22 24 16 18 15 11 13 15 22 6 1 23 11 25
14 25 5 16 7 6 25 25 15 0 19 16 25 14 1 21 15 17 16 11 10 20 15 3 20 3 3 11 4 23 20 19 3 25 3 1 6 21 5 18 18 17 19 7 21 2 1 6 17 3 8 24 3 0 2 19 11 20 20 9 24 21 13 9 12 25 9 3 22 0 6 9 7 25 8 13 24 11 1 17 15 25 14 5 6 19 10 12 17 14 10 16 2 11 1 6 0 24 24 2 25 15 5 14 23 17 13 0 2 19 22 4 7 15 24 24 25 0 25 9 15 21 7 21 15
