17 25 12 16 0 21 0 15 0 16 15 7 17 18 1 15 18 12 13 2 13 10 18 10 3 26 26 22 4 23 24 24 20 1 2 15 2 3 6 25 2 15 16 23 26 24 26 18 25 9 20 18 7 3 25 23 11 25 20 8 2 5 23 3 21 1 14 22 25 10 14 23 11 6 14 8 3 14 4 1 7 7 25 26 5 10 10 16 5 16 21 21 0 4 12 18 19 9 23 5 5 25 18 25 1 7 25 18 25 17 19 10 25 19 11 24 4 15 13 5 8 18 22 0 1 15 17 9 19 25
16 14 19 12 6 25 9 11 23 13 15 10 18 25 1 20 1 17 10 12 2 23 20 14 22 3 12 20 18 4 25 19 18 21 16 1 26 24 25 7 7 6 19 5 6 23 20 2 18 26 2 2 9 10 22 19 22 8 8 10 5 3 21 6 6 9 9 10 0 6 15 11 14 12 24 11 5 8 16 14 25 1 10 14 0 26 18 1 4 15 17 13 11 21 10 11 5 3 1 22 6 26 26 19 26 17 26 14 23 9 15 15 20 17 7 18 4 25 18 9 23 7 5 11 26 12 2 6 20 9
6 9 15 24 0 8 14 12 24 6 14 7 21 12 1 25 18 11 26 2 17 10 21 19 3 2 1 19 12 24 3 4 19 3 1 25 6 26 24 16 7 0 0 23 21 6 8 17 7 26 24 25 24 4 9 19 4 21 5 24 21 7 13 26 21 6 23 2 13 1 7 8 14 10 8 16 24 7 4 8 25 5 3 4 4 10 26 10 9 5 15 17 5 0 2 5 19 23 17 18 7 26 25 25 25 14 17 25 0 21 14 2 15 0 9 3 24 7 24 9 10 6 4 13 8 18 14 6 0 25
9 15 5 26 8 13 10 10 8 19 26 14 25 20 24 1 16 26 25 2 10 2 15 11 3 12 11 3 14 14 14 18 21 5 25 15 25 24 19 0 7 21 23 18 25 17 23 4 22 18 24 3 4 2 19 25 11 3 3 7 25 0 6 13 11 12 22 3 4 3 23 15 15 24 15 13 26 12 3 25 13 5 5 17 26 19 12 15 11 20 14 11 1 16 8 4 9 12 10 3 26 3 25 0 0 25 8 23 25 16 19 8 24 23 7 17 7 20 21 26 21 9 2 11 8 19 26 21 7 25
16 20 19 5 6 8 12 21 23 25 0 24 22 1 10 1 1 1 19 10 11 2 14 3 18 1 12 18 4 0 15 15 14 22 19 18 1 14 26 15 0 7 1 19 26 25 18 2 1 9 22 25 4 4 10 2 20 23 23 3 8 25 21 4 12 24 22 9 26 25 6 10 0 11 9 8 15 1 17 25 0 7 26 26 7 26 4 8 19 9 11 1 5 13 2 21 17 18 11 2 26 14 26 7 0 26 9 13 17 15 12 9 23 11 23 7 12 25 21 23 2 20 11 2 21 16 26 10 25 10
23 15 16 15 8 23 17 6 19 7 25 20 19 0 1 1 22 23 2 2 18 25 24 17 3 0 12 17 4 16 18 19 13 13 1 6 6 20 1 25 3 15 3 17 23 7 2 8 9 2 19 18 20 0 8 0 22 23 22 7 20 7 6 10 12 5 11 5 14 6 23 12 9 25 26 7 24 6 25 17 3 9 3 11 26 14 26 19 13 20 7 17 16 11 20 5 21 12 3 22 4 26 25 23 16 22 25 25 22 23 25 10 22 11 2 24 24 3 21 5 3 0 22 24 24 23 24 2 13 7
16 10 25 5 24 17 12 13 0 8 10 16 9 0 1 23 25 25 17 11 2 11 10 3 3 14 19 19 14 0 3 26 1 4 18 22 6 5 22 0 26 4 16 22 19 18 5 25 4 7 22 22 19 5 2 24 20 25 9 20 9 12 5 8 21 2 22 25 0 8 23 15 26 23 11 6 11 16 16 25 15 8 0 14 17 3 26 11 12 5 16 16 18 20 18 21 10 17 14 17 5 25 20 10 5 14 25 1 10 25 11 14 25 4 4 16 1 2 13 22 13 10 15 13 22 13 6 24 6 1
25 16 23 21 8 8 18 18 25 16 14 16 9 19 1 20 11 12 14 10 0 19 3 23 3 14 13 12 23 4 15 15 16 0 6 5 14 6 25 18 15 7 20 21 19 25 22 6 25 20 23 8 0 10 0 23 19 4 26 26 10 25 25 6 21 1 3 13 1 9 26 23 15 24 11 2 10 11 6 12 4 25 2 26 1 13 26 10 12 9 3 2 21 1 3 20 15 20 22 18 2 26 25 23 25 25 5 25 25 15 3 20 10 19 4 7 18 7 2 21 10 12 8 6 9 16 0 25 10 1
21 13 26 20 14 24 12 0 17 11 17 24 7 20 1 24 14 26 20 19 2 25 11 12 3 25 12 18 15 4 2 2 5 16 19 22 17 15 6 26 7 25 21 4 23 17 20 25 6 22 5 9 6 1 2 22 11 1 10 8 11 5 21 22 13 13 4 25 14 1 9 6 24 26 2 10 4 6 16 0 25 3 12 3 26 1 18 19 7 17 4 19 13 14 3 2 11 6 1 10 25 25 21 21 26 19 25 1 0 24 20 7 20 17 3 17 20 26 5 19 22 6 1 24 3 14 14 8 11 7
3 14 4 17 11 24 16 26 14 12 10 23 8 26 1 13 19 19 20 2 13 18 3 3 16 24 23 4 12 15 3 1 4 15 22 25 18 25 6 16 7 16 17 18 26 5 8 21 25 8 19 5 18 26 23 19 8 20 4 3 21 2 1 7 4 14 11 22 9 14 13 8 5 10 4 12 24 12 16 5 13 17 14 11 3 12 26 2 0 16 20 13 2 5 16 16 21 21 13 11 22 16 3 11 26 26 22 26 0 4 6 14 3 16 26 0 4 6 2 3 19 20 4 11 23 19 2 6 15 0
10 24 26 18 21 7 26 19 7 16 16 18 17 13 1 18 10 20 2 13 2 18 17 15 19 3 22 12 4 26 13 23 5 14 15 26 17 0 23 23 26 22 16 2 8 7 23 26 25 9 2 7 10 22 21 19 19 8 0 4 21 23 7 21 13 10 8 5 14 4 15 0 23 15 9 13 5 25 4 12 5 2 5 4 26 17 13 15 15 15 8 9 0 16 20 7 22 11 14 19 26 25 26 5 26 14 25 17 21 16 9 16 1 0 5 6 5 1 24 11 20 22 21 9 26 19 6 4 8 22
12 15 17 8 12 20 14 9 9 9 25 20 24 9 25 1 11 22 2 11 24 18 16 11 26 13 14 4 14 13 15 3 16 22 17 14 19 17 2 7 16 7 1 18 26 25 22 21 8 4 25 25 10 2 20 20 0 20 11 5 0 0 12 21 5 3 14 11 14 23 3 10 3 1 24 16 2 9 16 16 25 17 9 10 9 26 4 7 12 17 13 13 9 7 17 8 6 21 12 14 25 24 26 5 3 26 10 17 5 25 26 19 26 1 6 8 6 20 14 15 12 20 1 10 0 6 19 24 10 4
4 25 21 7 22 15 10 9 0 17 8 8 13 10 1 18 25 24 14 2 17 0 3 3 19 2 3 0 4 17 1 13 13 16 25 2 0 18 22 6 7 23 16 23 3 20 8 21 17 6 9 18 7 8 5 10 22 7 24 3 2 1 10 21 10 9 7 26 7 14 4 23 10 7 16 13 12 9 1 13 25 12 17 9 26 14 14 7 20 17 20 21 21 17 14 12 7 9 14 23 3 25 4 25 0 1 26 25 19 21 25 24 20 17 2 9 18 21 25 24 14 14 10 19 2 2 24 16 5 23
5 16 0 26 12 0 11 0 23 12 11 24 25 11 1 17 11 20 14 21 2 25 14 11 13 2 3 15 16 18 13 22 14 5 18 25 17 14 20 3 7 19 16 2 23 5 26 17 2 8 21 19 3 10 4 22 19 22 23 21 9 12 21 3 5 22 23 5 25 10 26 9 13 0 24 9 8 16 15 25 17 12 8 0 26 1 19 17 0 3 13 16 21 18 12 8 13 18 1 20 25 25 7 26 25 25 24 22 26 3 13 19 25 17 18 14 18 18 25 21 12 10 4 12 1 16 8 18 26 12
7 14 23 6 5 11 20 13 21 25 21 12 14 10 1 17 12 2 2 16 2 12 24 10 19 0 19 15 4 24 14 26 2 16 24 21 1 25 6 1 20 2 16 24 16 5 16 2 5 7 23 6 26 7 4 3 10 22 3 12 24 9 21 1 5 24 11 23 24 24 25 15 8 25 24 14 10 6 26 1 17 8 11 26 17 11 18 5 19 20 13 1 14 17 14 15 5 2 8 26 26 21 26 1 26 25 25 17 25 25 9 17 19 16 15 6 25 1 21 5 8 7 3 1 6 13 4 25 15 5
5 16 6 4 0 8 18 19 11 13 9 11 14 21 1 24 21 13 12 2 0 2 1 18 3 21 2 2 24 17 12 16 5 23 1 20 0 19 4 15 7 20 18 25 16 23 3 17 8 23 8 24 5 9 26 20 21 25 0 20 9 3 23 21 8 6 9 0 14 26 3 23 2 13 16 8 24 8 14 25 13 25 2 8 10 7 26 7 18 15 11 6 2 5 2 14 13 2 1 24 11 26 19 25 18 15 23 9 20 0 0 15 26 12 8 19 0 5 2 5 14 21 26 23 14 8 1 1 0 13
4 9 13 0 25 6 26 22 24 25 24 16 19 1 1 20 10 13 1 19 2 10 14 3 0 23 21 14 4 20 3 13 1 15 14 17 25 23 5 0 6 3 20 8 8 8 5 7 23 18 9 7 20 10 8 26 1 22 8 4 23 3 0 21 26 3 12 14 3 9 23 24 0 7 24 2 16 14 17 12 25 2 17 18 26 0 10 2 15 13 10 14 14 2 5 8 5 22 21 17 25 3 25 25 15 25 26 25 18 26 5 4 25 13 2 26 1 16 26 1 25 6 21 5 0 14 6 26 0 18
11 21 13 23 25 12 22 18 8 16 18 7 17 1 20 18 20 19 14 2 14 20 14 3 13 3 0 26 4 3 20 23 18 25 15 26 26 6 5 17 15 6 24 2 23 21 23 1 18 19 25 2 2 2 11 1 8 21 4 12 11 21 10 24 21 4 6 22 8 3 5 2 23 7 3 10 7 17 17 9 2 25 9 15 18 26 12 26 18 16 4 9 8 14 12 8 12 18 7 1 17 26 11 26 18 16 6 14 18 9 23 11 25 23 19 25 26 25 22 24 16 26 17 0 5 12 22 0 15 19
11 6 25 19 21 24 11 10 20 0 16 13 18 0 13 1 0 21 2 9 2 22 11 3 23 18 13 12 19 17 21 15 5 13 20 5 0 20 21 15 19 20 23 1 7 26 17 25 2 9 18 4 4 24 9 19 3 11 0 0 20 24 1 7 26 5 12 25 12 26 23 9 6 9 13 24 12 4 17 25 17 25 9 10 26 10 9 10 20 4 2 8 12 13 6 16 9 15 23 21 2 6 25 8 0 17 25 14 6 25 26 8 25 14 8 4 25 3 12 18 15 23 26 0 12 9 18 16 22 17
18 25 6 8 8 11 8 21 18 22 26 22 17 17 1 11 25 17 10 2 1 16 3 22 3 12 25 16 4 26 22 21 14 5 23 26 5 4 0 6 7 16 23 7 19 8 18 24 18 3 25 18 6 6 20 9 0 5 11 9 2 12 0 21 8 1 6 12 14 23 2 9 24 15 7 9 0 14 6 0 25 26 17 3 17 8 17 15 4 4 8 10 17 16 21 18 2 20 16 20 25 22 21 25 7 16 24 2 26 25 16 25 3 12 25 18 10 14 4 21 25 23 2 14 14 16 17 6 6 14
14 7 12 11 22 10 11 22 11 12 7 0 20 17 1 18 11 0 1 12 14 10 20 13 22 3 17 0 19 23 16 2 22 1 0 3 6 19 6 21 20 25 16 4 18 8 17 17 7 5 19 19 19 23 6 1 1 21 20 12 23 12 2 5 22 8 25 13 7 23 14 9 4 16 10 24 16 6 17 3 25 15 3 18 12 26 0 2 3 10 0 16 14 5 14 14 4 21 19 2 8 25 25 24 18 4 14 26 3 21 23 22 10 4 26 7 7 21 22 26 14 3 26 9 1 15 1 26 12 25
10 15 19 15 14 15 12 7 15 8 13 18 26 1 8 1 11 16 16 16 10 2 19 20 2 18 17 0 4 20 26 20 18 1 5 23 17 6 4 5 7 16 7 26 17 26 20 22 23 19 20 8 21 19 3 0 22 9 11 8 5 21 22 25 12 11 13 22 13 24 6 24 0 1 5 24 0 17 6 5 25 16 18 17 9 26 5 0 0 8 4 15 11 2 21 20 3 4 14 3 20 26 2 26 25 12 26 17 18 25 2 16 22 26 4 18 22 10 0 26 4 24 9 14 15 19 4 15 5 7
21 13 21 7 23 18 9 9 16 14 0 15 18 1 9 22 1 1 1 2 15 20 10 13 19 3 18 17 18 12 2 5 5 17 1 1 6 23 26 1 6 0 24 24 8 2 4 8 25 2 26 18 24 22 24 21 20 3 23 12 20 2 21 10 26 5 14 22 9 5 9 9 23 25 13 13 12 5 26 25 3 15 16 0 26 2 10 14 9 13 13 15 7 7 0 22 5 20 17 2 0 16 0 9 25 3 2 26 14 25 26 1 11 18 3 18 26 10 13 2 3 25 5 26 22 2 4 19 11 15
24 15 20 23 0 8 16 8 9 21 17 16 25 1 20 1 10 17 14 26 0 0 14 3 11 21 17 18 4 16 3 24 5 0 3 20 5 18 20 7 7 16 3 24 21 4 4 24 0 0 9 4 19 20 21 22 24 26 0 12 10 21 24 0 3 6 12 22 4 25 7 24 8 5 9 2 24 16 6 25 4 0 8 0 26 6 1 10 4 15 10 8 15 9 18 13 6 9 5 12 26 25 25 24 25 21 9 26 17 18 9 26 25 22 10 19 4 8 3 24 23 21 15 4 24 6 5 1 16 0
23 6 13 7 20 12 8 10 15 11 0 11 11 1 10 1 26 22 11 20 2 24 13 22 3 26 19 23 12 4 26 13 17 15 1 25 16 1 20 6 5 26 16 1 8 6 21 20 21 0 26 22 19 25 23 0 21 7 24 7 9 9 11 21 22 3 12 10 24 26 23 8 12 16 25 16 24 15 0 7 13 15 1 6 3 26 19 15 10 5 17 16 1 12 10 2 2 14 21 4 23 26 26 14 25 23 26 21 17 9 3 8 9 9 19 19 20 8 12 15 12 15 19 12 11 2 8 11 3 19
9 18 8 10 18 21 15 6 23 7 19 15 16 26 1 11 0 23 11 10 11 0 2 22 17 1 11 2 3 4 16 17 22 13 18 22 2 14 5 7 22 26 15 21 7 8 2 2 23 18 9 4 20 7 22 19 2 11 3 26 22 4 12 2 6 9 0 22 0 15 1 8 24 23 16 25 0 1 8 25 1 0 18 26 8 3 26 1 5 6 1 15 8 7 6 17 5 0 11 8 21 25 25 17 25 20 26 25 26 25 7 0 13 10 16 23 21 25 18 13 9 2 19 8 24 26 7 25 6 13
7 7 14 12 22 12 26 14 25 0 8 8 17 1 1 24 12 21 21 25 19 11 2 21 3 13 23 13 15 12 0 13 20 0 14 24 6 18 6 17 6 6 16 0 6 8 1 1 23 22 19 18 10 23 23 8 10 3 0 20 25 26 2 22 8 21 14 8 5 14 12 23 23 10 8 24 24 0 0 3 25 0 13 15 16 3 26 3 15 20 2 9 1 18 15 12 2 11 23 19 15 25 25 26 26 5 25 6 10 21 1 24 4 16 4 8 15 10 11 24 11 14 7 23 10 18 6 20 21 8
4 26 20 21 5 9 15 24 22 11 7 0 19 1 18 1 18 9 1 13 18 20 26 3 2 3 21 12 4 22 19 22 3 16 25 5 1 3 15 20 21 16 2 7 3 8 20 1 1 1 18 19 0 26 21 5 3 8 21 12 1 21 26 26 22 3 3 22 9 12 8 14 23 13 11 4 24 3 0 1 14 25 7 2 14 26 14 10 7 1 2 21 10 2 21 6 0 14 12 6 11 26 25 12 25 13 5 6 11 3 25 23 25 19 25 26 7 17 18 10 15 26 16 26 12 22 8 15 8 13
6 13 0 8 11 25 24 15 14 20 8 25 13 16 1 10 12 9 2 25 2 19 26 0 3 21 18 12 4 3 26 20 21 5 2 15 4 5 21 18 0 15 22 23 5 18 17 3 20 9 21 2 8 24 2 8 25 26 11 12 4 1 7 21 10 22 6 0 6 0 14 5 15 15 15 24 15 6 8 25 17 12 15 18 26 14 26 14 15 17 11 0 0 16 15 9 15 6 13 20 12 25 14 4 5 25 1 4 1 11 26 6 25 8 21 14 6 14 6 22 15 14 12 2 7 14 0 7 14 5
24 22 13 16 20 25 23 8 14 26 7 9 26 0 1 15 25 1 2 2 2 19 20 11 3 1 22 2 15 17 22 15 2 13 25 17 6 17 25 16 7 0 21 1 25 17 18 7 9 25 2 9 1 5 19 21 26 10 20 2 24 21 8 0 11 10 22 1 13 9 2 9 15 8 11 24 6 2 5 0 1 25 25 26 26 16 6 6 9 18 8 21 18 0 20 14 1 9 14 17 25 25 25 21 14 24 25 2 5 6 23 21 4 6 25 3 10 17 17 3 4 5 10 16 5 11 24 5 1 9
