20 24 23 12 23 12 9 10 25 19 8 15 18 23 1 8 20 9 15 2 27 25 12 22 27 3 3 4 26 20 25 13 4 0 16 5 26 22 2 4 15 2 26 21 8 1 0 9 26 18 26 9 4 0 24 19 8 11 20 7 26 8 11 22 0 5 22 7 22 10 11 1 4 9 6 10 24 7 17 12 12 4 26 16 12 14 2 9 27 20 10 5 7 7 2 21 9 15 15 5 13 19 11 3 2 16 12 24 7 25 24 16 19 26 6 22 13 22 1 4 0 7 17 27 7 20 2 16 3 10 0 22 18 27 23
23 21 23 21 22 21 25 21 8 15 23 15 18 9 13 1 9 0 13 22 18 25 11 12 3 15 3 15 25 0 4 1 5 15 18 27 14 1 22 7 7 23 3 4 0 26 0 9 26 9 0 18 3 5 10 19 20 26 4 21 26 27 2 9 13 22 11 22 27 3 5 4 15 24 26 5 12 25 27 25 25 14 6 6 26 3 12 14 16 27 19 3 9 0 15 10 21 13 18 14 0 20 14 24 26 27 26 26 17 26 26 12 11 23 15 9 6 27 13 25 1 22 26 1 11 18 7 16 2 21 9 1 13 7 10
16 15 8 6 14 16 9 16 0 16 23 8 14 1 8 9 20 19 11 2 10 17 11 1 3 12 4 16 27 17 4 5 4 13 17 3 14 16 6 18 23 22 7 4 16 20 7 7 27 18 9 4 26 7 6 5 8 4 2 2 12 3 26 1 24 4 12 22 8 23 2 27 16 11 11 24 1 17 16 10 18 8 18 6 26 7 10 1 4 27 6 0 1 13 13 6 12 12 6 5 6 3 2 21 20 10 26 14 26 26 27 10 5 26 18 19 13 5 1 23 26 5 10 22 20 4 9 21 21 2 3 4 12 0 6
13 23 22 27 14 0 26 9 8 15 7 21 7 1 11 8 10 1 26 2 13 15 11 3 27 13 26 21 24 12 23 1 2 24 1 6 0 1 5 23 15 23 7 8 16 23 3 7 21 21 2 5 23 23 1 27 20 4 20 0 20 11 12 10 27 7 24 22 4 23 14 1 27 16 15 25 6 27 26 25 25 15 1 6 26 27 17 27 6 16 27 11 3 10 13 11 7 1 16 13 10 4 7 21 10 27 27 1 26 4 24 18 8 26 1 0 25 9 5 12 12 25 11 25 16 27 14 11 4 17 21 4 8 2 10
6 5 12 22 19 26 7 19 27 11 10 24 22 1 1 21 1 16 2 2 2 27 19 16 20 11 22 17 4 21 19 3 2 5 4 19 22 15 27 7 7 15 26 17 5 17 27 24 17 8 18 6 0 27 9 10 26 11 20 22 25 6 26 12 1 13 2 13 3 23 5 23 0 2 15 2 11 2 17 13 25 26 11 1 27 26 13 18 14 27 1 0 11 7 11 5 20 15 18 14 3 3 3 3 26 26 26 27 18 9 26 16 23 23 1 3 14 27 18 19 13 21 25 2 0 11 9 21 23 26 11 3 9 25 9
25 17 0 27 8 6 19 16 26 22 26 15 15 1 25 18 1 14 2 2 13 25 18 23 19 3 19 24 21 4 27 15 16 19 19 6 15 24 18 15 7 26 19 3 0 22 19 7 9 2 4 19 3 23 2 5 11 20 20 20 3 22 7 22 24 27 27 8 13 14 23 8 5 7 24 26 15 2 13 13 26 26 8 17 26 19 12 12 11 27 17 17 1 3 1 10 7 8 23 12 2 21 11 25 26 26 23 16 22 27 17 5 7 26 25 10 19 26 16 26 26 19 11 10 9 26 6 26 23 6 11 20 21 3 10
18 4 16 18 23 6 14 15 11 21 17 19 11 1 19 15 9 1 2 10 27 1 27 21 3 26 2 4 4 24 24 23 24 5 15 2 19 6 22 4 25 22 27 6 18 8 21 18 4 18 19 4 0 6 25 0 11 20 5 12 12 12 24 1 8 9 7 8 23 11 14 12 26 26 24 12 16 7 2 0 16 16 26 16 6 14 6 27 3 9 15 7 9 10 17 0 2 19 1 21 1 4 2 26 26 26 26 18 26 0 8 26 7 17 19 7 4 26 12 5 7 0 19 10 12 24 26 8 16 7 14 22 27 5 11
24 4 23 9 25 20 15 15 22 17 27 11 17 9 18 1 15 19 2 2 15 2 0 2 3 15 23 22 22 19 16 23 27 5 14 20 6 15 21 18 7 22 7 18 3 17 18 1 26 9 6 0 0 0 5 19 11 26 4 8 21 9 3 5 22 10 13 27 10 27 4 23 10 27 11 10 24 25 10 17 1 11 11 26 26 14 9 10 27 27 20 11 2 7 15 0 2 22 15 0 24 16 22 14 26 26 27 5 27 13 1 4 26 5 12 16 5 26 17 10 12 27 8 12 13 18 13 16 1 11 12 1 12 0 10
21 21 24 10 5 20 22 25 11 24 15 8 25 1 9 1 12 18 26 26 27 10 3 16 24 3 12 27 18 4 19 23 0 17 15 17 16 16 2 3 16 27 7 8 23 26 25 18 17 24 9 0 24 27 3 19 2 3 9 27 6 7 1 21 7 11 13 26 10 0 23 14 7 15 8 24 25 26 10 14 25 8 17 26 12 26 19 4 2 27 15 21 13 21 13 15 8 22 6 14 4 10 18 7 21 6 26 9 26 8 26 26 26 26 26 14 4 1 19 27 26 8 18 15 25 21 12 1 4 16 5 5 18 25 2
9 21 15 23 26 9 7 20 10 11 15 15 20 19 1 11 0 18 2 15 14 2 26 3 21 16 15 18 4 21 13 14 20 5 0 23 0 0 5 15 18 23 19 18 22 2 9 9 8 21 27 26 26 21 27 2 8 20 10 4 0 12 3 23 23 22 25 12 23 23 8 10 4 11 24 26 8 3 25 16 8 26 3 5 9 14 5 12 27 19 19 0 3 10 6 10 6 10 9 3 9 12 23 1 26 2 19 26 20 26 27 26 26 6 26 3 19 14 5 26 8 18 27 21 22 11 1 6 26 10 27 21 13 5 3
9 6 24 6 17 25 0 22 20 16 13 24 11 22 1 23 22 25 20 2 27 22 11 1 3 18 24 22 3 12 4 14 5 22 16 1 21 15 16 27 25 18 24 16 0 18 17 8 20 26 22 5 0 5 19 2 10 11 20 21 0 7 21 7 13 25 10 23 6 0 11 23 25 2 7 24 1 16 8 10 25 1 6 27 19 5 1 8 27 1 3 6 9 11 9 16 17 18 15 12 12 24 11 22 13 26 27 27 11 9 20 12 15 13 9 2 11 26 19 5 11 6 8 9 3 8 25 22 15 14 12 12 0 9 16
8 22 9 0 8 5 17 26 0 16 22 12 25 9 1 0 16 1 9 19 21 16 15 3 11 12 0 11 13 19 4 4 5 20 0 16 20 14 24 21 26 7 4 25 27 0 22 6 6 5 6 25 18 2 22 9 11 9 10 12 8 26 21 11 7 1 14 0 12 5 23 10 5 15 7 24 5 1 1 0 25 3 2 14 18 26 2 4 18 27 10 8 5 0 17 4 18 15 3 11 2 4 5 9 15 27 27 27 27 9 27 4 15 25 15 10 2 3 2 1 19 22 12 6 4 23 13 6 2 13 11 14 17 14 3
6 20 6 20 9 16 19 6 10 8 18 25 18 17 1 16 22 17 2 2 2 2 26 15 0 3 13 19 2 27 1 4 17 2 5 18 6 0 15 21 24 24 19 20 17 8 5 21 9 25 4 18 24 9 25 6 20 11 26 5 21 27 4 4 7 12 2 5 27 11 23 15 4 0 15 24 0 3 25 25 9 2 26 3 26 14 19 27 15 17 17 16 3 13 6 5 2 12 0 0 14 20 3 7 9 26 20 26 27 8 26 26 26 6 3 8 21 16 26 3 6 16 12 19 0 24 7 7 14 16 2 3 21 21 17
10 19 10 26 11 25 21 9 22 23 18 27 23 14 1 22 14 22 2 13 25 22 23 1 11 3 4 4 20 13 13 13 24 13 2 5 14 14 0 26 7 25 27 26 17 18 23 17 23 9 26 0 22 24 9 10 23 2 8 20 0 21 10 9 26 24 22 0 23 1 15 8 3 12 8 16 25 3 16 25 8 6 14 26 6 9 6 7 27 9 15 7 4 3 9 0 10 4 1 14 16 17 13 1 26 26 8 2 26 9 23 6 17 1 9 26 6 22 24 8 25 26 4 16 12 25 23 1 1 12 6 25 27 24 11
26 25 15 12 0 6 24 8 16 25 16 24 7 11 1 15 13 13 19 2 12 13 26 20 3 21 2 20 18 25 23 23 25 23 14 5 25 19 0 4 17 15 7 22 0 8 5 17 9 21 3 9 3 18 23 22 7 11 26 26 10 5 21 6 25 11 27 11 22 9 12 14 2 15 12 0 17 2 17 6 13 26 8 12 12 6 26 19 9 27 8 3 10 19 11 22 1 17 22 11 10 2 20 17 7 27 6 19 27 20 3 10 25 19 4 14 25 16 24 3 3 26 25 11 14 27 7 2 17 7 19 23 13 22 15
24 13 23 23 5 22 15 7 18 24 11 24 13 11 11 1 23 9 10 2 2 0 17 1 3 26 3 18 20 22 4 2 17 5 14 24 22 17 2 22 7 4 22 25 1 20 17 23 6 27 18 10 3 6 10 22 25 26 27 23 10 26 9 13 26 1 10 12 23 14 3 24 24 24 5 26 16 10 10 10 11 8 26 26 10 2 0 27 8 1 12 4 1 4 13 10 8 11 21 7 7 10 20 26 26 26 3 26 26 26 15 26 24 26 14 3 27 0 27 25 24 19 27 6 24 26 26 18 25 25 27 10 26 19 8
27 15 4 26 18 20 6 13 24 13 26 9 19 1 9 1 9 23 26 2 0 10 17 13 3 19 26 0 13 27 22 5 5 24 15 6 14 0 4 4 7 7 2 18 16 18 25 17 9 23 2 3 25 24 3 23 10 11 0 8 0 25 2 21 21 6 13 7 23 10 10 4 3 14 16 0 12 10 25 8 17 3 1 26 12 16 27 3 2 14 19 14 21 0 9 6 13 19 13 1 9 19 21 26 26 24 26 27 1 27 3 10 26 8 26 14 19 0 26 9 0 3 15 27 7 2 27 5 23 25 0 4 2 8 11
26 6 21 17 15 12 9 12 10 27 11 21 11 13 1 22 9 23 22 10 18 19 3 3 27 13 17 24 4 1 21 17 2 5 15 15 17 27 2 15 17 2 2 25 25 26 20 8 17 22 27 27 10 3 19 11 8 23 10 11 4 11 21 7 11 13 10 22 11 23 12 6 10 24 4 11 26 2 14 0 25 15 26 13 0 26 12 6 27 7 10 3 13 16 1 7 10 15 23 5 10 13 23 22 17 26 12 27 7 3 25 26 25 25 8 11 3 19 8 21 21 23 3 0 6 27 27 4 10 7 24 3 11 0 24
0 19 24 27 5 6 10 9 18 12 7 11 0 10 1 14 0 12 16 2 13 11 26 12 16 26 13 3 4 15 21 13 3 22 4 22 21 27 20 7 21 16 17 24 19 3 23 4 9 5 0 7 20 10 5 19 23 26 25 9 23 26 6 5 21 27 25 3 14 23 2 15 15 10 2 10 24 13 25 0 7 1 14 26 6 2 12 1 13 27 12 19 8 3 15 7 18 7 18 14 18 14 10 20 27 19 26 9 23 27 26 25 21 10 25 23 5 16 11 9 21 11 27 6 22 19 6 13 12 27 14 18 20 5 23
3 7 19 5 22 18 7 17 6 17 9 12 16 0 1 10 0 25 10 2 17 2 27 13 26 11 26 12 23 24 21 4 5 22 24 5 14 4 2 7 16 7 20 16 8 1 17 25 25 9 3 9 27 10 21 3 3 4 20 0 21 26 10 7 13 12 7 7 13 26 14 14 15 27 16 24 16 27 27 4 14 7 26 4 7 12 15 1 27 4 13 15 18 1 1 22 17 20 0 14 21 17 18 22 26 27 15 26 23 2 26 20 8 27 21 23 24 19 17 5 0 27 3 5 25 20 26 23 13 20 26 15 12 17 27
10 0 12 0 0 19 14 7 21 24 11 17 8 8 1 10 20 15 11 2 1 12 3 3 21 18 17 16 4 20 13 13 5 25 2 27 25 6 5 24 0 6 16 3 20 7 1 26 18 1 5 10 21 4 27 11 22 23 20 11 24 11 4 24 25 13 14 22 23 5 12 14 5 5 24 12 11 16 26 13 25 11 7 7 16 11 1 19 5 27 13 7 19 19 17 22 15 16 5 14 23 22 16 12 15 26 19 3 26 26 1 2 19 27 20 11 10 25 5 13 19 3 7 3 11 12 22 0 2 4 12 5 13 4 25
8 22 7 17 21 10 23 18 19 7 24 7 25 21 1 15 10 21 20 2 18 13 11 14 15 3 24 24 19 21 26 22 5 26 17 14 26 2 6 5 22 17 27 3 3 17 25 18 9 18 5 4 10 3 10 20 10 26 11 0 12 1 21 13 1 13 25 26 1 12 15 15 23 24 10 6 16 25 14 5 25 3 26 5 11 13 6 16 27 10 4 7 15 12 19 7 12 5 3 13 18 21 1 9 26 26 22 27 15 26 27 1 18 26 6 26 27 18 18 27 8 14 6 27 8 20 19 27 11 18 13 7 4 15 19
4 18 19 19 15 13 23 12 9 0 9 25 7 1 14 23 9 24 2 10 0 27 19 3 23 2 12 16 14 24 13 13 5 16 4 1 26 14 20 26 7 18 2 19 21 26 0 19 3 2 7 23 10 5 3 9 24 20 11 5 0 4 24 8 22 14 14 6 9 0 9 7 11 16 24 27 6 2 10 6 17 9 15 7 26 17 6 7 27 8 12 7 3 14 12 12 17 10 12 14 21 1 16 5 0 26 0 26 26 26 27 27 2 10 1 2 6 23 14 10 25 3 5 15 27 1 3 27 27 27 21 19 21 19 24
18 20 12 20 24 18 24 24 0 13 9 15 25 27 1 27 13 19 2 19 15 2 10 3 26 16 21 4 4 19 4 13 22 13 5 15 16 18 0 27 7 3 20 21 8 23 2 24 20 4 21 19 4 10 8 19 8 25 21 0 8 4 24 21 13 8 6 27 27 1 24 23 1 2 1 15 4 11 25 25 25 17 26 3 26 1 0 6 15 27 0 3 0 4 8 7 3 16 13 21 12 13 20 24 26 26 19 27 6 26 26 26 26 2 26 18 10 16 25 26 19 13 16 15 5 10 27 19 27 0 21 11 24 5 22
24 7 12 18 19 10 7 26 11 12 24 12 17 19 1 20 8 1 2 0 18 18 24 16 3 26 4 4 12 4 13 14 20 24 3 3 1 26 6 26 7 23 23 6 0 8 2 0 18 19 5 1 20 19 26 11 25 0 20 9 8 12 2 11 12 7 26 10 6 0 27 14 0 9 24 4 16 15 10 25 0 12 7 26 3 15 10 14 27 12 11 15 5 6 20 18 4 12 1 14 13 23 9 24 26 27 26 17 27 3 26 26 3 26 25 4 27 18 11 26 0 27 16 21 11 26 6 9 1 21 0 11 23 23 5
17 21 9 12 26 7 14 13 23 27 7 8 19 17 18 1 13 2 2 27 18 11 20 3 20 12 18 16 21 4 23 23 13 2 19 26 21 2 15 6 18 26 16 8 2 23 17 3 9 25 22 8 2 2 24 25 20 26 21 7 8 23 6 25 25 22 8 14 8 25 23 9 24 7 16 13 12 8 25 17 4 9 26 27 26 4 8 3 27 13 9 0 3 0 3 0 18 19 15 8 12 18 11 27 26 25 27 27 15 19 27 15 26 14 3 27 27 22 0 5 0 21 0 13 22 27 24 1 23 26 21 23 14 27 11
4 5 8 25 0 15 17 0 16 22 26 12 20 26 14 1 12 22 27 19 2 21 10 24 3 27 2 3 17 21 2 15 5 22 15 26 6 1 17 20 20 16 21 6 16 17 7 2 5 19 9 25 4 9 20 23 22 25 26 12 10 23 2 21 5 4 22 13 25 23 9 25 24 1 27 8 17 5 14 25 17 3 9 13 6 11 18 17 19 27 20 9 16 12 6 18 12 3 19 0 4 20 5 16 26 2 27 21 27 14 26 26 1 20 0 19 23 22 11 5 15 11 9 4 18 22 12 0 12 6 6 1 26 24 24
0 6 21 27 0 19 16 26 23 13 7 8 19 20 1 16 26 25 13 2 15 21 18 17 19 26 3 4 22 27 26 2 18 14 26 1 23 6 22 27 7 16 3 4 20 16 2 8 0 0 0 22 20 26 27 10 26 21 22 12 0 21 23 2 5 2 23 2 25 25 1 10 2 0 4 24 15 1 14 17 15 9 10 26 1 9 2 18 5 27 1 2 20 3 4 13 14 12 1 22 14 12 14 22 26 27 27 26 26 26 27 3 12 0 27 3 24 20 2 19 26 8 22 10 21 4 0 27 8 16 24 13 8 8 13
13 23 27 21 22 26 24 25 19 11 11 0 21 1 16 1 9 16 2 2 15 12 12 3 11 20 11 14 4 3 19 18 5 25 20 19 25 22 18 26 24 7 0 1 1 6 17 25 18 24 26 27 20 25 2 23 23 9 1 12 0 21 4 11 26 13 22 25 25 23 26 23 24 27 5 14 16 8 17 6 15 3 26 13 10 19 19 27 18 0 14 1 21 0 14 15 19 2 15 4 6 8 11 24 26 0 26 8 26 3 26 17 18 5 2 14 1 18 27 17 23 24 21 21 16 8 17 11 26 26 23 9 4 10 21
26 12 7 25 14 18 18 18 22 18 18 0 25 24 1 21 13 9 13 25 2 21 15 25 23 27 3 0 4 13 27 2 5 4 27 2 0 24 21 24 6 2 26 16 2 20 23 22 8 9 20 25 4 19 27 22 11 27 8 8 11 24 5 22 23 9 13 26 1 3 5 23 0 7 24 13 15 11 25 25 1 12 10 26 2 15 27 16 5 27 1 1 17 15 21 2 4 19 4 22 7 10 10 10 26 26 27 25 0 26 4 2 27 9 17 26 27 16 15 4 5 9 7 6 4 21 22 9 19 26 16 1 15 8 14
