10 8 27 7 20 27 9 10 22 17 7 10 15 16 15 1 28 23 0 2 12 12 11 3 25 21 13 4 16 18 19 17 28 4 17 6 14 6 28 7 7 20 2 6 8 20 1 24 22 8 1 5 7 10 25 6 2 20 24 20 24 12 1 21 22 11 27 25 13 1 7 15 13 24 3 16 9 25 10 10 26 11 16 3 6 9 27 5 7 9 9 28 13 4 12 1 5 4 21 0 23 8 4 2 1 13 4 27 27 28 4 27 23 27 5 27 1 9 26 7 27 3 5 17 27 3 24 14 28 11 15 1 8 22 1 14 6 9 21 1
12 6 14 16 11 13 13 6 26 20 8 26 27 11 1 13 15 16 9 2 26 20 21 12 3 24 20 12 20 4 20 15 15 18 14 17 25 3 20 2 23 7 24 4 4 8 17 3 9 3 20 10 6 6 19 2 0 11 24 26 3 24 7 7 6 13 24 12 6 28 5 0 15 24 13 4 11 7 9 25 11 8 10 10 26 17 16 18 8 28 10 28 10 28 2 4 5 14 8 7 7 1 5 3 19 22 17 28 8 27 21 13 23 27 10 23 28 16 25 24 27 17 10 10 12 10 3 25 5 12 3 1 22 24 7 6 16 3 19 11
28 24 28 11 8 15 0 24 17 7 22 13 7 27 12 1 27 21 11 2 2 10 27 18 25 3 24 2 0 18 26 2 19 13 28 2 14 14 15 6 7 17 23 22 1 27 26 22 19 18 4 3 1 24 24 23 20 11 1 2 24 0 5 0 3 6 27 14 24 13 23 10 8 15 26 16 14 1 26 25 2 12 3 12 27 0 11 8 27 17 5 13 21 28 7 3 20 9 4 14 21 2 21 13 5 8 23 19 4 27 28 25 4 10 28 23 2 25 26 17 20 3 27 4 17 24 2 22 7 12 1 3 2 17 2 17 13 6 2 2
7 6 15 24 16 26 0 23 15 17 20 19 22 1 11 1 12 9 0 11 2 18 27 18 3 24 26 23 24 15 13 18 5 21 21 22 23 26 17 21 7 25 1 24 1 4 18 4 9 18 2 18 5 20 25 9 6 8 0 1 10 12 25 6 2 22 14 6 13 3 24 5 13 24 9 25 7 25 5 8 6 26 16 17 0 19 15 27 19 9 28 18 19 18 3 12 15 18 5 6 16 1 11 24 22 3 25 4 28 13 27 23 27 23 28 4 27 11 17 27 28 9 27 28 14 20 0 19 25 27 20 12 7 23 27 5 4 28 7 21
4 8 7 15 16 28 11 28 26 13 12 11 22 1 1 17 1 25 15 2 12 27 19 11 3 16 12 17 22 20 27 13 3 14 20 28 2 1 7 7 6 28 16 27 23 7 8 21 23 1 18 26 2 10 7 5 3 10 24 20 26 12 24 28 5 5 9 2 13 28 13 28 24 0 16 16 12 16 25 2 7 26 28 6 26 3 14 3 16 9 13 28 20 21 2 6 11 1 18 10 9 4 15 17 9 21 14 26 28 19 27 25 1 27 6 27 22 27 20 12 3 17 13 18 26 25 24 6 4 25 27 3 24 10 27 25 17 4 22 3
27 6 5 16 24 7 25 14 17 24 8 19 16 24 1 12 18 0 28 2 15 23 20 3 28 3 11 16 12 13 4 2 21 5 2 18 6 20 4 25 16 7 0 27 4 20 6 27 19 4 8 7 5 26 10 3 4 25 20 22 12 6 21 27 1 23 22 4 14 2 14 3 2 10 16 10 14 7 2 25 26 8 18 2 16 27 10 28 19 17 5 18 28 4 13 5 18 17 16 18 20 19 24 9 20 23 21 28 28 24 28 28 28 27 8 27 1 20 27 18 4 18 15 27 2 9 12 1 2 25 13 27 25 18 25 24 8 0 0 3
19 9 21 14 11 11 0 8 7 18 9 20 9 22 25 1 27 23 23 2 28 27 25 3 11 19 16 14 0 1 1 0 5 2 0 28 2 23 26 1 4 28 16 28 0 26 24 8 9 1 27 18 4 4 28 10 22 12 20 12 1 26 7 24 28 8 22 25 14 27 2 6 7 28 8 26 13 14 11 25 7 18 6 27 26 18 4 27 2 3 9 1 8 28 9 0 14 17 4 14 11 17 10 2 1 23 7 9 28 4 28 0 26 7 27 0 21 11 2 18 8 21 3 1 26 25 3 1 6 25 10 3 26 8 22 20 0 20 28 11
11 11 28 25 28 16 25 12 23 14 25 20 11 1 1 20 1 17 28 20 22 25 2 3 15 24 12 23 19 0 13 5 14 0 26 17 6 24 15 6 23 21 17 24 26 1 17 8 7 27 9 19 25 10 4 6 20 24 5 7 1 21 12 6 4 13 7 3 6 10 4 1 15 26 0 13 25 14 12 9 5 17 26 13 8 13 27 3 19 5 11 9 28 1 21 17 13 8 13 1 2 23 5 12 20 18 4 0 0 27 3 23 5 27 24 23 28 26 9 0 20 5 11 4 6 26 18 27 18 8 20 14 16 26 15 15 27 7 1 7
15 22 13 16 13 22 14 23 9 23 24 19 12 28 1 20 11 17 28 24 21 23 12 28 3 22 17 23 12 19 17 24 4 5 19 1 3 22 15 1 24 0 28 23 21 8 24 17 24 3 18 6 27 2 26 24 6 11 1 0 21 2 26 22 9 23 13 12 4 4 24 4 2 0 24 4 6 10 27 0 1 16 9 26 4 27 7 11 1 10 20 4 15 28 1 18 22 17 14 19 11 2 21 22 25 1 16 2 18 28 27 27 1 4 15 28 27 22 22 27 6 26 2 7 27 22 15 21 21 4 20 17 1 14 10 14 8 22 5 26
24 0 24 7 14 9 16 26 19 11 24 19 7 1 25 1 28 1 2 12 2 12 10 14 3 11 15 2 3 23 21 20 23 27 3 17 16 6 26 5 27 27 22 16 22 8 22 27 2 18 8 9 23 21 22 11 24 1 26 20 6 6 1 26 5 0 22 6 10 23 14 10 6 1 28 24 16 5 3 13 15 12 5 27 10 6 27 5 0 7 3 14 28 2 8 4 19 18 1 10 9 17 11 17 22 19 15 28 28 12 28 1 8 27 4 2 1 28 25 18 20 9 5 7 6 21 0 28 10 21 18 0 12 3 26 16 8 4 17 16
14 25 9 8 10 17 28 0 26 15 7 13 17 1 26 1 16 23 2 28 25 0 14 14 3 21 15 12 21 1 26 17 5 26 5 4 22 3 15 22 7 23 27 17 8 2 0 25 2 9 6 28 25 7 28 23 20 28 20 25 12 7 1 23 11 6 2 23 25 26 23 7 0 1 16 6 25 26 3 3 28 12 26 8 19 1 17 27 2 18 7 28 12 20 8 7 19 3 7 9 19 1 6 25 6 2 25 27 27 20 18 20 2 28 11 16 8 18 13 24 6 25 16 28 28 9 19 14 19 3 25 14 8 23 14 11 11 17 22 7
15 17 11 20 24 13 23 22 28 7 28 24 28 9 1 13 1 21 0 2 0 17 10 16 3 20 14 1 15 24 4 14 5 19 5 15 3 6 5 0 20 21 7 22 20 6 8 28 0 21 18 10 20 22 10 21 28 1 20 0 22 1 21 27 23 22 13 14 4 26 9 23 10 25 2 26 6 8 26 7 27 1 26 5 10 15 27 28 11 2 11 28 10 2 20 17 9 21 1 10 21 6 22 24 14 15 10 6 27 14 4 27 22 28 27 6 10 5 9 25 26 9 23 5 2 15 26 17 26 23 18 6 21 13 22 25 18 27 24 7
14 8 11 10 9 23 21 19 26 25 16 8 18 1 17 10 1 16 0 2 27 11 20 27 15 3 18 1 13 27 24 13 20 5 2 14 18 6 28 26 24 7 25 27 0 17 6 6 9 6 24 8 20 26 20 5 10 8 20 8 25 7 2 13 9 22 11 24 13 23 2 9 10 6 16 16 13 14 25 28 11 15 6 2 14 27 7 27 18 16 14 2 28 4 19 5 12 2 17 16 22 23 18 11 1 14 10 4 2 7 15 28 27 8 8 3 19 13 25 22 28 13 6 13 15 8 18 26 16 27 15 15 15 6 10 28 12 15 24 4
5 4 27 18 15 0 11 20 6 0 8 10 11 24 1 14 1 9 28 2 22 25 17 3 13 3 21 24 12 15 2 2 5 17 4 1 19 17 19 27 24 26 18 8 17 5 28 20 5 18 24 8 10 6 9 7 28 6 28 26 10 2 21 5 13 1 22 6 27 27 27 13 14 1 2 12 16 25 27 17 3 9 11 26 5 14 27 7 1 6 14 7 28 17 9 2 21 6 9 22 4 0 8 1 24 20 11 10 28 26 15 27 15 0 27 11 23 10 6 14 24 0 17 15 22 23 8 11 3 21 17 28 1 2 8 26 19 17 27 26
0 25 4 20 8 22 9 16 18 28 8 18 19 23 1 22 19 10 12 2 26 2 21 3 28 14 18 12 3 23 1 16 5 17 14 25 15 6 6 22 2 24 7 17 8 8 28 24 23 18 3 18 10 23 22 4 11 6 20 4 22 9 12 8 27 13 5 10 14 11 6 11 5 26 24 8 7 25 26 9 3 26 26 17 7 13 11 15 27 28 20 12 0 13 14 6 3 8 0 17 3 5 5 23 16 10 2 28 27 27 15 28 0 27 0 17 2 25 4 18 27 28 7 12 24 20 11 0 4 0 10 15 14 22 18 19 28 6 18 1
6 10 12 21 16 21 25 22 11 7 14 16 14 10 1 23 26 1 23 2 0 28 11 27 18 26 12 21 4 26 23 17 5 18 2 24 21 1 23 22 24 3 23 8 17 8 6 18 17 9 22 28 9 5 1 5 7 23 5 21 3 6 13 22 13 10 9 0 10 13 27 8 5 26 27 25 16 14 25 2 10 14 13 26 16 16 27 13 15 7 7 11 28 21 16 20 7 19 6 15 5 7 8 13 16 18 16 27 27 8 16 27 3 4 27 6 7 28 7 7 1 28 12 5 14 25 27 25 23 28 19 28 14 3 15 24 9 10 21 18
11 28 16 7 19 12 16 0 12 12 25 19 1 1 10 1 11 1 25 2 17 2 25 15 22 3 17 3 4 20 15 22 5 14 5 24 25 21 2 3 16 7 21 28 21 17 27 4 27 19 24 27 10 22 19 27 3 7 27 0 20 21 6 13 25 24 25 13 0 4 5 26 3 0 24 11 13 4 3 16 11 1 26 5 8 27 12 27 4 4 12 1 28 18 9 3 7 17 19 23 16 8 15 19 6 25 13 22 23 28 27 28 17 26 22 7 28 7 10 11 1 27 10 3 24 8 9 28 11 28 21 17 10 22 1 8 5 3 14 22
20 15 0 11 24 5 9 14 10 25 7 24 22 15 20 1 24 0 9 27 26 13 2 3 0 14 18 18 18 18 21 21 5 4 23 3 6 17 19 21 18 21 28 21 8 19 28 24 9 8 26 9 21 25 19 10 27 2 23 12 1 9 21 4 26 10 22 8 24 9 13 15 27 26 1 24 27 27 28 25 7 7 2 3 27 28 27 11 4 27 6 12 16 28 16 5 21 23 18 10 20 15 17 4 4 12 17 9 27 27 21 25 27 22 1 27 5 13 26 28 21 11 2 13 23 18 26 3 9 23 3 2 16 12 8 12 7 10 11 3
24 19 10 13 11 9 27 26 20 9 25 7 17 18 1 10 9 11 14 2 28 14 23 15 3 14 26 1 2 3 18 20 5 5 28 6 6 2 0 26 5 27 24 18 27 8 2 20 21 25 0 3 19 3 1 7 20 20 7 12 9 27 5 8 22 26 13 2 23 2 13 3 11 24 25 16 4 9 8 12 17 26 17 14 4 3 27 14 0 15 14 28 14 14 1 0 6 15 14 2 21 11 12 16 24 10 12 27 27 8 8 27 27 27 17 16 15 1 27 18 26 4 27 26 18 19 26 13 2 10 14 14 4 28 23 1 5 5 25 1
14 23 10 9 21 25 28 28 6 27 24 25 0 11 1 19 1 23 0 2 13 18 23 12 21 15 24 13 4 12 22 0 5 26 1 15 6 27 28 17 17 5 21 21 24 8 17 18 7 2 3 23 27 0 1 21 3 20 2 26 7 12 7 3 13 22 22 7 11 12 14 23 8 12 25 16 14 4 1 26 8 9 13 7 9 0 27 16 14 16 17 15 28 21 2 10 9 7 16 1 22 8 0 2 10 17 17 28 9 24 27 17 14 9 27 0 8 28 10 3 28 1 0 9 16 27 15 5 10 10 28 11 23 26 16 12 12 2 22 19
26 27 13 24 15 27 20 11 11 21 17 7 12 1 1 0 1 9 9 2 16 28 20 3 26 3 18 14 2 13 4 27 17 23 13 19 14 24 2 3 1 7 28 23 7 27 2 9 19 9 18 26 18 10 6 22 7 27 9 5 4 22 3 2 27 4 6 28 14 28 25 0 24 24 25 15 24 11 17 25 3 2 13 26 16 7 19 18 20 1 28 0 28 28 18 3 21 8 5 0 14 12 17 6 20 4 2 15 21 27 10 26 18 14 23 11 16 27 20 6 16 27 27 1 8 20 24 27 27 18 27 2 22 4 13 25 24 17 4 0
9 17 24 8 16 22 9 22 15 24 21 22 27 1 12 12 22 12 2 2 1 10 10 3 24 17 11 4 23 4 0 13 18 3 15 18 27 6 19 2 26 17 2 5 7 24 1 18 20 7 20 19 1 4 25 21 10 22 21 12 23 21 12 24 22 11 28 14 7 14 23 13 11 7 24 11 6 12 1 13 2 26 13 5 14 27 12 19 7 6 1 2 28 17 12 1 17 11 3 13 14 2 4 21 6 5 16 28 27 17 4 16 25 8 20 26 10 6 26 7 9 20 20 28 17 18 0 8 3 5 2 22 4 12 24 24 25 21 12 27
13 15 11 27 9 16 6 9 18 19 8 12 28 1 16 1 12 26 18 21 28 2 19 3 27 25 22 13 1 25 13 17 28 5 19 2 14 6 0 23 1 7 25 18 17 22 3 2 21 5 0 0 10 22 19 7 0 1 1 20 6 0 5 9 22 9 26 5 14 23 13 3 7 27 24 28 1 1 16 27 10 26 28 9 14 7 19 11 10 11 11 16 28 0 15 20 12 10 20 9 14 9 10 13 15 16 25 27 28 25 1 10 18 17 2 28 14 4 11 0 27 26 7 21 21 11 24 8 1 8 8 23 23 7 12 10 25 3 27 5
0 20 24 26 22 8 13 9 11 23 14 27 12 1 27 13 9 10 2 2 2 0 20 3 13 25 16 4 17 4 25 5 5 23 22 24 15 6 26 21 7 16 24 25 21 4 8 17 24 0 2 2 9 28 0 2 11 7 20 1 21 28 24 8 6 12 13 22 12 3 5 14 26 13 7 11 25 3 26 8 17 28 26 18 16 8 27 1 10 20 18 28 17 9 21 18 1 11 15 5 9 13 21 11 8 5 11 5 27 26 18 27 28 3 27 5 17 12 5 23 12 6 10 23 23 11 4 7 8 27 3 18 11 10 22 0 8 20 15 7
18 10 10 13 9 6 20 7 9 0 10 9 24 1 1 15 17 22 2 2 11 2 23 15 3 15 1 26 2 25 4 26 26 26 25 27 6 2 2 16 26 23 17 7 23 23 25 8 26 22 6 23 24 4 24 0 2 20 8 11 12 21 6 27 23 28 11 9 3 28 12 7 28 13 16 13 6 13 25 4 6 17 26 2 6 11 11 16 17 8 1 28 8 12 1 12 10 8 4 15 10 1 14 1 24 23 12 13 15 28 27 27 17 28 19 28 26 14 4 8 26 9 4 25 25 0 25 6 15 17 25 12 23 3 28 10 10 10 24 10
8 7 28 25 24 0 10 17 20 28 22 11 28 12 1 23 21 22 10 28 2 24 23 27 22 3 0 13 13 17 21 15 0 4 3 6 26 25 6 21 7 18 24 1 26 4 17 7 4 8 27 6 7 28 2 11 27 20 2 12 7 4 27 5 13 27 0 25 10 8 7 0 26 25 24 16 26 7 26 14 26 0 26 4 14 1 27 5 18 1 8 3 28 1 20 4 13 19 3 16 9 3 15 19 11 22 1 28 27 23 27 7 28 23 27 28 11 27 17 0 28 15 20 8 1 0 12 21 19 23 4 6 11 4 14 4 5 2 15 8
4 0 25 11 28 26 14 17 0 28 24 18 11 8 1 18 24 0 28 16 15 17 13 3 22 16 28 22 4 16 18 15 0 5 0 14 4 14 6 15 17 23 16 16 18 0 26 25 0 9 22 5 10 24 24 8 24 20 7 21 6 5 4 12 12 27 7 10 1 7 25 28 26 24 28 16 9 0 0 14 17 26 17 26 2 14 11 12 2 3 28 8 28 0 6 2 22 21 5 16 1 1 5 23 3 24 6 19 27 7 7 28 28 12 10 27 25 27 16 1 14 12 27 14 24 27 28 8 0 20 0 22 24 25 1 18 26 11 21 5
0 14 26 27 14 17 20 7 13 12 23 11 23 18 1 18 24 25 28 23 2 1 11 11 3 13 13 12 4 1 14 27 18 14 4 5 27 25 6 18 17 18 1 24 26 8 7 20 25 1 9 19 9 27 26 1 24 25 1 10 8 10 21 22 0 26 13 28 14 28 4 12 24 4 27 13 16 28 1 9 4 26 7 3 1 4 5 27 15 7 14 28 10 8 4 5 15 2 1 17 23 10 23 3 22 15 11 0 28 16 28 17 26 28 28 26 17 23 3 17 12 14 7 9 11 1 6 28 7 7 3 28 8 3 12 14 2 23 26 2
5 4 13 23 20 14 16 27 20 6 12 13 17 1 24 18 9 1 2 28 23 13 14 22 14 17 13 4 14 16 1 3 19 24 5 17 6 21 25 25 16 7 16 2 22 23 25 23 9 18 6 8 6 26 21 20 2 26 25 7 24 12 8 28 21 26 24 5 1 0 14 10 6 3 7 24 13 12 15 17 12 3 26 12 11 6 27 12 4 28 14 16 20 28 16 0 1 17 13 6 16 12 19 2 12 8 16 0 27 24 27 20 22 4 27 9 12 22 27 2 7 27 7 5 25 19 17 24 6 14 15 14 8 8 2 23 26 16 12 21
26 12 16 0 6 27 14 6 11 16 0 27 14 1 8 1 15 11 2 17 2 11 22 3 23 3 25 3 15 4 13 15 22 5 17 26 28 22 15 5 0 24 17 28 27 17 24 26 9 18 7 19 4 7 2 27 3 11 6 3 5 2 21 0 13 13 26 7 23 3 12 14 13 25 0 6 13 0 27 17 13 26 0 17 16 10 10 3 6 3 2 28 3 12 11 22 18 8 15 22 3 1 20 18 4 16 3 28 9 28 0 28 27 24 27 3 28 28 9 28 15 28 26 4 15 27 7 13 10 5 15 9 25 26 28 5 2 19 0 17
