28 7 4 9 25 14 21 11 7 27 28 7 12 8 11 9 1 26 2 25 19 0 16 3 16 23 3 12 23 4 21 18 5 21 22 6 19 6 19 22 0 3 16 18 28 8 5 19 23 5 20 27 10 10 19 1 22 20 23 12 3 29 0 7 27 24 4 14 23 0 4 5 15 0 8 3 26 16 29 29 6 26 3 6 16 13 6 12 16 0 11 28 12 9 8 21 29 8 9 4 11 17 16 11 12 14 25 10 13 25 25 29 29 25 29 0 12 28 23 28 5 1 20 29 11 28 1 28 15 6 2 21 27 5 9 10 3 0 22 19 3 3 13 19 25
10 10 25 16 29 17 18 25 28 0 25 16 18 15 1 15 20 27 0 2 29 13 3 3 28 24 2 3 4 0 28 16 24 16 14 27 20 1 6 2 24 3 22 2 8 3 28 29 0 26 24 10 20 2 26 26 4 2 0 21 5 4 24 0 11 29 24 1 23 14 8 10 3 28 29 12 25 17 2 0 12 26 11 27 10 9 29 19 13 19 28 4 13 14 29 8 17 14 11 13 16 13 5 24 1 15 0 19 19 6 29 16 29 5 29 26 28 1 17 29 22 7 26 27 9 28 10 28 15 26 18 3 27 21 6 28 21 14 28 15 0 21 28 9 24
19 20 25 9 6 16 28 12 7 17 14 13 28 27 1 10 12 27 18 2 14 10 29 22 3 20 3 3 4 1 0 20 28 5 16 6 4 15 6 25 1 0 22 16 17 27 22 23 28 8 9 0 25 0 10 28 21 20 11 12 1 22 12 29 22 8 1 10 23 11 11 11 24 7 24 25 10 8 26 8 27 26 18 27 9 10 15 16 20 1 28 17 19 29 9 1 11 7 17 1 22 19 11 23 24 23 5 10 0 1 28 29 18 29 27 28 18 17 1 1 11 28 28 29 23 13 29 29 8 27 29 12 23 5 29 24 23 14 0 6 12 0 5 0 27
19 16 0 6 20 9 25 9 8 29 19 17 17 1 26 1 16 0 2 2 28 22 11 25 13 28 27 4 26 27 24 5 16 5 18 22 20 6 19 20 18 7 22 26 4 2 18 2 8 9 18 4 2 3 3 10 27 0 28 11 23 0 27 28 2 28 3 9 14 0 12 4 24 7 7 16 1 5 25 4 26 13 14 12 10 4 27 13 8 6 28 9 14 20 18 29 0 21 13 9 9 10 21 13 19 20 7 3 15 23 25 29 29 28 8 18 26 1 27 22 27 8 10 27 28 8 23 2 13 11 14 16 29 13 8 4 17 18 22 28 13 19 11 0 10
7 6 16 29 14 5 23 25 18 27 18 20 12 28 1 28 19 21 10 2 11 10 17 3 3 19 13 3 12 4 29 19 14 21 3 25 6 23 23 19 7 22 6 6 23 3 4 8 9 4 9 29 27 3 19 24 9 24 0 27 26 27 12 12 7 9 22 6 9 27 7 5 15 24 24 3 14 29 6 0 14 10 26 18 10 5 18 18 10 16 18 15 28 1 15 29 13 16 13 16 7 0 10 3 18 16 25 0 7 13 13 20 29 9 28 29 29 2 28 23 10 28 14 11 16 29 0 28 12 17 4 26 14 6 26 0 17 7 10 14 10 22 1 23 14
8 11 22 7 7 10 18 28 26 17 10 27 12 1 1 26 1 13 2 23 28 2 27 18 14 24 18 18 4 13 22 27 18 22 25 6 6 15 21 15 19 17 7 21 24 1 4 28 9 9 2 0 28 19 28 2 29 3 4 3 11 11 4 9 10 13 6 13 10 25 23 15 2 28 27 11 0 25 4 12 16 3 10 26 6 15 27 10 1 18 28 13 2 13 20 3 29 5 18 17 13 5 12 21 14 18 5 3 22 15 18 28 28 8 29 15 28 19 29 29 19 15 16 28 20 28 3 14 22 20 12 5 23 25 22 12 22 29 4 18 20 23 23 28 15
3 17 11 29 29 23 0 22 20 19 11 15 21 1 1 28 27 0 2 0 2 22 15 11 1 3 15 12 28 29 27 2 5 4 15 28 26 17 5 0 3 24 16 7 8 4 5 0 20 28 19 27 3 22 10 10 2 26 1 8 10 24 28 6 12 23 22 0 9 14 24 5 15 24 14 9 14 8 2 0 18 0 5 15 27 18 10 10 7 11 28 6 7 7 15 29 6 3 4 3 18 13 20 23 22 4 24 6 2 18 17 28 17 28 27 11 28 27 7 27 28 18 14 28 20 22 5 14 22 2 29 17 14 17 19 26 1 26 3 4 8 9 18 24 6
9 13 17 5 12 27 19 25 11 13 23 9 28 10 15 1 29 9 19 2 16 16 10 24 3 22 1 12 0 12 21 26 5 0 24 28 14 23 2 6 25 18 28 29 5 1 17 20 8 29 19 23 20 28 24 20 29 2 29 20 3 28 26 7 10 1 13 0 5 24 12 26 29 24 5 16 0 5 25 14 15 26 14 28 27 28 7 1 5 1 28 7 3 0 18 16 29 0 6 5 14 23 20 3 4 17 4 12 7 16 6 10 28 22 28 14 28 28 4 20 29 28 0 9 13 26 28 10 2 14 6 1 2 7 13 8 27 27 16 6 9 13 10 11 13
5 17 27 20 11 22 21 14 28 18 7 23 12 17 13 29 23 12 2 1 22 10 10 3 0 26 11 23 15 22 19 19 27 0 13 5 6 14 17 28 26 1 25 4 20 8 29 8 26 5 6 6 23 20 25 19 11 24 21 3 20 1 24 9 22 0 1 24 0 12 15 10 0 9 24 16 27 6 25 14 13 29 2 16 26 13 2 16 5 9 20 28 10 1 13 0 13 29 22 17 13 14 24 24 24 11 22 14 7 1 18 27 22 26 29 18 29 28 16 16 28 13 28 8 28 14 2 28 5 19 0 6 18 21 6 28 11 26 4 17 17 13 17 13 1
23 18 5 13 19 29 17 26 13 29 7 15 12 1 21 1 12 22 28 2 21 14 15 3 13 3 21 4 22 19 4 5 24 5 19 21 23 24 29 23 16 23 27 16 7 0 7 2 9 8 28 9 10 27 21 28 20 20 10 12 25 21 27 6 2 13 11 29 11 1 0 8 6 14 14 4 25 25 26 11 3 17 13 16 10 14 27 13 18 14 28 14 1 13 29 14 20 3 16 9 7 11 22 21 20 23 12 5 25 14 29 29 9 28 27 28 7 29 28 29 28 11 13 5 7 14 23 28 2 20 10 4 29 4 5 3 8 3 6 22 17 23 7 0 29
8 28 7 8 7 0 19 12 12 15 17 28 15 22 1 11 28 15 23 17 2 10 18 3 12 11 0 3 22 0 4 14 25 2 28 17 23 6 15 29 24 29 27 1 5 0 23 27 27 23 28 18 28 10 3 11 11 23 20 11 8 5 10 9 5 12 23 2 2 0 9 27 11 10 5 3 11 25 2 14 16 18 28 26 19 11 11 11 5 12 17 28 21 13 14 20 29 7 4 19 22 8 4 18 1 16 13 4 20 22 11 9 28 29 12 28 17 19 28 28 9 13 20 21 10 28 5 5 20 21 28 6 9 11 13 4 19 2 5 22 19 8 3 24 0
5 20 6 26 21 16 10 11 22 15 19 23 7 8 1 19 24 26 2 10 24 12 3 25 3 12 16 26 4 13 21 21 16 18 29 19 15 27 0 7 6 25 3 17 6 0 24 8 27 18 2 9 19 22 21 11 21 20 20 5 28 12 4 22 13 8 13 13 24 26 4 0 25 24 10 16 25 13 16 2 12 26 17 8 5 29 27 28 18 14 1 1 20 11 3 20 29 6 16 19 5 12 22 0 17 10 24 1 9 14 9 27 28 19 28 28 3 13 19 28 24 4 29 28 3 24 10 17 8 15 22 25 0 21 13 13 17 13 3 22 28 0 10 13 2
24 4 13 18 15 28 18 0 19 18 28 28 10 1 12 18 1 22 11 2 29 29 23 22 16 29 12 15 13 29 18 1 5 4 14 1 2 0 18 24 7 22 7 18 3 22 29 29 26 18 18 29 19 6 19 23 2 6 2 26 7 12 29 4 9 10 28 29 2 23 15 13 24 15 27 2 6 25 5 4 27 26 28 4 2 8 2 28 28 16 16 28 12 10 10 14 29 22 15 4 11 8 3 5 4 12 14 8 17 10 27 28 29 29 29 22 28 19 10 17 25 27 21 29 3 18 18 23 3 16 3 17 13 28 19 4 5 17 2 4 8 28 4 20 1
15 15 20 23 0 12 16 16 13 16 27 13 8 1 26 25 1 26 20 2 28 15 29 18 3 22 24 17 4 18 3 25 2 5 15 18 6 15 2 29 7 16 22 18 21 24 18 8 5 18 5 0 29 19 24 28 7 11 9 28 0 2 22 27 13 23 11 5 23 14 11 28 6 29 11 10 3 25 3 2 26 4 3 8 2 11 19 15 3 28 5 3 13 8 29 21 4 1 9 2 20 18 6 20 18 7 7 16 8 14 25 28 6 17 28 19 7 29 18 28 2 28 24 18 24 4 27 18 11 9 9 0 14 9 22 0 0 12 23 6 16 13 22 27 28
0 9 6 29 5 21 8 20 14 8 24 14 23 22 1 8 17 14 19 12 25 24 10 3 15 26 14 14 4 13 22 19 25 21 29 23 6 26 15 19 23 26 28 22 8 5 4 4 18 8 8 7 27 24 0 20 11 21 20 12 12 12 21 10 0 4 12 7 3 8 1 3 0 10 16 8 25 28 8 8 26 17 26 12 12 29 18 3 13 9 28 28 21 21 10 3 29 16 0 7 15 13 14 7 21 24 13 4 16 17 25 4 23 28 22 29 28 1 28 25 28 16 26 28 5 26 26 29 2 17 0 12 6 11 28 9 2 19 15 12 10 27 23 5 20
11 24 11 0 16 25 18 8 10 25 23 25 10 1 27 1 17 26 2 15 16 29 21 13 3 14 27 12 24 20 23 20 27 5 18 17 6 19 15 18 29 7 1 29 6 28 7 17 5 5 26 9 20 27 0 5 11 23 2 22 22 0 12 2 0 22 1 27 14 25 26 7 13 24 16 2 28 29 15 26 18 11 4 27 17 18 27 16 20 3 3 28 1 0 0 29 19 7 19 3 1 9 21 19 19 11 2 11 1 18 8 29 28 1 28 29 28 12 7 2 28 23 8 29 6 29 6 9 25 10 22 22 15 0 3 22 27 1 10 6 23 28 26 9 1
24 26 18 25 13 23 21 25 18 18 0 9 19 1 21 8 1 23 17 19 2 26 29 11 13 3 26 18 4 19 12 26 20 5 2 14 18 18 6 5 15 17 2 26 29 8 24 25 23 29 1 9 10 22 27 4 20 21 3 11 26 25 28 9 12 3 22 23 11 28 25 5 6 27 8 25 10 17 25 2 6 4 18 26 12 10 8 0 15 1 28 19 2 13 2 29 4 3 1 22 18 20 2 14 19 24 20 16 2 23 19 18 29 17 29 29 28 25 28 9 28 9 8 10 14 2 21 10 12 8 25 24 14 23 28 13 8 4 7 3 11 12 29 16 7
0 14 9 15 17 7 25 12 10 29 13 14 14 1 24 1 12 29 17 2 26 25 16 17 3 13 23 3 20 22 4 21 18 25 5 22 6 6 23 7 19 7 18 7 5 17 28 8 17 22 27 25 6 20 10 11 2 20 6 23 22 5 6 13 28 22 29 13 11 23 5 1 13 1 24 13 0 0 0 17 11 17 29 28 27 7 12 16 13 13 28 20 7 17 10 29 12 15 10 15 5 23 1 10 20 2 8 22 3 10 21 29 28 28 28 4 28 21 28 28 5 29 7 0 8 28 24 15 28 21 5 4 23 28 29 18 28 10 12 15 11 22 11 6 16
29 11 6 17 11 29 8 20 10 29 25 23 28 1 18 1 15 11 20 2 24 18 12 28 20 3 22 17 4 4 23 1 20 1 28 2 6 6 26 4 6 22 20 4 18 8 6 1 18 9 8 25 1 6 3 10 23 28 1 3 12 0 0 22 3 7 22 22 11 3 29 15 9 24 27 27 7 4 25 7 0 1 18 0 9 27 28 5 28 13 2 11 28 4 17 29 20 20 4 22 3 4 12 6 2 16 20 7 23 23 24 29 16 29 2 6 28 21 9 12 28 3 14 28 25 27 20 3 29 28 9 17 3 28 1 6 10 8 6 29 3 12 8 10 26
17 11 20 28 0 6 8 27 10 27 28 28 23 8 1 0 1 28 28 2 2 0 26 21 3 20 14 20 13 4 19 23 27 18 20 14 28 17 25 29 25 7 4 17 5 27 5 17 9 28 9 7 9 10 7 4 27 26 8 21 10 2 28 23 3 13 27 12 7 28 0 28 7 24 0 14 2 29 17 13 14 26 18 6 13 10 15 16 14 18 28 11 20 1 29 2 4 0 14 14 14 11 10 19 5 2 8 22 3 19 24 29 29 0 7 29 2 29 27 29 8 29 25 27 28 26 5 2 28 11 6 28 12 17 5 28 6 12 2 2 13 3 20 3 15
7 13 13 19 21 7 24 23 9 7 7 26 22 1 1 12 22 9 10 28 29 2 0 3 22 3 13 21 1 4 0 1 19 15 5 29 4 15 20 21 15 7 19 6 4 8 26 17 6 8 0 9 27 26 4 8 23 2 26 6 2 12 2 9 0 22 1 27 10 23 6 13 24 27 24 0 28 14 29 1 18 17 28 10 27 27 27 19 6 1 1 28 19 10 8 29 11 29 6 22 23 18 23 23 5 3 6 4 26 8 14 28 28 5 28 21 12 28 22 29 16 28 17 26 29 28 4 28 2 20 13 29 0 2 29 22 21 11 17 9 4 28 29 25 20
23 17 29 0 26 19 23 11 11 15 25 7 22 11 1 14 9 26 21 2 28 22 0 3 3 2 15 14 15 4 28 16 13 24 24 25 24 22 26 15 1 29 4 8 3 16 28 9 1 8 20 7 28 2 19 2 23 20 21 1 12 1 4 26 22 2 23 29 25 8 24 28 11 7 3 5 25 4 5 28 26 18 26 29 9 19 2 5 5 20 18 28 18 12 5 29 17 17 0 4 10 17 13 7 4 24 15 3 20 4 2 19 29 29 17 29 1 28 8 27 28 3 17 25 7 27 28 25 28 29 8 7 13 22 8 23 2 5 14 11 8 19 27 24 5
7 28 28 15 7 23 7 27 14 24 16 23 8 16 0 1 13 28 18 2 2 10 23 25 27 11 3 15 4 26 13 4 18 5 17 28 6 6 17 15 28 21 7 16 19 22 0 22 29 28 0 7 2 22 20 6 29 21 3 4 25 5 12 22 9 1 22 8 1 14 15 28 27 27 28 16 15 5 25 26 12 18 5 7 9 27 0 9 15 28 19 19 17 12 20 29 18 7 12 13 11 20 15 6 15 1 5 21 17 23 25 3 28 4 28 28 23 29 6 28 4 29 22 24 3 29 24 0 20 13 0 21 18 7 12 12 13 28 11 12 1 18 25 19 24
0 17 16 9 8 8 12 10 28 28 18 15 22 9 1 21 24 15 26 1 23 2 11 3 28 17 24 0 4 17 0 5 21 5 28 4 29 5 25 2 7 16 1 21 27 23 2 18 9 8 18 5 20 25 10 2 0 26 22 23 1 12 6 27 10 13 8 14 23 27 11 28 26 27 6 11 25 16 11 6 28 9 17 5 17 1 27 1 9 7 20 9 2 16 12 29 19 15 1 21 6 6 2 5 15 12 7 6 10 11 25 28 28 4 28 28 28 1 25 18 28 27 28 16 24 7 14 20 24 7 19 3 20 27 6 24 6 22 5 26 23 22 25 8 12
28 26 18 12 24 24 11 0 22 19 26 28 15 19 1 25 27 29 19 2 10 26 1 21 3 19 15 29 4 17 2 19 3 0 3 19 15 15 3 29 15 28 7 18 22 20 28 2 1 9 6 20 22 26 19 25 29 22 11 23 27 5 28 13 22 7 26 10 13 23 29 15 24 10 4 9 5 8 8 10 13 26 3 7 9 19 13 27 15 13 11 12 20 17 20 0 29 6 3 12 0 7 2 17 24 2 3 25 24 16 6 29 23 28 19 18 29 24 18 28 23 4 16 4 9 19 8 4 25 9 15 22 14 4 7 21 18 28 1 26 13 22 7 13 21
18 11 27 10 11 27 26 18 8 17 17 26 13 16 1 1 14 9 10 23 2 12 18 11 3 14 16 22 4 4 1 2 5 13 3 14 5 2 6 23 25 24 4 19 22 17 26 9 23 9 7 7 29 22 4 11 8 6 5 10 12 21 23 7 13 9 8 5 0 4 24 9 24 8 11 25 16 17 10 16 29 17 26 1 3 16 7 1 12 20 28 0 8 13 29 15 11 5 2 16 16 21 2 10 24 18 23 0 21 5 29 29 29 17 29 28 28 1 28 3 29 12 27 23 2 10 2 4 8 1 10 8 24 6 28 3 7 21 12 24 23 9 9 27 26
15 27 28 14 8 6 19 6 9 7 15 20 17 1 23 1 23 16 21 9 11 22 2 3 2 20 19 13 4 17 25 14 5 27 24 14 25 28 23 15 18 0 29 22 2 8 22 21 19 27 23 10 23 19 10 23 25 11 8 22 5 22 2 3 23 1 22 4 6 2 12 15 14 8 26 25 8 15 16 7 26 16 0 18 7 5 27 29 12 8 20 20 21 0 6 29 12 10 14 11 23 20 21 12 20 15 2 4 18 19 17 28 20 28 29 19 29 23 20 21 29 15 28 24 29 29 28 17 2 6 5 29 9 26 16 18 22 1 0 15 26 10 19 25 3
25 26 0 18 16 11 20 25 6 13 15 25 8 12 1 17 25 27 27 19 2 0 0 11 3 26 2 4 12 13 28 13 23 15 21 5 6 17 25 6 21 18 7 24 26 8 6 26 23 18 19 27 28 20 19 1 5 10 29 29 8 0 12 7 12 3 1 14 11 23 7 2 11 15 4 8 10 11 27 2 10 26 9 5 2 9 27 8 6 4 8 15 7 20 5 29 6 1 15 13 4 10 14 16 9 2 20 6 2 6 20 29 20 29 29 25 28 27 13 2 26 25 28 27 1 29 9 18 28 25 26 0 17 6 10 17 10 27 22 11 29 12 6 9 12
21 11 6 22 19 24 24 24 26 29 12 28 16 19 1 13 16 15 27 13 2 15 28 17 21 0 13 4 27 21 18 20 2 22 5 15 3 6 28 16 24 5 19 24 23 17 8 2 24 27 22 0 19 21 19 20 29 22 8 6 11 8 7 27 13 2 29 28 23 14 0 0 5 4 13 12 2 25 6 9 16 29 26 14 7 13 16 11 5 11 28 14 14 19 7 17 29 16 4 17 7 2 13 7 17 0 20 4 25 26 26 22 28 27 3 27 28 20 28 28 3 28 7 26 13 29 20 29 18 6 19 10 22 24 25 5 5 2 3 3 6 28 19 2 20
23 25 17 28 28 28 16 19 13 14 19 27 17 8 1 26 16 9 13 2 13 19 26 3 0 12 15 2 4 18 25 4 5 4 1 14 5 3 3 6 20 0 16 20 26 23 17 3 2 8 22 20 10 9 9 4 24 20 4 27 9 3 13 13 24 11 22 29 10 8 24 23 0 25 13 13 9 14 7 27 4 18 28 4 10 27 10 2 19 3 19 0 11 0 10 22 29 9 13 13 7 23 11 21 2 4 11 4 13 7 2 28 29 17 27 26 22 23 28 28 24 22 19 2 28 0 4 5 13 8 21 24 6 21 5 23 20 9 2 0 21 6 20 9 16
