15 10 26 17 12 6 13 8 15 30 30 18 11 9 1 13 19 11 12 20 2 0 25 15 29 14 20 27 4 13 13 22 25 22 25 5 2 6 20 30 5 27 6 23 17 25 4 27 5 9 6 30 21 2 20 6 29 8 9 29 12 6 29 0 9 22 3 11 23 8 1 3 7 15 26 25 6 3 28 28 26 10 11 18 13 27 28 12 16 16 12 9 29 1 29 2 8 30 30 30 16 15 12 3 2 17 21 17 20 7 10 17 25 6 29 10 29 5 29 29 17 29 22 1 11 21 13 20 2 9 30 24 3 28 18 17 17 2 23 19 21 28 1 28 27 20 1 4 7 13
0 12 4 26 16 28 30 30 18 0 20 30 25 16 1 10 18 9 21 2 15 10 26 2 2 0 0 3 26 4 13 14 19 17 17 6 26 20 16 23 18 7 6 28 21 23 5 21 18 2 22 30 28 8 27 30 11 6 23 5 21 22 7 11 3 6 14 29 6 9 14 1 7 25 2 2 28 25 7 29 13 13 2 18 27 17 13 28 18 1 4 14 1 21 29 18 13 5 17 30 12 18 0 4 5 4 6 25 14 20 17 26 24 11 30 29 16 29 17 29 29 18 14 29 20 6 15 4 30 21 3 25 29 16 13 2 15 21 30 20 25 1 8 21 18 3 22 2 11 22
24 0 30 23 6 16 13 11 27 16 27 30 20 8 1 18 24 26 2 2 29 23 22 27 3 1 19 21 27 28 17 4 5 17 14 27 1 2 15 19 15 7 29 22 21 18 17 8 19 9 25 5 2 4 10 11 23 22 7 26 21 10 23 22 13 6 24 10 11 23 13 11 24 13 10 16 26 12 3 17 26 5 12 11 27 8 2 29 4 12 28 3 19 2 29 30 0 2 30 2 23 22 13 10 21 7 14 6 2 19 3 25 21 12 30 29 29 29 29 24 30 7 29 28 2 30 16 10 29 13 18 11 28 12 4 28 8 7 4 29 21 11 6 15 19 10 26 16 13 12
12 25 19 26 28 7 0 19 10 15 20 27 22 15 1 24 1 19 27 2 25 20 2 22 12 13 28 4 27 18 19 5 19 4 5 26 24 15 26 19 22 26 16 18 8 29 21 26 5 22 18 21 30 9 29 29 20 20 21 12 3 21 5 22 30 22 3 13 11 4 24 7 26 14 27 25 25 28 1 8 16 4 5 17 7 27 18 11 15 28 6 29 10 14 29 30 20 5 10 30 15 14 8 23 5 11 0 25 5 11 21 20 20 10 30 29 25 29 16 28 29 8 26 8 5 29 19 20 24 24 9 20 13 16 14 29 15 2 12 2 9 6 10 14 1 26 6 10 26 14
18 12 21 11 13 8 28 0 12 13 28 19 11 1 18 21 1 9 2 10 2 26 2 22 15 30 14 12 3 4 0 5 29 19 0 21 29 0 2 7 25 7 16 26 27 29 8 23 22 9 24 20 25 28 3 24 30 3 2 3 12 23 22 0 22 29 1 13 23 8 5 9 4 25 24 25 2 10 26 26 4 26 11 27 16 19 3 12 28 20 20 17 3 29 15 30 11 3 11 30 9 13 23 23 6 2 14 21 4 9 10 20 22 26 29 29 29 29 29 29 30 29 29 29 23 15 0 19 24 19 3 29 21 22 16 27 13 1 2 9 17 12 28 29 29 25 11 1 16 3
24 27 24 30 30 16 12 9 21 25 16 11 25 13 1 9 30 18 17 2 24 24 17 20 15 16 12 4 15 24 27 13 5 23 26 19 6 2 0 16 3 27 7 19 24 17 25 27 9 18 28 30 4 22 10 27 10 27 25 9 25 21 12 28 22 7 8 13 14 3 24 11 24 9 13 27 2 8 3 26 26 0 16 3 18 6 27 28 8 6 14 2 29 16 20 0 30 5 13 30 5 17 18 14 10 8 9 13 20 19 26 24 27 6 26 29 11 3 12 29 15 9 0 8 19 30 22 29 15 7 22 1 30 26 26 17 26 25 11 28 18 18 8 8 11 6 0 26 7 0
17 20 25 17 30 24 28 25 16 20 24 27 14 1 28 1 25 10 2 22 26 14 20 3 19 15 16 23 4 18 4 18 4 30 20 6 6 15 18 18 7 23 27 8 19 0 3 29 2 9 24 29 0 19 24 26 11 1 23 30 29 30 8 27 24 27 25 23 0 29 9 1 15 9 28 12 30 13 16 11 27 29 26 30 29 15 0 1 19 6 4 1 15 17 29 14 15 21 22 30 6 13 14 14 0 1 14 5 23 5 3 22 16 21 3 29 6 29 11 25 8 30 3 7 0 30 17 28 18 20 10 2 17 8 16 10 20 30 14 18 1 28 7 0 11 3 6 7 27 17
7 10 26 22 19 29 27 23 9 30 16 16 22 19 1 27 18 9 2 20 30 28 19 3 13 22 2 4 30 4 13 22 5 5 14 15 22 6 22 24 20 30 7 4 17 18 19 5 20 5 4 1 10 3 3 30 8 20 21 10 7 27 3 27 25 12 23 14 23 11 6 12 10 0 16 25 6 11 17 1 26 7 18 16 27 1 14 14 28 10 8 0 11 29 6 11 18 1 30 1 18 17 23 8 13 1 25 6 5 2 10 5 20 14 29 29 29 7 19 29 9 30 29 0 29 4 30 0 29 29 30 30 18 14 19 18 9 28 4 24 3 28 23 7 17 11 29 8 27 0
14 13 19 10 21 5 8 15 27 30 21 30 14 18 1 23 25 18 12 28 0 11 2 3 0 20 29 22 4 15 3 24 5 26 1 23 6 21 16 29 1 23 6 1 17 27 30 23 8 8 1 18 2 9 10 20 7 27 10 30 5 10 28 6 11 11 13 14 5 23 30 2 24 0 8 6 0 27 2 1 26 0 4 16 29 27 14 19 28 17 17 0 29 11 14 29 30 17 14 23 30 17 9 23 4 17 15 15 19 6 13 6 24 15 18 30 29 8 29 29 19 5 0 28 5 27 7 11 28 19 3 25 17 27 19 26 8 12 5 1 18 8 23 20 18 26 12 13 22 22
28 7 26 26 9 13 8 16 10 27 11 25 17 1 1 29 13 17 19 2 18 21 15 3 2 20 30 28 24 27 2 1 0 5 23 23 19 6 22 15 0 20 6 16 7 25 25 7 9 21 27 24 0 19 0 3 11 5 4 4 12 8 2 26 7 0 23 12 30 23 7 2 8 4 0 25 5 7 4 15 13 17 1 18 16 27 28 4 19 28 9 16 20 8 29 29 3 9 30 20 30 17 13 13 10 19 8 6 3 10 15 0 16 17 9 30 2 29 20 29 13 4 29 29 7 29 17 26 29 18 1 26 7 23 24 14 3 16 24 20 16 25 21 29 11 9 13 11 23 11
16 14 15 15 19 9 30 17 17 24 15 11 14 1 10 1 18 0 2 2 10 20 11 13 3 18 3 3 25 23 21 23 5 4 6 6 0 16 19 22 7 16 21 28 30 17 19 5 20 27 26 6 25 20 5 10 21 0 3 12 29 25 3 13 30 13 25 23 9 3 30 15 12 24 25 12 1 26 15 16 26 14 4 7 18 2 30 30 3 28 12 10 1 29 5 11 9 9 30 19 6 5 24 1 2 10 15 8 5 11 10 13 23 10 29 28 29 29 29 29 23 30 29 20 9 29 2 22 20 23 29 29 0 7 2 30 29 18 5 10 29 17 1 21 17 11 2 6 23 11
18 6 26 14 25 12 20 7 27 22 21 12 26 21 1 30 24 24 29 2 15 24 11 30 12 15 30 4 3 20 23 19 26 15 28 0 30 6 18 2 29 16 26 3 16 2 8 5 19 18 24 22 6 8 1 8 30 26 1 7 27 12 4 1 1 22 2 13 2 11 10 27 24 29 25 4 7 25 12 9 5 1 28 2 5 8 18 9 15 8 9 28 20 29 1 5 3 8 20 30 19 11 24 22 9 16 1 15 0 0 13 3 4 11 16 26 29 30 8 29 7 20 21 16 2 1 23 4 28 9 15 29 6 26 7 14 3 1 10 17 7 20 23 19 16 25 22 0 8 0
30 12 23 20 22 15 23 9 14 25 24 30 29 11 1 16 14 18 23 2 1 11 19 1 3 1 16 30 14 4 26 1 4 21 4 19 2 26 19 15 3 30 27 22 28 8 18 26 18 22 7 9 8 8 1 4 11 20 23 30 6 2 30 2 0 30 2 9 27 23 24 7 30 26 15 16 2 3 4 30 11 26 0 29 27 18 1 17 14 5 5 8 2 16 29 4 18 1 2 30 2 30 12 13 11 20 5 11 24 20 22 22 12 15 14 29 29 29 20 0 30 30 28 6 29 2 29 29 6 18 29 25 20 30 9 25 2 27 26 19 26 5 22 13 11 7 24 30 0 24
20 23 9 19 14 9 12 6 25 27 9 20 16 1 30 1 15 26 2 2 1 16 28 21 3 1 16 13 17 3 1 22 19 20 19 15 6 1 5 6 22 28 7 24 28 29 1 1 18 1 0 24 8 10 19 20 11 2 30 12 1 30 6 12 2 26 14 23 14 30 12 3 15 24 25 25 26 16 8 28 3 17 1 4 0 27 10 17 9 3 16 29 2 29 6 19 11 30 13 20 30 12 12 0 23 16 10 0 3 16 24 2 27 28 29 29 6 12 30 0 30 29 23 29 24 0 4 29 6 21 10 9 14 8 27 3 9 25 27 26 29 6 6 29 6 29 3 21 6 14
14 12 26 17 17 23 8 29 28 28 27 14 16 19 1 26 13 13 26 2 18 2 14 13 21 3 29 29 24 18 22 5 16 0 16 24 30 15 26 7 24 16 25 8 8 21 7 20 22 25 9 4 2 1 5 4 30 11 3 10 21 6 2 23 4 7 4 9 11 23 25 12 8 24 15 11 9 5 11 17 7 26 17 1 8 27 14 5 29 9 28 20 1 8 16 20 18 14 30 7 22 19 6 11 12 4 23 8 11 11 18 7 20 24 18 25 29 1 1 29 23 29 20 18 29 30 6 10 24 10 25 8 8 28 26 24 10 5 14 5 16 5 3 20 2 11 19 11 25 1
9 18 15 13 10 0 14 17 24 13 8 10 22 15 1 22 1 1 2 2 12 0 27 23 13 24 12 4 17 0 2 13 16 25 4 27 5 6 5 27 16 20 1 7 25 26 0 18 9 24 0 24 19 28 9 7 21 21 30 21 29 21 12 24 24 0 25 30 30 29 12 6 0 28 5 8 28 28 29 10 26 17 3 4 18 17 30 11 28 28 28 3 0 29 16 15 7 22 7 30 13 21 6 23 3 15 5 25 11 19 23 12 9 1 30 21 29 18 30 30 28 17 7 12 1 29 2 16 27 23 12 24 20 19 12 23 27 18 14 4 8 1 16 27 29 10 7 10 4 13
15 6 0 16 5 0 27 16 24 30 20 21 8 10 1 30 12 26 13 2 24 22 12 30 3 23 27 4 13 19 1 17 3 5 26 20 6 23 30 16 7 20 25 20 8 20 19 9 8 8 28 10 10 24 4 20 9 30 30 8 12 5 30 26 30 1 3 5 7 10 4 24 8 0 5 29 16 11 8 14 30 26 11 16 1 8 15 29 7 28 20 28 17 15 21 19 19 7 8 30 15 2 11 14 9 8 6 3 2 22 6 9 10 20 29 9 30 18 1 29 1 29 29 12 0 29 19 10 14 21 11 1 30 15 12 30 4 21 7 29 24 10 8 24 24 29 23 28 5 0
19 13 23 15 19 9 28 14 10 27 17 24 0 1 9 30 24 12 25 12 2 1 29 20 23 14 18 4 25 12 14 5 4 5 14 3 17 25 29 5 6 22 2 7 27 8 26 21 19 18 20 28 29 20 30 22 6 6 3 10 24 12 27 10 24 22 23 12 28 11 11 12 3 15 24 15 9 14 26 0 1 6 18 13 9 27 30 9 7 11 0 10 6 7 29 21 14 30 10 19 30 18 6 18 15 22 15 17 4 12 21 22 2 16 28 23 17 23 19 29 23 8 20 27 29 29 25 21 10 3 29 29 17 26 23 14 2 3 20 18 2 8 1 4 9 29 3 4 17 5
20 30 12 25 29 8 29 30 20 8 17 13 14 30 1 9 1 1 12 2 21 18 12 25 3 27 26 17 4 2 17 1 20 1 0 3 6 15 4 5 27 3 26 7 5 3 18 18 26 24 21 30 19 9 29 11 27 20 29 27 28 12 22 3 29 1 5 25 29 12 9 15 24 7 6 0 11 10 16 5 9 26 0 11 6 5 19 0 28 3 19 19 6 0 29 21 20 30 10 6 20 18 2 24 3 25 21 25 21 17 24 1 7 1 29 23 29 9 29 7 29 12 29 28 29 7 30 30 19 29 3 1 13 12 18 9 28 8 12 16 15 24 27 30 9 7 4 27 17 8
28 10 26 30 17 22 27 11 20 29 17 20 10 1 9 1 9 13 29 2 13 20 25 2 13 30 24 0 3 22 4 4 4 5 3 0 5 6 4 5 27 19 7 0 17 24 7 6 9 9 27 26 19 10 8 23 9 5 6 22 12 2 7 1 13 22 27 9 7 5 14 24 3 9 25 10 26 0 5 15 26 17 18 7 27 6 13 10 3 28 15 6 19 18 18 8 22 4 30 2 14 23 18 17 10 17 18 7 14 16 21 1 26 1 25 29 30 0 30 3 6 29 16 1 4 30 25 21 6 23 6 23 0 6 7 27 20 26 13 14 13 20 22 3 18 23 13 12 8 12
10 29 19 5 6 19 12 15 22 9 8 29 9 1 30 14 1 22 2 2 2 1 29 25 18 27 12 19 4 3 13 27 5 22 26 28 6 15 21 26 15 7 16 17 21 26 25 0 9 21 28 20 6 22 22 8 6 2 5 11 21 10 24 26 29 30 24 29 2 23 12 30 5 29 29 25 4 27 8 17 8 4 28 27 4 12 28 5 1 15 9 10 4 1 29 10 18 10 13 30 17 6 10 2 20 15 13 9 22 5 16 14 9 21 30 29 25 12 29 14 9 29 18 30 11 14 11 25 3 27 19 1 26 6 15 2 28 18 5 19 22 1 13 14 14 28 30 18 26 29
4 28 27 9 30 29 16 11 20 25 26 19 9 20 1 14 17 21 2 19 2 24 11 26 2 18 18 4 4 15 25 3 19 16 28 15 27 6 2 30 18 30 16 18 17 25 17 29 20 29 9 3 7 24 19 28 5 23 27 24 10 12 30 23 5 22 23 29 24 26 4 30 4 24 29 5 1 3 5 30 26 30 4 18 16 1 14 28 0 28 20 12 29 11 29 6 18 14 20 30 22 0 3 3 17 12 7 18 20 24 4 16 5 2 29 29 20 29 20 23 29 14 20 29 18 27 8 2 7 8 20 30 26 12 24 4 20 24 25 20 14 20 25 1 0 1 22 23 29 24
30 29 28 7 30 10 0 29 27 20 27 26 22 1 1 12 9 21 10 17 2 19 21 3 1 1 13 26 12 4 20 13 0 5 26 19 1 17 20 1 7 29 30 1 8 29 25 17 21 30 9 7 8 2 0 1 28 20 30 0 2 22 21 6 30 12 22 25 9 26 1 1 25 26 24 16 30 29 13 28 17 29 11 27 17 1 4 9 20 6 28 10 13 4 2 29 19 5 17 30 6 11 5 15 15 24 22 1 4 3 15 11 17 21 15 25 29 28 29 22 29 29 29 27 26 27 2 25 19 21 30 28 28 0 14 27 24 9 15 25 16 23 15 29 30 15 26 13 7 24
7 16 12 0 6 9 18 26 13 13 19 13 30 1 20 26 1 16 10 2 1 0 21 19 3 18 18 1 4 29 14 22 20 5 14 1 17 6 23 21 2 5 28 20 30 22 6 9 1 29 9 19 22 10 7 11 8 6 8 2 21 2 0 28 13 7 2 9 29 13 1 28 24 12 5 2 3 16 15 14 30 11 14 6 11 27 6 30 15 0 28 8 3 30 29 13 13 12 8 30 23 6 2 9 15 12 11 11 0 19 2 7 10 18 4 29 11 30 30 30 5 29 26 29 29 29 10 27 26 28 25 12 16 30 15 30 7 4 26 2 0 5 23 17 20 23 15 0 25 21
16 15 19 15 18 19 11 18 17 23 26 16 0 1 22 1 20 27 29 25 2 12 2 13 3 13 28 18 4 23 21 15 20 5 22 14 14 2 20 30 5 30 6 8 29 8 18 9 7 8 18 10 24 2 7 25 11 11 2 21 23 5 21 23 10 1 4 9 0 23 15 1 13 12 25 16 25 8 25 16 28 27 9 12 13 12 27 12 30 19 28 9 9 5 6 29 9 9 30 9 30 15 11 6 3 3 3 6 7 3 10 20 23 24 30 29 8 27 29 25 19 29 5 19 14 29 29 22 23 14 29 9 19 17 1 7 9 21 19 30 26 8 25 9 23 29 28 30 4 28
20 8 19 9 23 9 20 16 19 16 26 26 0 11 1 17 26 10 10 2 29 2 27 13 20 3 3 22 4 12 30 30 1 19 14 29 29 16 5 2 5 7 7 20 8 25 8 3 18 6 23 9 27 22 8 10 2 8 20 9 10 12 4 1 3 8 23 13 29 1 26 30 14 15 16 25 29 16 11 29 26 28 1 9 29 14 27 8 15 5 13 2 12 6 29 10 10 21 5 30 21 10 13 14 15 19 25 19 10 24 1 0 1 13 24 29 28 28 23 29 23 27 30 15 29 29 30 11 20 9 30 30 7 5 25 20 3 29 11 12 16 15 18 4 1 8 26 26 11 16
23 23 13 10 25 20 14 19 27 11 22 0 9 26 19 1 21 25 2 2 28 0 2 21 3 22 13 12 4 15 13 23 29 30 19 5 18 19 30 7 1 4 25 7 8 21 29 21 1 28 9 24 26 6 20 0 10 20 21 4 28 22 9 23 0 10 9 10 27 25 4 9 24 12 26 16 29 25 11 11 29 0 3 4 27 27 0 9 28 8 11 10 5 29 14 16 14 5 30 1 0 1 15 12 4 14 24 10 22 11 4 2 17 17 29 16 29 20 16 29 1 21 29 22 29 0 5 29 5 29 20 10 4 18 30 25 14 25 29 26 11 28 23 28 24 4 19 10 29 12
3 7 26 25 22 10 10 12 0 29 12 7 14 1 13 1 10 14 15 2 26 18 17 3 28 2 26 12 3 4 12 21 16 29 21 17 24 2 26 25 29 7 28 27 21 8 1 9 8 19 18 9 2 3 22 3 21 1 11 9 7 4 3 6 28 30 14 1 30 25 10 27 8 24 12 15 7 16 28 13 4 0 11 27 29 27 28 15 20 1 20 28 15 20 30 4 10 21 14 30 23 6 19 13 2 13 8 22 14 13 3 22 3 24 30 30 0 30 6 29 0 13 24 1 17 18 20 19 26 21 29 28 1 22 1 0 22 0 17 30 10 18 20 21 23 20 15 9 29 5
24 24 15 10 26 30 8 6 9 9 29 26 24 1 22 11 1 23 2 2 14 2 25 3 26 3 26 29 2 4 24 23 5 18 0 22 15 18 15 24 5 7 18 25 8 29 18 28 9 9 3 25 19 22 21 7 7 20 21 26 12 28 23 23 11 25 23 0 27 10 5 10 9 28 16 25 9 5 15 11 26 4 13 2 4 27 9 28 5 28 18 7 29 9 9 1 13 30 4 1 16 11 22 12 5 19 13 9 23 2 15 7 6 4 29 27 29 30 30 27 30 5 29 29 29 0 30 21 4 29 30 7 20 30 4 20 27 24 6 11 29 24 14 3 12 1 8 9 29 9
16 8 27 13 29 22 16 27 0 30 7 12 27 17 30 1 13 13 2 2 22 16 29 2 3 20 13 21 15 4 1 13 24 5 23 26 23 19 22 2 3 16 21 21 30 0 8 9 9 9 1 19 2 2 29 28 10 21 21 7 23 22 29 7 29 4 6 23 10 7 14 15 11 3 9 8 16 25 29 8 29 26 16 27 3 18 27 28 12 1 10 10 20 2 29 5 11 1 22 30 22 4 12 18 15 11 22 4 4 23 21 8 24 28 25 30 19 5 30 9 30 7 25 29 30 11 20 17 16 30 5 22 20 1 5 16 10 26 17 29 6 12 1 10 30 3 26 10 5 11
