17 17 16 31 22 21 17 16 9 12 25 28 12 1 19 1 9 14 28 2 15 21 21 3 13 17 18 29 16 15 13 5 14 5 31 2 30 6 21 17 26 29 1 18 18 31 27 30 9 18 26 25 10 2 29 26 30 20 22 8 22 5 11 4 2 22 3 27 23 11 0 14 30 28 10 25 26 6 17 2 7 26 27 13 0 15 18 28 2 28 18 14 16 2 3 4 14 18 30 13 3 17 16 31 11 4 17 23 6 19 19 21 11 5 13 28 0 26 30 19 31 29 31 28 30 21 30 30 30 30 30 31 1 28 3 15 31 23 29 5 3 30 31 17 16 31 16 19 15 4 5 25 4 2 29
15 27 24 9 22 20 9 28 11 11 21 7 18 31 9 1 10 18 19 25 2 22 20 21 3 14 19 2 16 4 15 17 20 5 23 17 20 6 2 30 20 31 7 30 21 17 1 18 29 31 28 10 31 4 28 3 11 7 28 29 21 10 25 27 29 13 3 23 28 2 14 1 30 2 3 3 25 15 14 2 17 2 30 27 31 31 12 2 28 13 12 29 20 18 21 31 10 5 30 0 15 31 31 13 3 8 21 25 17 13 19 10 13 11 12 15 17 31 31 17 31 8 7 31 10 30 30 16 23 8 30 30 3 30 11 30 18 7 12 13 12 12 1 2 25 9 16 10 0 14 19 30 15 27 8
19 17 0 10 6 21 27 8 24 17 28 16 31 1 12 14 17 14 29 2 27 19 26 25 13 12 3 4 14 25 21 24 15 22 5 14 6 3 0 0 19 27 21 24 6 8 1 1 31 31 26 30 0 10 25 21 20 5 11 9 27 6 25 22 28 10 29 1 3 23 24 27 4 13 16 2 28 8 2 6 9 26 14 15 12 27 5 6 17 7 19 31 8 17 20 21 7 19 30 7 20 4 31 9 16 3 6 19 20 7 18 9 20 16 10 24 28 0 31 31 22 30 31 8 14 23 5 26 7 1 30 24 11 6 7 24 13 19 29 26 28 19 2 4 28 29 9 3 18 4 3 0 17 3 1
22 7 6 20 7 10 6 23 12 28 14 30 9 0 9 1 17 12 2 17 31 16 15 3 24 25 2 29 4 15 13 14 2 23 21 21 6 23 26 5 22 16 22 31 16 9 4 9 20 18 18 5 1 10 31 4 21 10 11 21 21 12 24 8 22 27 24 13 26 23 12 27 31 10 1 28 3 25 2 8 9 1 7 16 17 19 1 18 28 31 19 10 9 29 0 20 30 22 14 13 18 13 8 31 18 22 24 11 5 13 15 10 25 0 23 15 1 19 30 9 31 25 3 19 30 28 28 22 2 30 18 18 6 25 8 31 25 0 0 10 31 10 9 17 1 23 24 25 13 1 18 11 31 14 0
6 17 17 0 12 25 15 19 8 25 8 20 21 17 1 21 31 18 29 1 2 26 11 21 31 3 0 14 27 13 13 4 16 5 24 5 6 5 6 25 17 20 7 20 29 1 28 2 9 25 25 25 19 9 10 2 20 25 0 8 3 4 5 27 22 12 23 7 14 27 1 24 7 4 16 28 15 30 11 8 0 13 27 29 28 9 12 28 16 12 3 9 29 8 7 2 21 30 14 0 0 31 17 15 14 16 2 8 5 14 18 15 6 4 8 2 8 31 20 30 21 1 30 7 3 30 17 30 12 24 5 30 30 29 5 9 6 19 20 0 25 29 0 11 30 31 1 17 31 19 16 30 7 15 27
7 6 18 22 7 9 26 9 20 13 14 25 10 31 1 25 13 25 22 2 17 2 17 3 19 29 17 22 4 3 4 14 5 5 29 28 6 6 16 0 1 23 7 25 29 5 18 5 2 24 21 19 22 5 2 4 11 10 31 22 21 5 22 13 28 5 31 11 14 29 31 24 15 25 26 2 27 0 31 11 10 7 7 15 27 30 28 19 29 31 12 8 13 29 14 30 5 2 2 15 10 16 31 5 13 22 6 18 1 0 0 14 3 3 3 16 7 30 31 30 13 30 30 11 30 30 14 1 30 9 30 11 30 28 2 17 26 8 29 18 11 4 18 24 25 24 6 11 17 6 26 10 26 3 1
31 23 21 13 7 24 6 30 7 12 19 22 27 1 30 1 23 13 9 2 28 13 13 12 3 3 26 3 19 25 0 25 5 17 5 14 23 2 29 30 4 31 7 16 29 8 29 6 20 9 0 29 1 23 10 8 1 0 28 26 29 21 3 22 22 13 10 7 23 11 31 15 29 15 2 1 27 15 15 17 4 0 16 16 27 12 28 12 31 14 9 19 29 14 5 11 16 18 18 30 31 1 23 10 21 14 2 5 8 8 4 3 10 2 20 13 19 2 18 30 19 10 30 22 17 30 30 6 14 31 30 20 6 5 9 23 30 30 28 9 12 4 4 2 14 28 1 26 31 21 16 29 31 30 13
9 13 7 17 26 20 15 25 18 27 12 7 29 22 1 11 1 26 9 2 20 17 16 15 0 0 22 13 4 2 0 13 5 15 26 6 6 22 0 5 16 7 31 1 28 8 23 9 20 20 23 30 19 20 3 9 11 30 9 29 21 31 6 24 23 22 1 9 26 8 15 1 8 15 12 26 3 11 17 27 26 5 18 8 30 15 15 28 17 28 7 9 19 1 8 15 22 30 15 6 3 13 31 16 5 0 14 12 14 16 26 5 15 25 6 18 5 28 31 30 30 30 5 15 31 11 31 19 9 5 24 23 30 7 7 18 22 28 20 25 30 10 2 6 14 17 8 23 31 14 21 14 25 4 3
19 0 26 5 0 13 21 17 19 22 24 19 21 16 1 30 29 31 10 2 2 31 31 11 1 21 20 21 4 24 21 3 5 29 5 18 23 31 22 6 31 3 5 22 2 8 21 18 29 26 25 28 6 19 25 5 30 22 24 26 21 26 12 1 4 5 6 31 30 29 25 15 14 11 29 26 27 1 10 0 26 27 31 3 29 16 9 3 28 8 1 16 14 29 12 15 22 12 30 9 14 31 16 2 12 18 10 15 5 7 23 21 6 26 7 5 11 4 30 30 25 30 28 4 7 30 3 24 27 2 19 10 6 0 14 31 15 17 23 10 19 3 1 29 6 24 23 31 4 5 29 15 24 13 2
13 6 25 13 21 17 7 23 11 14 10 0 26 21 9 1 17 0 9 2 2 17 14 3 29 18 29 18 4 1 23 30 5 18 26 2 4 26 25 18 16 28 23 25 21 3 17 30 6 9 4 25 29 26 30 6 11 21 1 12 11 12 3 8 13 27 7 24 24 8 7 24 0 0 12 3 13 0 7 8 12 26 2 4 30 11 10 11 3 16 20 31 29 8 15 5 16 12 30 15 21 8 19 31 9 1 8 21 8 22 5 2 8 16 6 12 21 18 28 30 19 30 14 1 30 12 20 1 3 6 18 8 31 11 11 14 31 19 20 0 25 8 10 0 4 14 2 25 25 19 6 15 12 19 29
0 24 26 30 26 31 13 27 0 29 28 9 10 29 1 29 26 1 17 11 19 12 19 3 17 16 15 14 4 4 3 24 2 5 20 20 15 23 29 19 26 16 7 29 29 27 17 30 29 26 7 25 3 3 10 31 4 22 11 8 7 22 30 0 29 1 26 1 1 23 14 8 2 13 28 16 10 4 8 30 26 14 16 1 28 19 28 14 14 1 3 4 29 0 8 13 15 30 10 3 20 31 15 19 23 13 15 25 18 22 11 20 17 15 10 25 2 31 27 31 31 1 30 5 31 3 30 16 3 5 6 28 31 13 5 4 29 12 21 29 15 23 8 10 7 24 2 18 15 29 16 8 10 23 9
20 18 7 30 23 21 30 11 26 23 12 12 7 27 1 31 22 21 0 2 12 24 22 3 31 30 26 28 13 20 28 31 5 14 27 15 2 6 24 22 7 4 6 24 23 17 8 8 9 8 28 10 28 21 10 3 26 27 3 11 21 11 28 11 28 1 29 23 27 7 8 5 0 15 1 2 26 15 5 17 2 1 27 0 18 8 28 18 12 19 10 9 8 13 18 4 0 30 8 13 14 31 14 13 6 2 17 3 17 15 4 6 6 17 3 10 11 30 31 21 31 8 31 11 30 4 30 6 30 2 30 22 30 15 13 28 2 31 29 29 29 21 9 12 23 28 11 25 8 6 30 9 21 8 15
24 13 23 29 17 28 13 28 12 30 11 25 11 19 12 1 12 20 28 2 18 11 24 3 29 29 20 27 4 16 30 27 15 27 15 31 30 16 22 7 22 7 30 6 17 17 5 0 31 26 29 23 22 10 3 20 24 3 22 8 21 25 31 27 9 22 22 13 14 8 12 11 11 5 5 25 10 25 30 13 12 13 15 27 31 13 16 18 28 2 11 15 15 29 29 12 16 30 30 22 7 18 8 31 15 16 16 1 5 25 15 11 0 4 5 2 2 3 30 30 7 18 3 6 30 2 5 6 24 4 16 20 19 13 15 25 31 18 31 13 23 1 5 14 10 31 21 22 29 14 18 28 15 31 3
4 26 15 13 20 30 7 29 29 8 14 29 25 0 1 26 29 18 16 2 29 11 14 31 28 3 0 31 25 13 16 26 5 20 30 2 2 6 28 0 7 0 18 26 18 17 28 28 9 20 6 6 27 5 2 30 24 11 26 10 30 26 24 5 13 23 28 0 11 30 14 24 9 7 13 13 6 11 4 27 26 6 27 8 1 16 10 3 0 18 30 29 19 1 10 9 0 19 30 19 12 31 23 2 7 2 2 9 14 12 11 12 4 25 24 25 0 13 30 31 20 30 23 16 30 20 26 30 13 31 8 12 31 12 26 26 25 31 15 27 15 19 16 23 17 26 17 11 8 18 12 7 7 6 26
15 7 15 18 11 11 0 16 15 22 24 10 8 1 26 1 26 1 2 26 2 14 22 27 3 23 2 27 4 18 23 31 28 5 26 28 23 27 6 16 31 7 24 19 8 8 3 18 30 27 29 9 23 30 10 2 20 4 7 22 22 12 21 7 13 24 9 14 30 24 27 5 25 1 0 10 6 25 15 17 11 15 30 5 3 28 5 5 14 3 16 12 29 21 31 18 30 21 13 12 20 31 24 31 13 4 23 3 4 3 1 14 25 6 14 17 7 29 30 14 30 24 21 30 30 13 24 27 10 30 1 20 31 20 10 20 29 31 18 29 26 9 17 6 29 14 9 21 8 25 7 7 16 29 26
27 26 30 27 12 8 14 28 19 10 17 10 8 8 1 28 14 14 9 12 14 20 2 3 30 31 17 19 4 4 30 26 2 5 25 21 21 0 23 20 19 16 0 4 8 20 1 5 19 24 25 9 19 1 0 20 0 30 30 12 7 21 24 31 12 9 23 14 9 5 24 5 13 0 9 6 12 27 17 26 1 17 5 27 27 15 31 11 1 20 17 29 9 14 0 15 30 20 18 17 6 31 17 23 9 17 24 24 4 19 18 11 5 1 26 24 8 19 30 30 8 30 28 30 31 31 13 31 9 11 30 23 29 15 30 22 30 7 20 28 5 31 0 18 1 12 27 1 0 1 18 3 17 15 2
18 11 14 16 31 27 29 9 19 19 20 21 26 0 15 1 27 14 17 31 2 17 27 18 25 20 3 29 13 4 22 1 14 25 21 26 31 26 2 7 17 7 16 4 3 26 5 23 22 9 26 3 0 26 20 1 9 7 11 21 1 4 29 22 26 3 9 23 23 4 25 14 15 13 30 4 25 27 11 14 4 17 16 11 29 19 10 28 2 3 1 6 29 21 9 8 21 30 31 13 31 7 31 16 11 24 0 4 10 17 14 8 17 11 19 8 27 31 31 31 31 31 31 30 0 30 31 31 31 14 31 31 26 31 24 6 9 18 31 27 6 23 9 23 14 7 17 16 13 30 7 25 17 12 22
15 12 4 15 18 18 28 27 17 7 18 12 29 11 1 31 28 22 11 2 15 31 16 3 3 14 13 13 4 20 4 17 13 27 2 5 6 1 0 26 18 6 18 0 21 1 27 9 18 29 9 19 28 24 2 2 7 5 11 30 12 21 12 27 30 28 0 26 29 13 28 15 24 11 4 5 1 31 13 10 31 14 17 8 27 18 11 13 28 20 6 16 3 3 19 18 12 9 30 23 31 5 15 21 10 4 16 12 20 26 25 16 22 13 9 16 17 7 30 8 31 31 27 12 30 24 21 22 20 22 31 22 16 21 26 30 29 25 5 21 4 29 24 29 11 13 20 3 26 10 0 4 12 27 9
8 28 23 9 10 30 26 7 14 13 16 7 19 9 1 10 12 1 2 30 2 18 15 3 13 19 24 17 28 4 14 13 27 5 28 14 29 22 6 23 7 5 7 3 22 26 2 9 8 3 23 21 24 31 10 26 11 24 6 21 4 27 9 31 29 30 30 23 26 13 0 5 26 15 30 7 4 10 17 26 8 13 12 2 29 16 19 28 7 1 29 13 12 29 12 17 8 1 30 31 21 15 31 3 23 9 8 1 21 9 6 16 1 19 27 7 19 30 30 21 24 30 8 18 31 31 3 15 15 8 22 24 15 17 10 17 2 27 5 16 26 7 24 23 16 12 28 9 28 16 18 27 1 14 0
30 11 9 6 9 20 10 26 18 21 20 8 23 17 1 27 27 13 1 2 0 23 22 29 3 26 24 20 24 4 13 13 30 16 5 15 6 22 5 30 7 31 16 2 6 31 19 9 29 8 9 19 28 6 10 26 24 7 25 21 25 11 25 25 26 7 31 4 30 26 8 24 12 2 10 16 25 4 17 2 3 11 14 1 27 29 11 29 8 16 11 20 11 5 11 17 17 12 30 1 17 23 31 16 18 15 3 13 2 18 23 2 26 15 13 17 1 19 0 30 28 18 30 3 30 9 19 18 2 10 9 9 17 22 7 24 25 14 5 31 26 11 30 0 31 3 1 17 18 15 21 2 13 3 24
5 20 26 16 11 21 8 6 27 0 28 19 11 1 11 12 1 23 31 2 21 12 19 16 3 29 24 4 31 2 14 28 26 5 18 25 14 17 25 2 28 7 18 23 7 18 9 9 27 5 19 1 10 4 3 20 9 23 21 28 31 25 26 6 30 29 26 12 23 1 29 1 31 31 15 4 25 4 9 26 17 5 30 17 31 6 28 7 0 28 3 13 29 15 29 11 10 12 30 22 18 31 17 2 12 7 18 20 2 13 25 1 22 23 18 18 1 14 31 23 31 15 30 17 31 13 31 30 21 30 26 6 30 30 9 5 23 27 14 18 7 30 16 9 23 7 15 24 1 20 16 30 31 11 28
9 26 22 12 9 22 27 6 24 12 25 21 28 1 10 1 20 21 14 27 2 26 24 16 13 3 3 17 1 4 23 16 25 5 27 31 18 21 4 30 6 7 16 7 18 28 17 23 9 24 30 28 7 4 5 3 21 6 3 25 12 2 23 25 29 13 23 13 12 13 25 24 11 2 7 14 25 2 5 27 4 30 10 12 27 28 28 14 4 13 9 7 12 6 21 20 18 30 13 10 31 0 16 6 9 1 2 23 3 21 9 14 6 11 18 6 23 31 30 3 30 30 19 31 0 2 31 5 30 28 30 21 30 0 5 9 0 4 15 1 3 6 7 20 2 7 2 10 19 11 2 22 16 4 17
21 7 21 15 14 20 20 25 17 22 8 12 10 1 18 1 24 22 14 16 2 31 11 18 20 3 17 3 4 13 15 2 19 23 0 21 6 29 1 4 7 17 7 18 17 21 5 9 9 9 30 27 19 5 6 30 27 25 20 8 12 26 10 8 6 12 10 23 13 14 4 15 13 30 2 25 15 7 3 27 26 30 13 4 17 4 18 28 14 0 10 6 4 29 6 30 17 22 22 31 21 8 9 31 15 0 14 0 9 7 22 18 7 2 23 6 10 24 30 30 30 24 30 31 27 31 6 8 31 3 18 17 5 31 12 28 2 12 5 3 4 22 18 17 12 16 19 16 31 13 31 1 3 27 29
10 11 7 7 19 31 28 31 27 21 19 11 23 27 1 21 22 13 2 29 2 26 29 27 31 3 22 22 4 23 13 1 24 5 24 2 15 0 26 24 2 7 26 26 22 31 5 19 9 24 2 0 30 31 8 29 20 7 11 9 7 22 7 3 13 24 11 23 11 27 26 24 27 9 25 30 16 2 11 1 3 18 17 30 28 19 7 31 28 31 17 29 17 4 20 10 30 20 14 12 10 3 31 23 20 3 12 4 23 7 21 0 6 23 17 18 22 30 31 31 30 22 31 22 31 22 30 28 13 31 24 20 31 31 26 20 30 13 31 10 29 9 5 30 26 7 25 17 25 25 22 20 27 6 14
14 13 31 25 18 23 15 22 31 14 8 21 15 22 1 26 20 1 24 2 18 22 26 3 22 31 16 20 14 18 4 23 23 5 20 18 4 4 28 17 17 30 29 25 24 24 4 28 18 4 9 7 10 22 29 22 20 24 26 30 25 12 8 23 27 22 4 14 31 8 31 0 0 3 5 16 25 8 8 29 4 6 1 15 27 16 6 28 10 12 1 11 20 29 13 2 30 14 13 17 19 31 21 31 3 9 24 12 12 11 22 17 3 0 23 28 18 6 30 19 30 8 30 30 21 31 23 30 30 25 21 30 13 1 12 8 26 29 28 9 31 4 0 16 1 4 10 6 25 30 1 18 18 6 29
26 25 0 24 12 13 8 16 30 15 16 28 24 1 1 29 1 25 16 2 1 2 13 3 26 19 26 4 19 4 22 24 14 0 27 5 5 23 0 6 2 25 17 3 27 30 28 9 20 8 29 10 0 19 6 10 1 4 25 23 9 21 27 29 22 9 13 3 8 24 15 25 15 9 28 3 25 2 7 14 16 13 30 18 27 18 28 16 16 28 1 1 9 29 5 20 21 30 13 6 16 14 31 6 4 2 16 5 23 17 21 20 11 15 23 0 2 20 30 30 1 30 2 31 31 18 30 28 29 31 27 14 0 11 30 16 11 0 8 5 23 16 26 22 23 7 12 30 28 20 23 10 1 2 19
4 30 30 29 12 13 24 9 21 29 31 23 12 23 1 14 1 21 2 16 24 2 2 3 3 0 3 3 4 17 1 17 29 5 14 6 2 22 15 7 7 27 23 23 7 31 5 6 9 26 28 19 20 10 28 8 11 8 26 26 7 8 0 13 29 11 8 9 14 25 2 24 25 12 2 8 9 7 16 0 26 14 2 6 27 31 27 18 28 20 11 29 17 29 16 13 12 19 30 21 9 6 31 22 18 4 0 7 16 9 1 20 13 5 16 15 8 3 30 27 31 7 4 31 29 30 25 30 13 19 3 3 20 12 14 9 8 9 18 21 28 22 5 15 11 9 20 16 14 11 1 4 11 3 17
6 23 14 23 16 25 24 0 25 28 16 30 16 17 1 19 1 31 2 17 2 21 26 12 3 30 31 20 1 21 23 15 5 19 14 0 18 6 30 23 23 7 17 8 31 27 30 24 2 22 5 18 10 9 0 11 27 25 1 11 21 12 28 0 22 9 10 23 14 28 8 27 27 14 25 0 25 9 16 12 26 14 10 27 28 10 9 30 14 5 29 16 21 6 29 0 30 3 22 2 7 31 12 31 13 1 7 6 15 21 19 25 1 16 6 8 26 30 30 31 30 22 19 30 9 11 30 1 12 30 25 0 9 31 28 7 30 3 23 10 28 2 19 10 26 26 29 13 21 19 10 27 18 9 31
28 29 11 8 31 21 9 14 10 16 18 30 18 1 26 1 14 30 10 28 2 13 19 11 19 20 27 4 13 13 13 5 4 5 22 17 6 29 15 19 6 2 16 31 8 6 31 7 3 26 1 9 27 20 23 7 1 9 29 23 11 12 6 22 9 12 9 26 23 31 3 6 14 11 27 14 25 14 13 31 14 8 18 0 14 17 6 28 15 28 0 1 16 15 10 3 30 31 30 5 1 2 4 31 24 19 13 1 0 0 23 25 15 7 11 18 24 3 30 30 31 30 2 30 14 31 30 31 30 5 30 5 11 30 31 20 6 30 16 31 14 3 8 10 16 13 26 1 11 25 8 20 14 16 17
9 15 0 27 23 0 26 10 19 8 31 0 14 19 1 21 13 9 27 2 28 28 29 3 12 13 3 1 25 15 30 5 18 29 23 15 4 18 6 15 28 7 31 5 8 31 18 21 27 8 8 6 24 10 4 8 11 20 2 10 6 1 12 11 28 28 1 5 8 24 1 24 6 5 2 28 10 5 25 15 27 17 6 17 29 1 27 17 5 14 2 21 21 9 29 30 10 14 30 16 15 22 11 31 19 1 10 11 15 9 21 13 1 8 19 5 24 17 31 30 30 20 31 31 19 1 30 20 19 20 31 30 7 8 3 27 30 13 16 14 8 23 16 26 3 31 11 18 31 17 7 3 4 11 24
