25 10 27 11 7 12 27 30 32 26 25 9 13 1 19 15 30 0 2 19 2 24 1 23 3 13 27 0 24 27 31 24 29 15 17 3 6 15 17 32 6 5 19 17 31 0 31 26 9 18 31 4 6 19 28 11 29 1 25 3 28 7 28 9 4 23 27 25 30 9 14 24 7 24 3 26 31 16 13 12 26 9 27 13 7 1 19 28 7 18 20 29 7 19 0 8 30 18 11 31 11 11 6 12 8 32 21 1 5 12 8 21 2 19 2 12 2 10 1 13 18 32 31 32 32 19 32 28 28 31 27 3 31 25 9 28 24 31 2 11 8 30 11 1 32 2 27 4 27 5 9 23 4 26 14 19 19 27 10 8
30 32 20 9 27 25 8 28 9 14 16 13 8 32 1 14 18 21 12 18 2 0 19 2 11 3 29 32 32 4 2 3 18 16 30 24 15 20 28 20 7 17 19 29 3 17 19 29 30 0 9 8 20 30 26 30 1 30 27 9 22 3 23 22 13 0 24 24 10 4 10 14 30 25 32 29 29 26 1 14 15 16 18 29 27 12 28 2 7 18 10 29 8 1 30 5 13 18 7 31 9 23 19 14 5 32 23 22 12 13 10 2 23 0 4 15 17 4 8 14 13 31 32 29 31 17 31 31 32 31 31 26 31 17 16 17 18 5 32 29 0 0 31 16 32 11 25 31 3 31 28 10 3 16 28 8 5 3 0 5
13 18 23 24 13 32 30 32 17 20 11 16 28 25 1 24 21 27 29 2 11 1 31 26 20 3 24 22 12 13 2 4 23 5 0 20 25 23 17 26 28 17 23 6 5 8 18 24 30 19 4 24 27 10 9 10 22 29 30 7 21 10 22 30 5 23 1 14 25 24 27 9 4 29 3 6 14 10 32 26 15 31 9 18 13 4 28 19 29 32 2 19 29 14 30 0 22 30 15 3 22 1 18 3 22 32 24 20 17 25 21 9 20 20 1 0 9 13 7 20 9 31 25 31 29 31 23 31 23 31 22 11 2 31 21 29 31 31 5 0 5 28 31 32 16 4 1 9 32 1 29 24 25 17 11 4 32 4 29 15
24 27 26 31 16 29 13 12 12 16 29 23 28 1 1 25 31 23 32 2 20 23 29 3 19 30 32 25 4 0 13 15 5 17 29 16 26 28 15 22 16 2 7 5 8 25 6 31 8 9 32 23 6 30 20 20 11 1 25 22 2 26 2 8 11 22 22 11 30 14 30 3 7 25 10 7 10 11 15 27 26 9 3 18 11 10 1 14 6 32 29 0 12 17 1 9 30 6 14 31 7 22 1 6 32 17 32 25 22 21 26 10 5 18 21 1 27 6 15 16 6 31 31 32 31 28 31 7 31 0 25 31 24 2 30 18 28 21 31 20 30 19 6 30 31 7 11 14 17 8 29 1 2 11 25 4 22 6 6 14
13 16 7 21 19 26 0 24 23 21 19 8 30 10 1 11 20 13 1 2 17 30 18 12 30 3 18 16 16 0 13 23 5 30 4 30 6 17 15 17 16 18 30 18 6 18 29 18 6 0 9 6 30 9 10 11 1 0 28 21 10 32 28 7 12 23 32 23 1 25 14 4 32 2 25 8 12 17 17 26 27 4 8 32 27 12 19 1 28 6 8 29 32 10 4 10 4 7 7 0 31 8 12 16 32 0 20 32 20 16 20 15 4 9 23 4 12 5 20 28 22 32 32 25 32 29 31 31 6 7 31 27 14 2 10 30 32 27 28 11 4 13 5 5 30 13 26 14 1 27 6 14 3 4 22 11 0 6 15 26
15 31 18 24 17 31 32 15 17 19 31 12 32 1 22 1 18 32 12 15 15 11 2 3 17 18 16 4 12 18 4 16 5 4 2 1 16 19 20 18 5 7 18 20 18 8 0 18 22 26 9 31 28 1 7 29 23 31 24 10 27 31 22 32 5 7 0 26 7 5 27 30 25 15 12 16 25 27 4 7 7 16 32 27 1 5 29 28 13 29 5 13 8 4 10 21 30 8 9 31 1 20 10 18 32 14 7 13 0 12 0 0 2 4 19 17 20 26 4 16 32 32 7 32 15 32 32 32 7 31 4 27 31 31 7 19 31 16 30 2 28 6 31 29 30 8 2 30 16 17 18 24 15 14 4 30 0 0 30 11
22 19 17 21 28 20 0 23 27 13 32 19 14 10 1 10 26 14 26 2 32 12 27 27 3 18 12 3 27 25 4 23 5 3 14 24 22 30 32 16 25 31 27 32 0 8 8 8 27 19 1 31 32 19 10 31 30 4 2 8 25 24 0 22 5 31 13 31 10 12 1 0 15 7 12 25 25 10 12 6 0 31 4 12 27 17 14 10 32 11 3 29 19 4 30 11 20 30 19 17 31 20 17 14 12 32 23 1 9 7 14 6 24 3 25 15 21 16 16 23 24 31 31 28 32 10 31 31 17 13 31 29 30 31 20 24 30 32 30 16 17 1 26 5 27 12 1 32 29 1 20 14 0 7 32 17 25 16 4 31
14 9 29 10 25 6 14 31 29 18 12 32 23 1 21 1 16 19 2 2 10 32 30 3 11 19 12 25 4 18 3 25 5 0 16 30 6 23 20 28 21 19 17 25 24 31 23 29 31 9 19 9 31 32 8 7 11 5 26 2 1 5 11 11 11 3 3 1 23 3 10 11 14 15 16 32 28 30 26 28 4 11 17 27 0 1 28 28 13 14 30 16 29 32 8 30 2 3 22 2 31 20 16 10 2 32 16 32 17 18 22 9 7 5 17 12 22 10 1 25 2 32 31 31 27 26 31 2 17 25 32 19 26 5 16 10 4 32 16 32 28 6 4 7 18 14 30 21 22 4 3 23 31 20 23 27 26 31 16 21
29 13 9 7 20 5 7 22 30 32 13 12 32 20 1 31 32 9 0 10 2 22 23 15 1 3 19 4 4 30 0 21 21 21 5 2 19 1 21 27 28 7 1 8 8 0 27 7 23 25 28 32 9 20 29 24 27 11 26 21 31 31 13 22 4 27 24 23 14 27 9 15 24 8 4 4 30 3 12 17 26 6 27 10 16 18 0 28 32 8 0 8 29 17 30 32 12 7 31 22 2 31 2 12 4 32 5 20 6 8 9 7 20 17 15 20 22 20 27 0 19 31 31 32 8 31 30 31 31 8 31 2 21 22 32 7 32 17 8 19 0 13 24 17 8 32 30 27 31 7 27 27 15 15 13 31 13 19 2 19
30 0 24 17 11 19 8 32 20 29 0 8 21 32 1 30 28 17 2 2 0 1 23 3 26 12 23 16 4 13 32 24 5 30 15 20 18 4 6 15 17 30 7 30 8 29 19 21 20 3 9 1 7 10 24 23 11 2 9 6 29 21 8 8 2 28 6 23 32 1 3 24 0 13 13 29 8 28 17 26 5 11 3 2 28 27 12 32 17 19 20 7 13 4 30 19 14 30 31 14 31 10 15 11 8 32 24 6 20 19 0 26 15 14 15 10 11 22 13 26 30 31 6 31 1 20 13 31 12 31 31 4 2 6 31 3 26 10 8 5 11 20 31 18 4 31 28 22 12 32 4 25 7 9 21 19 27 3 3 28
28 17 15 6 19 15 8 7 16 31 22 25 13 21 1 12 13 13 2 18 2 11 29 2 3 28 24 30 4 18 29 17 5 5 32 3 19 6 17 2 2 25 17 6 20 2 22 25 29 9 4 8 32 10 20 1 3 11 8 32 0 27 26 13 0 0 29 5 7 14 2 24 24 24 0 12 25 7 27 12 29 29 4 6 27 30 18 28 9 12 29 11 13 9 6 30 21 14 0 31 18 11 15 20 16 32 20 10 0 18 5 1 14 5 5 5 15 26 6 19 10 32 5 31 29 31 22 31 18 16 31 31 20 2 12 28 23 26 18 31 24 9 27 29 20 11 14 32 14 10 1 1 26 32 22 19 15 6 14 18
3 12 32 18 0 18 25 30 15 28 8 10 17 1 24 1 12 30 2 25 2 18 16 3 2 32 13 4 16 2 16 3 5 17 20 21 17 20 16 7 18 7 31 26 17 1 25 31 28 24 19 7 26 31 23 10 26 25 8 21 8 2 22 13 3 24 29 23 32 9 12 31 27 1 32 15 26 9 32 32 26 10 18 9 18 4 2 32 28 5 13 29 14 19 9 30 12 8 18 9 31 12 32 12 32 24 32 1 20 14 15 0 10 27 20 4 5 8 23 2 6 31 31 29 31 31 31 31 32 27 32 31 17 27 19 31 18 22 16 18 20 22 29 20 25 31 1 15 21 31 25 15 2 10 12 10 4 18 30 10
23 17 10 26 18 30 10 12 23 8 21 13 8 1 20 1 10 0 21 2 1 24 23 19 3 24 0 24 16 4 14 21 15 18 25 24 28 17 3 0 6 18 32 5 24 32 8 31 30 1 21 19 10 21 19 7 1 8 1 6 21 21 10 11 12 10 12 13 12 9 15 24 15 8 28 8 16 15 32 30 0 30 27 13 2 6 6 28 32 31 2 31 31 7 11 30 4 21 8 16 31 23 11 14 24 32 14 8 6 7 13 3 6 13 23 7 28 18 2 9 0 31 31 32 31 32 16 7 16 31 32 30 19 31 32 9 7 14 12 28 2 27 32 31 28 31 13 0 12 19 15 13 18 31 12 0 5 27 13 7
3 19 19 16 17 0 19 19 23 10 9 12 0 1 11 1 17 16 0 2 10 10 15 3 30 15 23 19 4 19 29 1 5 5 19 16 15 6 16 30 0 30 32 2 21 27 8 25 6 25 18 6 29 25 27 11 5 7 10 12 4 21 27 12 32 5 25 14 23 0 13 24 25 29 1 12 29 13 5 7 13 31 13 1 27 18 17 28 9 29 17 6 5 8 30 8 1 21 23 23 1 20 31 22 22 32 16 9 15 1 9 21 5 2 13 12 14 4 3 8 17 12 31 15 12 31 32 31 3 32 31 32 8 32 2 24 26 28 14 28 2 13 28 4 9 19 22 11 31 2 1 24 0 27 3 1 30 2 26 2
22 30 27 29 29 15 16 0 13 30 19 10 10 1 14 1 19 15 13 2 24 20 24 3 26 3 2 17 19 4 18 14 14 22 5 27 15 22 2 28 31 7 2 28 8 25 32 32 20 18 9 25 10 29 29 8 2 11 28 7 21 21 3 26 22 24 29 26 24 10 24 1 29 7 30 25 4 14 27 32 26 8 7 5 15 32 28 32 12 29 17 18 6 13 14 30 22 8 14 11 7 31 12 17 0 32 6 9 13 16 18 3 12 27 18 14 2 15 2 25 7 31 13 32 4 31 31 5 31 30 28 22 31 2 31 0 8 16 4 20 11 15 25 5 32 12 32 16 22 27 10 4 9 5 15 16 27 27 7 14
14 12 22 5 17 17 17 11 20 24 8 22 22 11 1 25 27 11 16 20 2 0 11 3 13 32 1 4 3 18 21 26 13 18 30 16 6 16 27 17 7 20 18 22 22 8 21 4 18 9 9 25 31 5 22 2 7 8 25 22 28 12 31 32 7 32 13 3 8 4 12 26 24 25 10 4 4 7 14 8 0 17 9 29 27 3 11 8 31 20 29 31 19 16 32 3 30 0 31 4 18 8 31 22 2 18 32 19 9 24 25 3 23 3 23 9 21 3 29 29 4 31 31 21 31 18 31 7 32 26 17 31 16 31 20 4 18 4 30 29 29 18 4 29 15 9 19 1 24 16 7 3 24 25 17 5 9 2 22 11
6 6 12 13 5 26 20 21 18 13 14 10 17 1 21 31 31 20 10 2 31 0 14 17 3 31 18 27 4 20 16 18 17 5 15 26 28 5 4 2 7 16 32 7 26 4 26 8 21 30 22 27 25 22 23 4 20 4 9 28 12 11 3 22 0 9 31 23 11 0 31 27 9 12 12 16 13 26 9 31 13 4 32 27 14 15 3 31 17 3 3 14 29 9 13 31 30 3 8 2 18 13 20 14 24 8 32 25 5 5 17 22 20 4 6 27 1 21 25 5 13 32 31 6 31 31 26 8 21 17 15 31 6 12 31 4 30 30 26 3 23 20 14 13 5 12 31 28 12 21 31 9 10 27 10 22 27 13 0 16
0 19 26 11 6 31 11 14 12 25 18 11 10 1 14 1 18 0 14 21 2 1 15 29 14 3 23 22 4 28 1 13 2 21 27 17 22 6 7 7 16 31 28 4 26 17 24 9 27 4 18 8 10 30 20 9 2 30 3 32 11 9 11 12 2 13 23 14 14 9 12 8 12 29 25 6 30 27 31 26 32 28 32 16 9 18 0 14 28 10 29 4 29 17 6 20 30 22 30 2 0 9 19 14 15 32 9 11 3 13 25 23 8 12 6 6 26 4 4 27 27 9 32 31 8 1 31 12 10 31 18 13 32 21 22 30 24 32 3 24 18 31 31 21 23 29 29 15 27 4 20 0 11 31 17 15 2 23 30 30
16 13 17 9 8 9 24 14 17 27 0 11 8 1 0 1 22 20 10 31 2 1 24 3 29 3 13 2 29 4 25 25 23 5 15 14 22 18 1 17 23 7 2 29 25 3 32 2 32 19 9 2 19 20 31 21 32 20 24 12 25 9 29 30 4 13 27 7 2 25 14 25 24 30 10 16 26 16 32 26 17 8 15 29 27 15 18 13 4 9 1 12 8 31 21 10 6 30 20 19 9 31 16 32 21 32 3 32 8 10 15 2 16 0 12 18 0 23 29 24 13 6 1 31 24 31 20 29 31 8 29 31 4 31 31 5 13 31 21 7 13 31 2 4 25 1 13 0 5 12 20 0 23 17 29 31 7 25 18 14
17 25 25 10 32 9 30 18 22 32 32 0 16 25 1 17 25 18 19 2 10 21 19 15 15 27 22 26 3 4 15 5 26 25 19 15 29 6 15 25 28 24 21 28 30 1 3 25 31 9 29 29 28 27 31 19 11 0 27 12 21 12 10 26 1 7 13 30 11 9 12 15 24 7 32 30 11 28 29 27 30 12 28 7 1 27 31 31 29 31 1 20 29 3 5 4 19 30 20 13 31 4 31 32 16 19 32 2 4 5 23 26 19 13 9 24 14 0 29 5 18 4 17 5 31 12 31 18 31 32 12 7 31 29 12 10 25 26 5 26 17 27 16 14 29 15 2 30 5 25 10 20 31 17 3 25 28 22 3 14
22 13 23 10 30 19 23 32 28 22 9 14 10 20 0 1 15 18 14 2 26 1 23 26 3 17 18 15 4 4 13 25 18 5 20 0 6 20 1 19 24 26 7 24 0 8 0 18 9 7 31 9 30 29 32 25 31 26 29 29 12 9 22 23 4 11 5 27 1 4 11 15 14 0 4 16 25 26 32 2 13 1 17 5 27 19 12 28 10 17 2 16 29 0 20 15 1 21 31 15 31 5 10 12 11 32 16 18 16 22 6 10 19 13 16 17 16 3 18 18 5 31 29 31 20 17 31 30 7 7 32 19 18 32 0 25 24 10 5 23 30 0 7 18 6 18 1 22 2 27 0 2 1 5 9 15 9 6 13 23
16 25 22 18 32 27 26 27 27 10 17 21 26 1 32 1 22 1 2 11 20 2 13 3 14 24 29 31 31 18 4 23 24 30 24 23 6 15 22 7 32 7 20 6 0 4 31 18 8 28 23 26 20 10 22 24 25 11 27 26 26 10 27 10 12 11 0 0 2 6 2 24 6 3 5 4 3 0 6 13 14 17 16 3 27 0 28 32 7 11 29 20 4 6 11 4 30 12 9 31 2 1 12 19 15 32 8 21 0 12 12 22 22 0 12 12 6 22 25 20 4 31 31 32 29 32 27 8 32 32 30 2 31 6 31 5 31 14 6 22 8 10 9 25 7 26 31 32 13 19 30 24 25 27 30 10 1 26 8 27
30 22 14 11 23 15 29 0 21 13 10 13 19 1 30 15 17 1 0 2 22 12 2 25 3 12 2 15 24 24 23 13 26 0 5 14 21 16 20 4 28 7 32 21 18 21 20 25 22 8 9 4 7 20 10 5 9 3 1 32 28 21 2 22 12 10 28 11 1 14 27 24 9 1 6 29 4 17 11 26 31 8 9 32 15 14 10 12 19 1 13 29 3 12 30 9 21 32 22 20 31 20 23 18 1 11 32 20 17 15 14 11 23 10 15 12 6 23 4 17 25 31 28 32 10 9 31 0 26 31 32 28 31 20 29 25 32 19 31 20 27 23 19 16 29 23 9 8 12 13 28 31 14 1 18 26 5 0 30 23
28 14 18 28 18 10 11 28 11 15 28 18 30 1 1 16 23 21 17 2 13 22 19 3 3 3 13 12 4 17 4 21 19 30 19 24 6 31 1 18 7 22 17 31 8 24 8 21 0 32 26 27 26 20 22 2 7 11 21 10 28 25 1 13 7 13 23 6 2 3 12 28 24 6 1 14 9 25 14 16 26 32 1 8 4 31 1 7 28 11 20 13 10 8 19 9 30 9 13 11 15 31 8 20 3 32 25 7 24 14 19 14 22 5 13 14 0 21 17 24 3 12 31 27 30 32 26 31 26 31 1 5 5 18 31 28 31 13 16 25 31 10 26 17 7 28 13 32 17 8 30 12 15 26 12 22 9 10 9 11
13 19 23 6 25 25 7 25 15 18 8 22 17 1 1 19 13 24 0 2 26 11 24 29 18 1 24 23 4 0 21 0 29 25 30 3 25 6 0 5 17 7 29 26 23 17 8 32 0 22 20 25 24 22 0 5 11 30 2 22 9 24 22 23 7 4 13 25 14 12 7 24 8 31 3 2 3 9 9 26 17 15 27 9 18 9 5 30 32 20 0 29 13 1 30 1 21 16 6 2 31 8 17 6 20 32 16 8 11 20 17 26 24 18 23 3 19 11 16 6 10 32 12 31 12 4 31 27 1 19 32 29 28 5 31 7 0 31 28 31 8 31 10 0 28 4 29 16 16 0 26 32 31 9 7 8 15 27 23 6
26 14 12 19 32 24 24 11 9 9 31 13 15 1 18 10 30 1 2 2 2 14 26 3 32 16 31 4 12 4 1 32 5 21 14 17 15 4 16 21 16 24 18 19 8 30 23 5 23 22 18 20 22 32 20 0 28 0 11 6 5 7 27 0 30 23 2 14 32 4 11 4 30 2 25 14 6 16 8 28 8 6 12 27 15 8 4 15 19 1 29 14 17 21 20 20 0 10 2 11 31 12 23 11 24 32 25 2 3 1 16 26 15 16 23 7 26 19 16 27 15 31 32 31 5 31 3 32 32 29 31 5 28 31 18 30 31 26 6 26 28 30 26 6 30 31 11 12 14 13 15 8 15 0 31 19 11 26 9 19
12 15 15 22 15 29 6 32 21 29 9 21 11 0 1 13 11 20 2 12 15 11 13 19 3 24 12 31 19 29 29 4 31 5 14 27 17 20 23 20 6 22 17 32 8 17 8 19 6 9 20 4 19 10 8 7 6 20 25 22 30 7 3 28 0 13 9 29 28 24 14 24 3 16 27 16 4 26 28 9 8 9 15 27 30 3 28 31 8 16 13 1 0 29 7 30 3 8 8 31 22 11 16 4 4 32 7 2 25 16 11 18 5 24 0 24 25 2 20 27 28 31 32 31 17 31 8 31 20 10 31 20 15 31 32 21 31 22 11 31 6 22 4 9 16 18 27 30 27 7 31 22 1 23 27 8 9 13 24 1
9 4 26 24 27 8 23 18 20 11 21 25 8 23 1 10 26 21 19 1 2 25 11 31 11 17 24 29 4 30 22 19 1 5 3 27 17 1 1 0 31 7 30 26 18 6 6 25 6 19 9 27 1 10 28 26 10 10 30 9 21 6 32 8 26 7 14 5 14 24 7 15 24 24 26 31 7 17 29 8 26 27 17 27 7 28 4 6 16 13 30 32 19 10 7 30 16 14 0 8 31 14 3 6 17 1 32 19 9 26 8 10 5 26 13 26 4 10 21 21 0 31 16 31 32 1 31 16 13 10 31 10 10 1 10 11 31 16 32 1 21 5 19 13 1 4 10 4 11 2 1 32 3 7 1 10 21 14 22 8
32 12 14 13 0 24 10 9 12 15 14 8 8 8 1 23 32 0 2 11 31 15 19 1 3 1 0 4 13 21 0 16 26 4 18 21 6 22 2 26 29 23 29 31 32 8 31 24 18 7 30 32 0 10 5 0 21 1 21 32 30 32 29 11 31 22 5 14 24 9 11 8 2 10 9 5 14 16 28 6 12 32 32 18 15 18 5 28 18 10 12 13 10 16 21 30 3 1 12 4 21 31 13 32 24 3 20 4 20 20 18 4 26 20 6 26 18 27 24 8 11 32 4 32 29 27 32 24 15 32 2 31 17 31 30 3 31 31 30 31 13 23 6 30 5 26 22 24 22 27 9 2 15 9 0 32 17 0 3 13
16 10 22 7 0 28 17 22 15 16 24 17 21 29 1 18 1 1 2 2 18 26 22 15 25 25 12 3 4 22 4 16 25 0 17 31 6 30 4 27 4 20 19 17 1 25 8 25 9 29 6 31 28 23 4 23 20 10 4 4 28 12 23 30 4 13 32 2 23 12 11 4 13 0 25 16 11 1 26 27 1 9 31 6 16 17 17 13 19 29 10 1 17 16 5 3 1 11 16 31 31 31 15 14 32 9 19 21 10 7 6 5 1 7 12 27 8 14 7 13 13 32 31 28 32 8 32 19 31 8 32 3 6 31 15 31 0 10 10 31 14 8 9 7 22 24 20 18 9 10 16 8 13 22 20 23 32 5 21 12
