n,sample_index,max_fidelity,ttime,cpu_time,generations
16,0,0.9509375822183012,64.00000000,13.90027833,10
16,1,0.9538572338549395,64.00000000,7.99377990,9
16,2,0.9509639587829776,65.00000000,7.94985271,9
16,3,0.960086600430631,65.00000000,8.00571823,9
16,4,0.9588877602246367,67.00000000,8.05999017,9
16,5,0.9526481709918128,67.00000000,8.01819825,9
16,6,0.9511037918085791,65.00000000,8.95323443,10
16,7,0.9589083168241641,64.00000000,8.05244112,9
16,8,0.95266888091587,64.00000000,7.21256208,8
16,9,0.9590683263790079,64.00000000,7.21837926,8
16,10,0.9541671608372806,64.00000000,8.06489086,9
16,11,0.9621785048915078,64.00000000,8.91529274,10
16,12,0.9651042638677063,65.00000000,8.01630831,9
16,13,0.9616703987909724,65.00000000,8.03620243,9
16,14,0.9528898194925558,66.00000000,9.01052475,10
16,15,0.9614135508227506,66.00000000,8.07039213,9
16,16,0.9539629480061774,64.00000000,6.28513837,7
16,17,0.9531661376900166,64.00000000,7.12681317,8
16,18,0.9576335344762235,65.00000000,8.11876416,9
16,19,0.9555067812288188,65.00000000,7.17015481,8
16,20,0.9536669790296685,65.00000000,7.15126085,8
16,21,0.9520845070022002,66.00000000,7.52262855,8
16,22,0.9534637466924917,64.00000000,7.15751648,8
16,23,0.9501644998681239,64.00000000,7.16194320,8
16,24,0.9574682388873298,65.00000000,8.02872801,9
16,25,0.959789139834549,65.00000000,7.13910294,8
16,26,0.9512790529791295,65.00000000,6.27806354,7
16,27,0.9635521069147095,64.00000000,8.03569508,9
16,28,0.9557188580892976,65.00000000,7.13549924,8
16,29,0.9588920715385394,64.00000000,8.92877364,10
17,0,0.953502005130891,69.00000000,8.27879262,9
17,1,0.9511208615164959,69.00000000,9.10820556,10
17,2,0.9572118606723417,68.00000000,8.60276127,9
17,3,0.9562994787599525,70.00000000,8.68614316,9
17,4,0.955189623530123,69.00000000,8.76158547,9
17,5,0.9538885973901046,69.00000000,8.42764616,9
17,6,0.9531749675949454,68.00000000,8.48790765,9
17,7,0.9510347921417234,68.00000000,7.48266172,8
17,8,0.9500000767914183,68.00000000,8.42577243,9
17,9,0.9518263293682409,69.00000000,8.41105604,9
17,10,0.9509693299861468,69.00000000,7.45612907,8
17,11,0.952717369449444,73.00000000,9.32538176,10
17,12,0.9658709639438869,68.00000000,8.37628603,9
17,13,0.9551255097902132,69.00000000,9.36134624,10
17,14,0.9565658536603987,69.00000000,9.38781404,10
17,15,0.952283216477729,69.00000000,8.43959141,9
17,16,0.9535301506958804,68.00000000,9.37985754,10
17,17,0.9593999828311229,70.00000000,8.47604513,9
17,18,0.9531614839994196,71.00000000,9.36414862,10
17,19,0.9640458760168742,69.00000000,8.38953996,9
17,20,0.9549408319096576,68.00000000,8.40138745,9
17,21,0.9519281174397352,69.00000000,6.53290725,7
17,22,0.9502119773606807,69.00000000,8.35102773,9
17,23,0.9511545388914833,69.00000000,8.40620255,9
17,24,0.9547399436759536,68.00000000,7.54670787,8
17,25,0.9653692097131883,72.00000000,9.33738589,10
17,26,0.9579231928372656,69.00000000,10.20276809,11
17,27,0.9584725920947951,69.00000000,8.34201121,9
17,28,0.9539072110919992,67.00000000,9.28825259,10
17,29,0.9614152803538369,68.00000000,8.30020547,9
18,0,0.9526111755737323,72.00000000,9.47121882,10
18,1,0.9519295554340648,71.00000000,8.59640193,9
18,2,0.9525728116138673,74.00000000,8.67935562,9
18,3,0.9502252553567175,72.00000000,9.58097601,10
18,4,0.9521659352165615,72.00000000,7.64179373,8
18,5,0.9569026126734614,72.00000000,8.63307333,9
18,6,0.9506240594861317,74.00000000,9.56136537,10
18,7,0.951683256312262,72.00000000,9.57149601,10
18,8,0.9596763563548808,72.00000000,9.59836698,10
18,9,0.952621204134331,72.00000000,8.63100910,9
18,10,0.9508934813232259,72.00000000,8.60455942,9
18,11,0.9534647873867597,73.00000000,8.59076858,9
18,12,0.9518050868342757,72.00000000,9.59303522,10
18,13,0.9533920450895728,77.00000000,9.61147237,10
18,14,0.9554673438706952,71.00000000,8.61909389,9
18,15,0.9524704341005535,72.00000000,8.62567925,9
18,16,0.9649611412271025,80.00000000,10.60900760,11
18,17,0.952808375338006,72.00000000,8.61982679,9
18,18,0.9515090476997399,73.00000000,10.50435257,11
18,19,0.9625673897281471,72.00000000,8.63340259,9
18,20,0.9623832237082257,73.00000000,9.56595016,10
18,21,0.9525425381873401,73.00000000,9.64939761,10
18,22,0.9525248465187643,72.00000000,7.63376045,8
18,23,0.955553707458074,72.00000000,10.58455515,11
18,24,0.9553887865187882,72.00000000,8.62103009,9
18,25,0.9527735165218548,71.00000000,9.61458898,10
18,26,0.9628903248407167,72.00000000,9.58023429,10
18,27,0.9550089498184076,72.00000000,8.59884906,9
18,28,0.9542058752668114,72.00000000,9.58650422,10
18,29,0.951402959430749,73.00000000,8.67855000,9
19,0,0.9513630829722456,76.00000000,9.16382217,9
19,1,0.9545529070070037,77.00000000,9.92290497,10
19,2,0.9518002872835476,76.00000000,7.85436392,8
19,3,0.9549028900702836,76.00000000,10.90699387,11
19,4,0.9536450939655466,77.00000000,10.77566504,11
19,5,0.9537657717594669,75.00000000,9.87288952,10
19,6,0.9585560377605035,77.00000000,8.89408016,9
19,7,0.9594539453755194,76.00000000,9.90537524,10
19,8,0.9502898784599696,77.00000000,8.93351960,9
19,9,0.9504548467880163,76.00000000,8.89906621,9
19,10,0.9534081312679944,76.00000000,9.90160465,10
19,11,0.9511667057394273,76.00000000,10.85719347,11
19,12,0.9574763692063061,75.00000000,9.90142655,10
19,13,0.950691066774697,77.00000000,9.94960046,10
19,14,0.9549386382074655,76.00000000,10.18090296,10
19,15,0.9505748227978441,76.00000000,9.89810514,10
19,16,0.9504579664930248,76.00000000,9.90235257,10
19,17,0.9590695055073474,76.00000000,11.59759164,10
19,18,0.9635556431271469,75.00000000,12.25751662,12
19,19,0.9570684208101758,76.00000000,10.20631671,10
19,20,0.9506434977020131,77.00000000,8.40344477,8
19,21,0.9556625858974256,76.00000000,10.57428646,10
19,22,0.9508590223082839,76.00000000,9.21084547,9
19,23,0.9516735136603229,75.00000000,10.11439919,10
19,24,0.9532862605589225,75.00000000,10.01048422,10
19,25,0.9537278498832774,75.00000000,10.13314128,10
19,26,0.9534465280246449,75.00000000,10.84633732,10
19,27,0.9568312267442276,75.00000000,13.68080831,12
19,28,0.9531359152097167,77.00000000,12.70292234,11
19,29,0.9505906834455893,75.00000000,12.62447429,11
20,0,0.9553241674956195,81.00000000,11.44195342,11
20,1,0.9651150919699618,79.00000000,10.43332291,10
20,2,0.9610945874898772,80.00000000,10.88011718,10
20,3,0.953333795235352,80.00000000,12.30679870,11
20,4,0.9531469174654787,82.00000000,12.41290164,12
20,5,0.9548417704280437,80.00000000,9.21212530,9
20,6,0.9528380285962221,79.00000000,12.33932304,12
20,7,0.9500365434150305,79.00000000,11.36483002,11
20,8,0.9570045550916965,80.00000000,11.27354670,11
20,9,0.9582486833250361,80.00000000,9.23223281,9
20,10,0.9523081069793574,78.00000000,12.35302544,12
20,11,0.9599851850584432,79.00000000,10.27840471,10
20,12,0.9514617350922647,79.00000000,11.53562450,11
20,13,0.9517703799962446,80.00000000,11.31057167,11
20,14,0.9517251532842095,79.00000000,9.42074800,9
20,15,0.9549486560301487,79.00000000,10.45093274,10
20,16,0.9540666296621805,83.00000000,12.13321924,11
20,17,0.9560904639808614,79.00000000,10.56803274,10
20,18,0.9514529151228487,79.00000000,11.27775431,11
20,19,0.9552387065980524,80.00000000,10.35211635,10
20,20,0.9519264227386441,80.00000000,11.22137737,11
20,21,0.9517089541480152,79.00000000,10.93655086,10
20,22,0.9501286140370376,80.00000000,9.88615918,9
20,23,0.9610906436474962,79.00000000,12.08412647,11
20,24,0.951137459018569,80.00000000,11.35070682,10
20,25,0.952592628182616,79.00000000,12.63080359,11
20,26,0.9570995679872176,80.00000000,12.43388009,11
20,27,0.9581463357127125,81.00000000,13.60265326,12
20,28,0.9517188020186527,80.00000000,11.30303764,10
20,29,0.9559899891123449,81.00000000,12.49222183,11
21,0,0.9505776980358559,83.00000000,12.95940781,11
21,1,0.9541681189285378,82.00000000,10.77236986,9
21,2,0.9513939031000762,83.00000000,13.32985616,11
21,3,0.9569341533720577,82.00000000,13.33976650,11
21,4,0.954722597045903,82.00000000,14.48366475,12
21,5,0.9608542309029825,83.00000000,15.66549873,13
21,6,0.9500799863470477,83.00000000,12.07430434,10
21,7,0.9524063941322843,82.00000000,12.84756160,11
21,8,0.9603083285800247,82.00000000,13.84836078,12
21,9,0.9598198865225016,84.00000000,13.93249488,12
21,10,0.9615140446264305,90.00000000,14.16275716,12
21,11,0.9539277063256206,90.00000000,14.24715018,12
21,12,0.9538178693739445,84.00000000,12.56583619,11
21,13,0.9512875804868685,83.00000000,12.51043320,11
21,14,0.9529768805123564,83.00000000,11.18860960,10
21,15,0.9545435827893821,83.00000000,13.46199226,12
21,16,0.9621455010131202,85.00000000,12.51984000,11
21,17,0.9520023877954787,84.00000000,12.38726735,11
21,18,0.9619916983466399,83.00000000,13.51494575,12
21,19,0.9512496663167516,83.00000000,11.93152189,11
21,20,0.9542648895605379,86.00000000,11.52258897,11
21,21,0.9614483069866093,90.00000000,12.50193739,12
21,22,0.9500633848616006,85.00000000,10.39418221,10
21,23,0.952605500301756,82.00000000,12.50072598,12
21,24,0.9553282002359849,85.00000000,12.52116179,12
21,25,0.9517789149412691,84.00000000,12.83036280,11
21,26,0.9543750636974544,84.00000000,12.98537040,11
21,27,0.9526919960913278,83.00000000,15.52833033,13
21,28,0.9511949299790757,84.00000000,13.33725810,11
21,29,0.9526767918385326,83.00000000,12.04379296,10
22,0,0.9504770220214256,86.00000000,12.53260779,11
22,1,0.952435936024167,87.00000000,12.71801019,12
22,2,0.9584955221073364,86.00000000,11.64095592,11
22,3,0.9558178762622483,86.00000000,12.60394716,12
22,4,0.9542119817812186,88.00000000,10.46946359,10
22,5,0.9554803143685218,101.00000000,9.40050578,9
22,6,0.9517495396842865,89.00000000,11.59426141,11
22,7,0.9536285113511608,87.00000000,11.84638000,11
22,8,0.9636942514319184,94.00000000,13.48989153,13
22,9,0.9528110505038082,86.00000000,11.45588493,11
22,10,0.9526626307840644,87.00000000,11.50170231,11
22,11,0.9520028101974183,86.00000000,12.40518904,12
22,12,0.9501367324786795,87.00000000,9.36942172,9
22,13,0.9517357687366235,92.00000000,11.42497420,11
22,14,0.9520297657088916,86.00000000,9.33872652,9
22,15,0.9522158616268076,96.00000000,10.49592352,10
22,16,0.9552472050582553,87.00000000,11.51357245,11
22,17,0.953405481406105,89.00000000,11.51483893,11
22,18,0.9515010238691296,86.00000000,12.55977654,12
22,19,0.9581352930192655,86.00000000,12.46047235,12
22,20,0.9536182416035304,86.00000000,15.23230314,13
22,21,0.9528124705448253,91.00000000,14.72709298,12
22,22,0.9558324329799596,87.00000000,14.90099621,12
22,23,0.9601033542773805,87.00000000,14.52469897,12
22,24,0.952329096387941,86.00000000,15.47205234,13
22,25,0.9521528364892903,86.00000000,12.84419179,11
22,26,0.9528439628910534,86.00000000,14.23219681,12
22,27,0.9525910886343762,87.00000000,14.21135569,12
22,28,0.95319733162963,89.00000000,14.27225804,12
22,29,0.9520771556116471,86.00000000,13.25360966,11
23,0,0.9545900414097097,93.00000000,15.48429275,12
23,1,0.9546783597799585,89.00000000,15.70999956,14
23,2,0.9520373601625437,90.00000000,10.62847829,10
23,3,0.9504002663104626,90.00000000,12.68046522,12
23,4,0.9686109200710931,90.00000000,14.95027471,14
23,5,0.9583820540829611,91.00000000,9.51586270,9
23,6,0.9501230230661347,90.00000000,11.65706277,11
23,7,0.9534100566390535,89.00000000,13.51515388,12
23,8,0.9581636858322775,89.00000000,17.69421268,14
23,9,0.951380305113881,90.00000000,13.69067192,11
23,10,0.9507000012496667,97.00000000,15.84931517,13
23,11,0.9556334729724344,90.00000000,16.10264707,14
23,12,0.9523304710898106,102.00000000,12.69230723,11
23,13,0.9525009075684759,91.00000000,12.60034180,11
23,14,0.9580938212867913,90.00000000,13.69723368,12
23,15,0.9500496478736434,90.00000000,12.52927613,11
23,16,0.9569035947375268,90.00000000,13.72553968,12
23,17,0.9529519196408602,89.00000000,14.96949172,13
23,18,0.9554626810002269,92.00000000,14.96102834,13
23,19,0.9579627994433696,94.00000000,13.82775307,12
23,20,0.9550500737638135,91.00000000,12.62714887,11
23,21,0.9539794265085926,91.00000000,13.75976181,12
23,22,0.951795089764877,91.00000000,13.77584004,12
23,23,0.9551186780613877,90.00000000,14.06346822,12
23,24,0.9509405390779966,92.00000000,13.32850218,11
23,25,0.9523029665238244,91.00000000,14.41452074,12
23,26,0.9513978688882029,90.00000000,11.90974307,10
23,27,0.9522565885912209,90.00000000,14.01306891,12
23,28,0.9526327772385702,92.00000000,13.04938865,12
23,29,0.9546156084979693,101.00000000,14.70177364,12
24,0,0.9511259326084716,93.00000000,13.52277231,11
24,1,0.9524604511635999,96.00000000,14.66323376,12
24,2,0.952660924117707,95.00000000,12.94975042,12
24,3,0.9518840644725953,93.00000000,15.15256166,14
24,4,0.9504659334534313,95.00000000,14.11295581,13
24,5,0.950276790928403,93.00000000,11.90143251,11
24,6,0.9545327512971182,93.00000000,12.99281693,12
24,7,0.9509373642245768,93.00000000,15.21191740,14
24,8,0.956381584176336,99.00000000,13.99175525,13
24,9,0.9512165404879539,95.00000000,14.12260866,13
24,10,0.951614328650161,93.00000000,14.05989218,13
24,11,0.9512025914288472,93.00000000,14.12748122,13
24,12,0.9514388106842947,94.00000000,12.97114229,12
24,13,0.9516598416377745,93.00000000,11.97066808,11
24,14,0.9515455716484589,93.00000000,14.18822694,13
24,15,0.9500400532878718,95.00000000,12.28557324,10
24,16,0.9563305499550316,94.00000000,16.53456736,14
24,17,0.9522932401161377,93.00000000,13.41962290,11
24,18,0.9512108100303182,94.00000000,14.96892405,12
24,19,0.9553923660441246,101.00000000,18.79058361,15
24,20,0.9526063486952462,93.00000000,16.21538258,13
24,21,0.9500122837784323,94.00000000,12.60363293,10
24,22,0.9552537992695527,94.00000000,15.88933206,13
24,23,0.952297528689179,95.00000000,15.03647447,12
24,24,0.9529352905868563,101.00000000,16.15028954,13
24,25,0.9519310066868439,97.00000000,16.00726223,13
24,26,0.9502024793074381,94.00000000,16.06208134,13
24,27,0.9542749791478625,98.00000000,15.11208248,12
24,28,0.9565189791552404,93.00000000,13.73004436,12
24,29,0.9518269481673648,94.00000000,12.83834553,11
25,0,0.9503421738390007,98.00000000,13.69271016,11
25,1,0.9557791984203629,97.00000000,18.98255014,15
25,2,0.9549537333117583,96.00000000,18.06651473,14
25,3,0.9531118277918007,99.00000000,15.63235903,13
25,4,0.9504103239039211,97.00000000,11.02684140,10
25,5,0.9572682930809743,98.00000000,14.49676752,13
25,6,0.9546691738105907,98.00000000,13.48675132,12
25,7,0.9511366472964131,97.00000000,15.50724626,14
25,8,0.9527074476360679,96.00000000,14.70229459,13
25,9,0.9523527038604203,97.00000000,16.62108040,15
25,10,0.9532926612098471,98.00000000,14.14527178,12
25,11,0.9515023066930528,99.00000000,16.93162727,14
25,12,0.9534536378960813,97.00000000,15.65135145,14
25,13,0.9518148912809818,107.00000000,16.64661169,14
25,14,0.952209626322041,98.00000000,18.29744768,13
25,15,0.9549745048307848,97.00000000,16.91207361,13
25,16,0.9648500701134848,97.00000000,17.82043290,14
25,17,0.9527600668267454,98.00000000,16.55555272,13
25,18,0.9523720831549567,98.00000000,14.36187959,11
25,19,0.9540280061303003,97.00000000,15.68229413,12
25,20,0.9515049576552049,97.00000000,16.31765938,13
25,21,0.9542136717209623,97.00000000,14.73885965,12
25,22,0.9532332249606098,97.00000000,16.17029214,13
25,23,0.9560500962888434,99.00000000,17.44569087,14
25,24,0.9549194778128179,96.00000000,16.23368979,13
25,25,0.9589501873167187,97.00000000,13.56871796,11
25,26,0.9512590472276499,96.00000000,18.76760554,15
25,27,0.9546786941450387,97.00000000,14.76682734,12
25,28,0.9562108716443521,97.00000000,16.65460753,13
25,29,0.9556639244065565,98.00000000,16.68302298,13
26,0,0.9592242482369545,102.00000000,19.37176013,15
26,1,0.955923968014634,100.00000000,15.92276001,14
26,2,0.9542120269377113,101.00000000,17.19561076,15
26,3,0.9563638897084394,108.00000000,16.20608568,14
26,4,0.9574070520800029,107.00000000,13.52579951,12
26,5,0.9579634624790184,101.00000000,17.00454974,15
26,6,0.9557232046094364,102.00000000,14.82540393,13
26,7,0.9582224802830059,101.00000000,15.79710412,14
26,8,0.9507702015800191,101.00000000,15.75229907,14
26,9,0.9500226353213405,101.00000000,12.39263916,11
26,10,0.9521041773654146,100.00000000,15.97095275,14
26,11,0.9521845468842429,101.00000000,17.48133636,15
26,12,0.9516152526124837,100.00000000,17.16364360,14
26,13,0.9528731906825926,101.00000000,16.10092115,13
26,14,0.9515095923820204,111.00000000,18.64516592,15
26,15,0.951539977590339,101.00000000,14.75829768,12
26,16,0.95251863223027,101.00000000,18.77206731,15
26,17,0.9529330899228569,101.00000000,14.62106371,12
26,18,0.9501967267895598,100.00000000,17.70585847,14
26,19,0.9547514125253844,101.00000000,16.97816467,15
26,20,0.9514409593767673,100.00000000,15.85028648,14
26,21,0.9528433918500431,100.00000000,15.83818650,14
26,22,0.9533244412220748,100.00000000,15.92003798,14
26,23,0.9513299427682849,100.00000000,17.06155181,15
26,24,0.9522746736727349,100.00000000,14.71812415,13
26,25,0.9512402578786072,102.00000000,15.90811634,14
26,26,0.9507203673079972,105.00000000,15.97119236,14
26,27,0.950909527216122,100.00000000,13.51426435,12
26,28,0.9528557929200503,100.00000000,15.72215223,14
26,29,0.9510266069745716,103.00000000,15.73006606,14
27,0,0.9522280274013261,104.00000000,13.87431955,12
27,1,0.9523209109510102,108.00000000,17.35850787,15
27,2,0.9507006027597471,104.00000000,15.06850386,13
27,3,0.9515019229100949,104.00000000,14.96720529,13
27,4,0.9547532198588824,108.00000000,17.35648966,15
27,5,0.9519631371309348,106.00000000,13.89478922,12
27,6,0.9534685859761871,104.00000000,17.38922381,15
27,7,0.951850463470119,107.00000000,18.43752408,16
27,8,0.9516084197519818,104.00000000,16.21675587,14
27,9,0.9523571134104777,103.00000000,17.35673976,15
27,10,0.9578664290337315,104.00000000,15.06960392,13
27,11,0.9627313409788673,107.00000000,13.89566898,12
27,12,0.9572425565063827,104.00000000,16.25531816,14
27,13,0.9554497486743966,106.00000000,16.04425621,13
27,14,0.9505211797522557,105.00000000,19.04096484,14
27,15,0.956375749275532,130.00000000,18.60025978,16
27,16,0.9502763782772978,118.00000000,17.77821517,15
27,17,0.9548104726352333,104.00000000,13.88797259,12
27,18,0.9536554350047548,104.00000000,15.04219866,13
27,19,0.9561202033018157,112.00000000,17.25601459,15
27,20,0.9505108090017109,104.00000000,16.19265771,14
27,21,0.9536616112581502,105.00000000,16.06389523,14
27,22,0.9510638317358685,104.00000000,16.20453978,14
27,23,0.9514715631418924,105.00000000,18.39521146,16
27,24,0.9548325394514724,105.00000000,17.39447832,15
27,25,0.9511769465424169,103.00000000,18.57472301,16
27,26,0.9528536815931123,105.00000000,16.18593001,14
27,27,0.9590459758956914,106.00000000,17.60259914,15
27,28,0.952967332540119,103.00000000,17.51649880,15
27,29,0.955442855376523,107.00000000,20.18703961,17
28,0,0.9501072637729682,108.00000000,19.31837487,16
28,1,0.9501774043286022,116.00000000,16.88147044,14
28,2,0.9523641078717633,108.00000000,15.64085889,13
28,3,0.9515795474074461,107.00000000,21.63644743,18
28,4,0.9507325047775091,107.00000000,17.94261122,15
28,5,0.9634118617723362,120.00000000,17.76444030,15
28,6,0.9506304907333814,108.00000000,12.70006800,11
28,7,0.9559485720664297,107.00000000,15.13576412,13
28,8,0.9503717978234052,108.00000000,13.92759752,12
28,9,0.9522831976265874,112.00000000,17.91611671,15
28,10,0.9523704232971888,109.00000000,17.37396693,15
28,11,0.9510774527212806,107.00000000,16.32319021,14
28,12,0.9660638299285585,107.00000000,16.31705165,14
28,13,0.9538249811906216,108.00000000,16.46656108,14
28,14,0.9548174501067899,110.00000000,19.91922569,17
28,15,0.9532176907375837,108.00000000,18.66252637,16
28,16,0.9548478135451909,107.00000000,15.26989865,13
28,17,0.9555375547611665,109.00000000,17.56815243,15
28,18,0.9521330424339334,109.00000000,19.07671070,15
28,19,0.9604539466953155,119.00000000,17.63174105,15
28,20,0.9503360380066693,108.00000000,17.55482745,15
28,21,0.9505378923746409,107.00000000,14.00146103,12
28,22,0.9532656251621728,109.00000000,15.31364059,13
28,23,0.9502448986658361,107.00000000,19.03134489,15
28,24,0.9502417923464052,107.00000000,18.76958179,14
28,25,0.9543363776355004,112.00000000,16.97419167,14
28,26,0.9520690895540618,107.00000000,17.64003825,15
28,27,0.9527138588319818,107.00000000,15.15062237,13
28,28,0.9509388685928916,109.00000000,14.57393813,12
28,29,0.9523713608412884,107.00000000,21.81827092,16
29,0,0.9515351061919981,111.00000000,22.03885055,16
29,1,0.9514354613709278,118.00000000,23.48781276,18
29,2,0.9529200298478275,112.00000000,21.56140065,18
29,3,0.952032943767116,111.00000000,16.78349924,14
29,4,0.9568169144871573,118.00000000,18.21453142,15
29,5,0.9502598142623994,112.00000000,24.21498394,16
29,6,0.9553655694455627,123.00000000,20.63882303,16
29,7,0.9554675134204277,111.00000000,18.28169703,15
29,8,0.9531156347357821,112.00000000,15.95410085,13
29,9,0.9524572311938069,118.00000000,25.66520023,19
29,10,0.9533649054200649,111.00000000,17.55222583,14
29,11,0.9515772227501771,111.00000000,17.96450281,15
29,12,0.9504735756906897,112.00000000,18.03764510,15
29,13,0.954460990674879,110.00000000,20.64447141,17
29,14,0.9506848252158524,111.00000000,19.36373639,16
29,15,0.9529836341160205,111.00000000,17.09174490,14
29,16,0.9508284626937336,111.00000000,18.14626336,15
29,17,0.9560472230622111,111.00000000,20.25466442,17
29,18,0.9511785980697033,111.00000000,20.28169203,17
29,19,0.9538668800159555,125.00000000,20.26534462,17
29,20,0.9517129378843916,112.00000000,19.02832890,16
29,21,0.9501091160913858,111.00000000,16.58538294,14
29,22,0.9516390003952018,111.00000000,20.21741176,17
29,23,0.9521087517948845,113.00000000,20.56090713,15
29,24,0.9541562339551992,111.00000000,19.30209255,14
29,25,0.9508802806878751,118.00000000,21.82668972,16
29,26,0.9519479487109135,112.00000000,21.71845484,16
29,27,0.951870257902862,111.00000000,19.04316306,15
29,28,0.9547853134829715,111.00000000,15.66295695,13
29,29,0.9512147397871757,113.00000000,16.72007084,14
30,0,0.9520430296929182,115.00000000,20.86648703,17
30,1,0.9546367170547765,121.00000000,19.71967840,16
30,2,0.954845409036079,117.00000000,20.43012357,17
30,3,0.9541345592775616,114.00000000,20.53863358,17
30,4,0.9527546580008152,122.00000000,21.70960999,18
30,5,0.9587303790216918,114.00000000,18.07179570,15
30,6,0.9509065692335522,115.00000000,18.23674679,15
30,7,0.9551117142424236,116.00000000,23.31264329,19
30,8,0.9567269854561997,115.00000000,18.25316429,15
30,9,0.952596961364361,121.00000000,18.33307457,15
30,10,0.9505241789277243,115.00000000,20.69543529,17
30,11,0.951517484301155,115.00000000,17.12298155,14
30,12,0.9560716013116385,117.00000000,18.32440400,15
30,13,0.9507849843973779,115.00000000,22.20819497,18
30,14,0.9509298341386746,114.00000000,19.58751917,16
30,15,0.9523924168251734,121.00000000,17.13686562,14
30,16,0.9514439120842713,115.00000000,18.56006765,15
30,17,0.9504205694768605,115.00000000,16.25164151,13
30,18,0.9521997602749889,115.00000000,21.76752663,17
30,19,0.9513791067983882,114.00000000,20.71967793,15
30,20,0.9514789967867511,124.00000000,20.33678603,15
30,21,0.9508962590830354,115.00000000,21.93930316,16
30,22,0.9554966718521348,115.00000000,18.90542722,14
30,23,0.9519165159539733,114.00000000,21.66212845,16
30,24,0.9512834746209289,123.00000000,20.06014514,15
30,25,0.9530785449803195,115.00000000,23.55987000,17
30,26,0.9504310221402643,114.00000000,21.92016482,17
30,27,0.9544286653627816,120.00000000,15.33490133,12
30,28,0.9598175617975735,123.00000000,24.28892589,19
30,29,0.9544178327914079,114.00000000,18.45557165,15
31,0,0.9543260662801151,119.00000000,21.13593149,17
31,1,0.9591423026029909,122.00000000,21.09399343,17
31,2,0.9523424980625202,118.00000000,19.91837955,16
31,3,0.9510576212679129,119.00000000,18.58528399,15
31,4,0.9554715263344704,124.00000000,19.75930858,16
31,5,0.9543653216965138,120.00000000,24.98950076,18
31,6,0.9509188677837803,121.00000000,24.67687654,17
31,7,0.9504600869004057,118.00000000,22.57645774,17
31,8,0.9513054926718636,120.00000000,22.69588423,17
31,9,0.9538943454364976,118.00000000,18.57834482,14
31,10,0.9500345871340502,128.00000000,19.91147399,15
31,11,0.9547007206306337,130.00000000,26.59399962,20
31,12,0.958763344615652,120.00000000,22.50563145,17
31,13,0.9526864637679475,126.00000000,22.56930280,17
31,14,0.9523071905907374,118.00000000,21.11973214,16
31,15,0.95069596404379,132.00000000,23.69460773,18
31,16,0.9560200316846633,125.00000000,25.49125719,19
31,17,0.9550791603382436,119.00000000,19.64112878,15
31,18,0.9513150753915006,118.00000000,20.35340524,16
31,19,0.9533678438253856,118.00000000,19.74871564,15
31,20,0.9511986412580709,118.00000000,25.01641202,18
31,21,0.9562234960469257,129.00000000,26.85552883,19
31,22,0.9561872911755138,120.00000000,24.42447996,17
31,23,0.9507267169830154,119.00000000,24.41218281,17
31,24,0.9542240192533911,130.00000000,23.80414724,17
31,25,0.9613320895008022,120.00000000,25.06231046,18
31,26,0.9523519771508395,119.00000000,24.80246687,18
31,27,0.9549086295330198,127.00000000,24.66105938,18
31,28,0.9559505830054418,122.00000000,26.41338944,19
31,29,0.9554191099467337,121.00000000,20.39892149,16
32,0,0.9511773755007735,121.00000000,22.77057433,18
32,1,0.9625451717990229,133.00000000,23.89394212,19
32,2,0.9533349111269216,122.00000000,22.88076138,18
32,3,0.9535077787784492,129.00000000,23.92712736,19
32,4,0.9568001699154165,128.00000000,21.49868870,17
32,5,0.9538839911798367,125.00000000,22.67256021,18
32,6,0.9545919568965899,122.00000000,20.22244334,16
32,7,0.9555239839250652,124.00000000,21.40973520,17
32,8,0.9513430944646191,122.00000000,22.71877980,18
32,9,0.9512308747742909,122.00000000,20.03547144,16
32,10,0.9514857583890984,121.00000000,22.52587223,18
32,11,0.9521942844787706,122.00000000,25.04884434,20
32,12,0.9521488221426897,124.00000000,21.22039080,17
32,13,0.9596306216247328,123.00000000,23.95986915,19
32,14,0.9533091827661093,122.00000000,21.35481882,17
32,15,0.9523063575863828,127.00000000,22.73020411,17
32,16,0.9556355556618794,121.00000000,20.27689290,16
32,17,0.9543042897572005,135.00000000,21.22909069,17
32,18,0.9505213466277695,122.00000000,21.30394912,17
32,19,0.9529997580214052,122.00000000,20.05836201,16
32,20,0.950382775092551,122.00000000,21.31741476,17
32,21,0.9512378658155464,122.00000000,21.33157063,17
32,22,0.9524943045405542,122.00000000,22.59472656,16
32,23,0.9539460166595699,132.00000000,22.82996464,16
32,24,0.9573984894767547,129.00000000,23.67829347,18
32,25,0.9557367341656051,138.00000000,23.88671660,19
32,26,0.952737156930896,140.00000000,24.97907448,20
32,27,0.9541051376430588,122.00000000,21.19784641,17
32,28,0.9536831658192236,135.00000000,23.83875442,19
32,29,0.9527841286912548,132.00000000,22.50778651,18
