4 12 12 12 12 12 1 1 1 1 1 13 13 13 13 13 10 10 10 10 10 15 15 15 15 15 15 15 15 15 15 15 15 15 15 15 1 1 1 1 1 1 1 1 1 1 0 0 0 0 0 0 0 0 0 0 6 6 6 6 6 4 4 4 4 4 10 10 10 10 10 9 9 9 9 9 3 3 3 3 3 3 3 3 3 3 6 6 6 6 6 11 11 11 11 11 2 2 2 2 2 1 1 1 1 1 5 5 5 5 5 9 9 9 9 9 7 7 7 7
9 9 9 9 9 9 12 12 12 12 12 5 5 5 5 5 1 1 1 1 1 3 3 3 3 3 4 4 4 4 4 2 2 2 2 2 1 1 1 1 1 15 15 15 15 15 8 8 8 8 8 8 8 8 8 8 10 10 10 10 10 0 0 0 0 0 0 0 0 0 0 9 9 9 9 9 3 3 3 3 3 7 2 2 2 2 3 3 3 3 3 11 11 11 11 11 5 5 5 5 5 8 8 8 8 8 8 8 8 8 8 2 2 2 2 2 11 11 11 11
0 5 5 5 5 5 12 12 12 12 12 1 1 1 1 1 0 0 0 0 0 0 0 0 11 0 8 8 8 8 8 8 8 8 8 8 8 8 8 8 8 10 10 10 10 10 3 3 3 3 3 8 8 8 8 8 2 2 2 2 2 8 8 8 8 8 15 15 15 15 15 15 15 15 15 15 5 5 5 5 5 1 1 1 1 1 11 11 11 11 11 15 15 15 15 15 0 0 0 0 0 5 5 5 5 5 3 3 3 3 4 3 3 3 3 3 7 7 7 7
9 2 2 2 2 2 6 6 6 6 6 10 10 10 10 10 1 1 1 1 1 8 8 8 8 8 12 12 12 12 12 11 11 11 11 11 3 3 3 3 3 2 2 2 2 2 1 1 1 1 1 6 6 6 6 6 7 7 7 7 6 7 7 7 7 7 9 9 9 9 9 5 5 5 5 5 5 5 5 5 5 11 11 11 11 11 9 9 9 9 9 12 12 12 12 12 2 7 7 7 7 15 15 15 15 15 8 8 8 8 8 8 8 8 8 8 5 5 5 5
15 15 15 15 15 15 1 1 1 1 1 11 11 11 11 11 14 14 14 14 14 1 1 1 1 1 11 11 11 11 11 11 11 11 11 11 4 4 4 4 4 13 13 13 13 13 15 15 15 15 15 9 9 9 9 9 9 9 9 9 9 8 8 8 8 8 2 2 2 2 2 6 6 6 6 6 6 6 6 6 6 11 11 11 11 11 3 3 3 3 3 6 6 6 6 6 14 14 14 14 14 9 9 9 9 9 10 10 5 10 10 10 10 10 10 10 15 15 15 15
7 13 13 13 13 13 13 13 13 13 13 15 15 15 15 15 5 5 5 5 5 3 3 3 3 3 8 8 8 8 8 12 12 12 4 12 14 14 14 14 14 14 14 14 14 14 5 5 5 5 5 1 1 1 1 9 15 15 15 15 15 4 4 4 4 4 4 4 4 4 4 11 11 11 11 11 4 4 4 4 4 4 4 4 4 4 11 11 11 11 11 14 14 14 14 14 4 4 4 4 4 4 4 4 4 4 12 12 12 12 12 8 8 8 8 8 8 8 8 8
8 14 14 14 14 14 1 1 1 1 1 10 10 10 10 10 0 0 0 0 0 15 15 15 15 15 15 15 15 15 15 7 7 7 7 7 9 9 9 9 9 2 2 2 2 2 11 11 11 11 11 3 3 3 3 3 8 8 8 8 8 10 10 10 10 10 1 1 1 1 1 9 9 9 9 9 12 12 12 12 12 15 15 15 15 15 7 7 7 7 7 7 7 7 7 7 6 6 6 6 6 11 11 11 11 11 1 1 1 1 1 9 9 9 9 9 6 6 6 6
2 2 2 2 2 2 12 12 12 12 12 1 1 1 1 1 10 10 10 10 10 9 9 9 9 9 9 9 9 9 9 13 13 13 13 13 12 12 12 12 12 15 2 15 15 15 6 6 6 6 6 8 8 8 8 8 8 8 12 8 8 0 0 0 0 0 8 8 8 8 8 6 6 6 6 6 3 3 3 3 3 5 5 5 5 5 2 2 2 2 2 11 11 11 11 11 2 2 2 2 2 7 7 7 7 7 4 4 4 4 4 6 6 6 6 6 9 9 9 9
11 9 9 9 9 9 1 1 1 1 1 8 8 8 8 8 13 13 13 13 13 13 13 13 13 13 8 8 8 8 8 14 14 14 14 14 14 14 14 14 14 1 1 1 1 1 5 5 5 5 5 3 3 3 3 3 1 1 1 1 1 15 15 15 15 15 4 4 4 4 4 11 11 11 11 11 7 7 7 7 7 9 9 9 9 9 5 5 5 5 5 11 11 11 11 11 8 8 8 8 8 9 9 9 9 9 9 9 9 9 9 4 4 4 4 4 4 4 4 4
8 6 6 6 6 6 0 0 0 0 0 9 9 9 9 9 11 11 11 11 11 5 5 5 5 5 3 3 3 3 3 2 2 2 2 2 2 2 2 2 2 0 0 0 0 0 2 2 2 2 2 1 1 1 1 1 15 15 15 15 15 0 0 0 0 0 7 7 7 7 7 1 1 1 1 1 6 6 6 6 6 6 6 6 6 6 11 11 11 11 11 15 15 15 15 15 15 15 15 15 15 8 8 8 8 8 8 8 8 8 8 7 7 7 7 7 14 2 14 14
