8 8 8 8 8 8 8 8 8 8 8 8 8 8 1 9 12 12 12 2 12 12 3 3 3 13 0 0 0 0 0 0 11 11 5 0 0 16 5 5 5 2 7 4 16 4 7 7 7 7 10 7 7 7 7 1 12 12 12 12 12 0 1 16 16 16 13 0 4 4 3 15 3 11 11 15 0 3 15 11
10 16 10 6 6 6 10 10 10 10 10 14 12 1 12 12 12 12 12 2 12 1 13 2 12 12 3 1 1 1 5 5 1 1 1 1 1 1 16 3 16 1 16 3 5 5 0 4 4 4 10 10 10 7 1 1 0 8 7 3 16 16 16 13 12 10 2 15 4 15 15 6 13 6 15 6 6 10 15 10
14 7 5 5 5 14 11 11 11 11 11 14 14 1 14 14 11 11 2 2 2 2 3 3 2 2 14 14 4 3 14 14 14 14 14 15 15 15 15 2 3 7 4 4 4 4 4 9 9 8 8 0 0 8 8 8 8 8 8 8 16 16 16 13 16 16 13 14 14 13 15 13 15 13 13 5 15 5 5 15
12 15 15 15 15 15 10 10 10 10 10 10 10 1 10 10 1 10 10 2 16 16 1 1 1 3 16 16 2 2 2 2 5 1 1 1 2 2 2 2 2 7 2 2 2 2 4 0 0 5 0 5 5 5 5 5 8 8 7 5 16 16 13 16 4 4 13 15 15 15 13 14 14 15 10 15 15 14 15 10
5 5 5 5 5 0 9 9 9 9 9 9 9 1 9 1 9 9 9 2 1 2 3 2 2 2 2 2 2 2 2 0 0 2 2 2 2 2 0 7 7 16 7 0 0 0 0 9 9 8 0 3 3 3 15 15 15 16 16 16 13 13 0 4 14 14 14 14 14 15 13 13 13 13 15 13 13 13 15 14
12 16 16 16 16 16 16 16 16 16 16 8 8 1 9 1 9 9 2 2 11 16 16 16 16 3 0 0 0 2 1 5 5 16 16 2 2 2 1 2 5 5 5 5 4 2 0 0 2 2 6 1 1 1 1 1 1 1 1 1 16 16 13 16 3 0 0 13 12 15 11 15 15 11 11 15 3 3 15 3
6 13 13 13 13 13 0 0 0 9 9 0 1 1 0 0 0 11 0 0 0 3 3 3 1 1 1 1 1 15 15 15 15 15 15 15 3 3 3 3 3 3 7 3 3 3 3 3 3 0 0 3 3 3 3 3 4 3 8 8 16 16 16 13 12 8 2 15 12 15 15 13 13 13 10 15 10 10 15 15
14 14 14 14 14 14 8 8 8 8 8 8 8 1 1 9 9 1 2 2 13 13 13 13 13 13 13 13 13 4 14 14 14 14 14 15 15 15 16 16 16 16 7 16 4 0 5 2 2 6 2 10 10 5 5 5 0 7 7 7 5 7 16 16 13 16 4 7 7 15 13 15 15 3 15 15 15 13 15 10
0 0 0 5 5 10 15 15 15 15 15 10 10 1 10 10 10 10 2 2 2 2 0 2 2 2 2 2 2 4 0 4 4 16 4 4 4 16 16 16 7 16 4 4 9 9 8 8 8 8 8 8 8 8 8 8 4 4 16 16 16 7 12 13 13 10 13 6 15 14 14 6 15 13 10 15 7 13 15 13
16 16 13 13 13 13 13 13 13 13 13 10 10 1 1 10 10 10 2 2 16 2 2 3 3 2 16 16 16 16 16 16 16 16 16 16 16 16 16 16 16 16 16 3 3 3 5 5 5 5 5 10 10 1 1 1 10 9 1 1 16 16 13 16 13 8 10 10 10 15 10 10 4 15 10 10 10 15 14 14
