16 10 11 11 11 11 7 11 11 11 11 11 11 11 1 11 11 1 16 16 2 2 12 12 2 2 2 2 4 4 4 2 2 2 4 4 4 4 4 16 16 4 4 4 4 4 4 4 4 9 9 9 9 9 4 4 4 4 4 9 4 4 16 16 4 13 16 11 11 16 16 0 0 7 16 11 16 4 4 16
0 0 8 0 0 9 9 9 8 0 0 15 1 1 1 1 16 16 2 2 16 2 0 0 0 2 4 4 4 4 4 3 3 4 4 4 4 4 4 4 16 7 4 2 2 0 2 7 9 9 9 7 7 9 4 4 4 4 4 9 12 12 13 10 16 13 16 13 3 16 12 16 16 11 11 11 16 4 15 15
10 10 10 10 10 10 10 10 10 10 10 10 10 1 10 10 0 0 1 0 0 0 3 3 3 16 1 1 3 3 16 16 3 3 3 6 3 3 3 3 3 3 8 4 4 8 4 4 4 4 3 3 4 4 4 4 4 4 4 4 16 16 13 16 3 13 16 16 13 13 13 16 9 15 9 15 9 15 15 16
10 4 6 6 0 13 12 12 9 15 12 12 12 1 1 1 13 13 12 1 13 16 16 16 3 16 4 4 4 4 4 15 15 15 3 3 3 3 3 5 5 3 3 5 5 0 8 3 3 9 9 10 10 10 10 1 9 9 10 10 10 1 1 16 16 13 16 1 1 16 16 11 1 1 15 1 15 1 15 1
16 13 13 13 13 13 13 13 13 13 13 13 13 13 13 13 13 13 13 2 13 2 13 13 13 15 15 13 4 13 4 3 3 3 3 3 5 5 5 5 1 5 7 7 5 5 7 8 7 7 7 7 7 7 7 7 7 7 7 7 7 2 16 16 13 16 13 16 16 2 2 2 16 15 16 15 16 15 15 15
15 15 15 15 14 14 14 15 15 9 9 13 9 9 14 14 15 15 15 2 15 2 2 13 3 2 14 4 14 1 15 5 0 0 5 0 0 0 0 0 0 0 0 0 0 0 0 0 0 0 0 3 3 3 3 3 3 11 3 3 13 13 13 16 13 16 13 16 4 4 15 14 11 14 16 8 8 16 13 16
16 16 11 11 11 11 11 11 7 12 11 14 13 9 9 16 12 12 2 11 2 14 1 1 1 1 14 1 4 16 4 1 1 1 1 1 2 16 2 2 16 16 7 2 2 2 0 0 0 0 0 5 0 8 0 0 10 8 8 10 10 10 10 16 16 13 16 10 10 16 16 12 12 12 15 12 16 15 15 12
14 9 13 9 9 8 9 15 8 15 9 9 1 9 1 9 1 1 1 1 1 1 1 3 3 1 3 3 4 3 1 16 16 5 4 4 4 16 16 16 7 7 7 7 7 7 7 1 8 8 1 1 4 4 4 4 11 3 3 4 11 16 16 13 16 11 13 16 16 4 5 11 11 15 4 4 6 15 14 10
10 14 14 14 14 14 14 14 11 11 11 0 0 1 11 11 2 11 2 16 11 11 2 16 16 16 14 14 16 16 16 5 1 5 16 16 16 16 16 16 16 2 8 2 8 8 8 8 8 8 8 8 8 3 3 3 3 3 12 3 16 16 13 16 7 3 16 16 12 12 12 16 7 16 12 16 12 16 7 7
16 14 15 14 14 14 14 14 14 10 14 11 16 14 11 15 2 2 2 2 2 1 1 1 1 1 1 1 1 5 5 5 5 16 16 16 0 0 0 16 7 6 5 5 1 1 8 8 9 8 8 5 5 5 5 5 10 10 10 10 16 16 13 16 10 10 16 16 10 10 15 16 16 15 15 15 15 15 15 15
