19 19 19 19 19 19 19 19 19 19 19 11 22 1 22 1 1 1 1 1 1 22 22 3 3 3 22 22 22 22 22 22 22 22 22 22 22 22 22 22 22 1 1 1 9 9 9 9 9 9 9 9 9 9 9 9 9 9 9 9 9 9 9 9 9 9 2 9 1 9 1 1 1 1 1 1 6 12 12 12 1 11 11 11 11 24 2 11 24 11 11 13 11 22 11 22 22 22 23 23 21 0 0 0 23 0 7 23 1 1 4 20 23 1 11 20 23 21 0 0
17 7 19 19 19 17 19 19 24 24 24 1 1 19 19 19 11 11 11 11 11 2 11 11 1 11 13 13 2 2 2 2 2 2 24 24 23 20 20 17 3 7 19 19 3 20 19 20 21 21 2 7 10 10 10 11 9 9 9 9 9 9 9 9 9 9 9 9 9 9 9 9 9 9 9 9 15 15 15 15 16 9 9 16 16 16 24 24 10 10 24 9 9 9 20 22 9 9 23 17 22 9 9 9 23 19 19 19 23 19 19 22 22 23 19 19 19 23 17 17
9 9 9 9 9 9 9 9 9 9 9 9 9 9 9 9 18 1 24 24 24 2 21 1 1 1 4 4 4 4 4 4 4 4 4 4 23 6 17 17 17 17 17 24 24 24 20 20 21 9 9 6 6 6 6 6 6 6 6 6 6 24 24 24 24 24 24 24 24 24 24 11 11 11 11 11 11 11 11 11 11 11 11 11 11 11 24 24 11 11 24 24 24 6 6 22 2 4 4 23 12 4 22 4 4 23 4 22 22 4 4 23 24 24 1 1 24 16 22 24
24 7 24 24 14 24 0 0 0 0 0 1 1 1 1 1 1 1 1 1 1 1 1 1 1 1 4 4 4 15 15 4 4 4 4 20 6 6 6 24 24 24 24 24 24 24 24 24 24 3 24 3 3 1 1 3 1 1 1 3 3 13 13 13 13 13 14 14 14 9 9 2 10 10 10 16 10 2 2 2 2 5 2 2 2 2 24 24 5 24 14 14 14 14 24 24 4 2 2 24 24 7 24 14 14 23 6 4 23 18 4 4 23 4 4 23 19 19 19 4
13 13 13 9 9 14 23 23 23 23 23 23 8 8 1 23 14 2 2 23 23 11 23 23 16 16 2 2 2 4 23 23 23 23 23 23 20 20 7 7 20 5 5 20 20 5 5 5 5 5 5 5 5 5 5 5 5 5 5 10 10 2 2 2 2 2 0 0 0 8 8 8 8 8 15 15 3 3 3 3 3 0 0 0 0 0 17 8 8 8 20 21 24 24 24 21 20 24 24 20 21 24 24 24 21 21 21 21 21 12 23 20 20 20 20 20 20 21 23 20
10 9 9 9 9 9 17 17 17 16 16 16 16 16 16 16 20 20 20 2 20 17 17 17 17 17 14 14 14 14 4 4 24 24 24 24 24 24 24 7 7 7 8 8 8 8 19 9 9 9 9 9 9 9 24 24 24 24 9 9 24 24 13 13 13 13 13 13 13 13 13 5 5 5 5 13 13 13 13 13 13 13 1 1 1 24 24 10 10 24 13 13 18 18 18 18 23 10 10 10 23 14 23 18 23 23 6 23 23 23 23 22 23 6 6 6 23 12 12 12
15 15 15 15 15 15 14 8 17 17 17 17 17 8 1 8 1 1 1 0 11 11 11 11 11 20 20 20 20 14 15 15 5 15 15 15 22 22 17 17 17 17 18 19 19 19 19 21 21 21 21 10 10 10 10 9 9 9 9 9 9 9 9 9 9 14 14 14 14 14 14 14 14 3 3 3 14 14 14 14 14 14 14 14 14 14 24 24 1 1 21 21 21 21 21 23 14 21 23 10 10 10 21 10 10 23 10 7 23 10 10 13 18 23 13 23 13 4 23 13
22 22 22 22 22 22 24 24 24 24 24 24 24 24 1 22 22 22 1 22 1 19 19 19 19 19 19 19 19 19 19 5 19 19 19 24 24 24 24 7 7 7 7 7 24 24 24 24 24 24 24 24 24 24 23 23 24 24 24 24 24 24 24 24 24 24 8 8 8 8 8 8 14 14 14 14 15 14 14 17 15 3 3 3 17 17 3 3 3 21 17 12 21 24 24 21 8 8 3 24 21 3 21 21 21 21 20 23 21 17 15 15 20 20 23 17 10 14 10 14
7 7 7 7 17 14 17 17 17 17 17 17 17 17 17 23 23 23 2 2 2 11 11 11 11 11 3 13 24 2 2 2 2 2 6 6 6 6 6 6 6 3 3 3 3 3 24 24 24 24 24 9 9 9 22 22 22 6 6 6 6 4 4 4 4 10 4 4 4 4 4 4 4 15 4 4 4 4 4 17 17 17 17 17 17 17 17 17 24 24 9 24 21 17 23 23 23 17 17 17 23 22 22 23 22 22 23 10 10 10 10 23 10 10 22 23 17 17 17 10
12 5 5 22 12 22 22 22 22 22 22 22 22 22 22 22 1 22 22 22 22 22 22 22 20 22 20 20 16 16 16 15 15 15 15 15 16 16 16 16 20 18 18 18 20 20 1 2 9 2 22 10 10 1 1 1 24 10 10 10 10 5 5 5 5 5 5 5 5 5 5 1 1 1 1 1 1 1 1 1 1 5 12 12 5 24 1 24 12 1 1 9 19 23 23 12 12 12 12 23 12 12 24 10 10 23 10 10 24 5 23 23 5 5 5 23 23 3 2 23
