14 11 15 15 9 13 13 15 15 14 15 0 0 1 9 1 10 15 3 2 2 5 5 6 6 4 11 9 2 2 9 2 9 3 2 13 13 3 11 11 3 4 14 4 15 15 5 13 13 5 15 11 0 15 6 0 15 1 2 15 3 0 2 15 5 6 15 10 10 10 11 10 12 10 9 11 11 11 10 9 11 10 9 9 9
15 12 8 9 0 9 13 15 11 15 8 14 9 1 0 1 0 15 2 2 1 4 6 7 4 7 10 3 3 2 2 2 0 9 2 9 15 13 2 15 1 10 2 12 8 2 0 9 13 0 11 0 11 7 7 3 0 1 2 1 2 2 1 4 6 7 4 10 12 12 12 11 11 11 11 10 11 10 11 9 11 12 11 12 9
11 8 12 11 14 9 15 15 15 11 14 11 11 1 1 13 15 0 15 0 3 14 6 6 10 6 11 1 11 0 2 9 3 9 3 9 2 11 11 3 2 14 7 8 12 11 1 9 9 15 15 11 15 11 4 1 1 0 1 0 3 0 3 3 6 6 7 10 10 10 11 10 11 9 9 9 10 11 10 11 9 10 12 12 11
10 10 8 15 15 13 0 15 11 0 11 14 14 1 14 1 0 3 3 1 1 1 14 1 7 1 11 15 9 1 3 3 13 2 9 2 9 9 11 11 7 12 10 10 10 8 4 13 4 15 11 15 11 15 2 1 15 15 0 3 3 1 1 2 2 0 7 10 11 10 10 10 11 10 11 10 11 9 9 11 12 12 12 12 10
0 15 15 11 0 13 0 9 0 11 11 10 14 9 1 0 8 0 3 13 3 8 4 5 8 6 11 9 13 9 3 11 9 2 11 3 1 9 9 11 1 10 7 15 0 1 0 13 2 1 15 11 11 4 0 1 5 15 15 0 3 3 3 15 5 5 6 11 11 11 10 11 11 11 11 9 11 11 11 9 12 11 11 10 12
15 10 8 15 15 13 0 14 12 8 11 15 0 15 1 0 15 2 2 1 13 1 8 10 7 10 0 1 0 9 3 11 2 9 11 9 3 9 0 0 11 14 11 12 8 1 3 13 9 15 1 11 11 11 4 15 1 3 15 2 2 1 0 1 0 15 7 10 12 12 10 11 11 11 10 3 10 9 11 11 9 9 11 11 10
9 8 0 10 12 13 10 14 15 11 11 15 15 1 15 15 11 10 0 3 15 0 7 7 14 7 11 15 3 2 9 2 0 9 3 0 11 9 9 3 1 14 7 8 8 4 7 13 0 1 1 11 11 15 5 5 1 1 0 15 0 3 15 15 2 7 6 10 11 10 10 10 11 10 11 9 9 9 9 11 11 10 10 10 10
12 14 13 14 9 9 9 13 11 11 11 11 8 0 1 1 13 0 14 3 13 13 12 1 6 10 9 11 9 1 13 2 2 13 13 9 2 9 9 11 11 10 12 12 8 14 11 9 9 13 5 11 11 11 4 6 1 7 5 15 6 3 4 3 3 4 6 10 11 11 9 9 11 11 9 11 9 10 9 9 10 12 12 12 12
10 15 0 13 15 13 13 15 15 12 15 0 15 15 1 1 10 8 3 15 15 15 12 0 6 8 11 11 11 9 3 3 9 3 9 9 11 11 3 0 11 6 10 7 0 0 15 13 13 0 0 11 0 0 15 2 1 1 3 15 3 15 0 4 1 0 14 10 11 11 10 10 11 11 10 11 10 10 11 11 9 10 12 10 11
13 8 8 14 14 9 15 15 8 15 11 13 14 1 0 1 1 2 3 14 1 1 1 0 6 10 10 11 1 9 9 2 13 9 2 1 13 13 0 9 11 8 14 8 8 14 2 13 0 0 1 6 11 7 3 1 5 1 1 2 3 7 1 1 1 0 6 10 11 11 10 11 10 10 11 11 11 11 10 11 9 11 10 10 12
10 15 9 15 0 15 13 13 15 8 11 15 10 1 1 1 1 1 0 11 2 12 6 7 11 6 10 11 1 3 11 2 13 2 11 13 9 3 11 15 2 11 10 7 6 11 0 7 13 9 11 7 11 0 0 1 1 1 1 1 0 2 2 2 6 7 3 10 11 11 10 11 10 10 10 10 11 10 11 10 12 12 11 9 10
14 0 13 8 0 8 9 10 11 11 11 10 9 1 1 0 0 15 0 0 3 14 7 6 8 6 11 11 15 9 9 3 13 9 13 2 13 9 11 2 0 4 14 15 7 0 0 9 9 2 11 11 11 4 4 15 1 0 15 15 0 0 3 2 15 6 15 10 11 11 9 9 9 10 11 10 10 11 12 9 10 10 9 12 9
10 0 15 10 15 13 9 15 14 12 11 15 12 1 9 1 0 15 3 2 3 5 4 7 7 5 11 9 2 3 13 3 13 2 15 2 9 9 2 11 1 2 10 3 7 3 0 13 1 3 6 11 11 15 5 1 3 1 15 15 3 2 15 5 4 7 7 11 10 10 11 10 10 9 12 10 10 10 10 11 9 10 10 10 11
10 15 11 15 14 13 15 9 11 11 8 15 0 1 1 1 15 3 15 2 3 15 0 6 8 7 1 11 11 0 9 2 3 13 2 9 9 3 11 11 2 6 10 6 11 3 1 0 9 9 11 11 11 15 7 1 1 15 7 15 15 2 3 1 0 6 15 11 11 11 10 11 10 10 10 11 9 9 11 12 12 12 11 10 10
10 14 8 9 15 8 9 10 15 14 11 10 15 1 12 1 0 3 2 1 15 13 8 1 7 10 10 9 1 9 3 11 3 13 11 2 9 15 13 11 11 14 8 14 14 8 11 13 15 7 11 0 11 11 0 1 2 1 0 15 15 15 3 0 6 1 0 11 11 11 10 11 9 11 11 11 11 11 11 11 11 10 11 10 11
9 13 8 9 15 9 0 10 15 15 14 0 10 1 1 1 1 0 3 3 3 6 6 7 4 6 10 3 3 11 9 3 2 13 2 9 9 13 11 6 11 14 0 12 8 3 15 9 13 1 11 4 11 15 7 0 1 1 1 0 0 3 3 6 7 2 4 10 10 10 11 10 11 9 11 11 11 10 10 12 12 10 9 12 11
11 14 11 9 9 9 15 15 0 15 15 11 15 1 11 1 15 0 3 3 3 4 4 7 7 5 9 11 0 3 9 0 2 9 0 9 0 3 11 15 11 14 11 14 11 11 9 9 3 9 2 11 11 11 1 5 1 1 15 0 2 3 2 15 5 7 7 11 11 11 10 11 9 11 11 11 9 9 9 10 11 10 11 11 12
14 11 12 0 15 13 15 12 15 8 14 15 13 1 15 1 1 15 15 1 2 10 6 6 13 7 8 10 1 9 2 9 2 9 9 3 0 15 1 11 15 7 14 3 4 4 0 13 0 2 7 11 11 0 11 1 15 1 1 1 2 1 2 15 5 6 2 10 10 10 11 10 11 9 9 9 9 10 10 10 10 12 12 12 12
11 8 11 10 0 13 9 0 15 9 0 13 10 1 1 15 1 2 3 1 10 9 12 1 6 10 13 1 0 9 3 3 9 3 13 13 9 9 11 3 12 10 5 8 14 10 0 13 0 15 15 3 11 2 1 1 1 0 2 2 6 3 6 2 5 6 2 10 10 10 11 10 11 9 9 11 11 11 10 10 11 11 12 12 9
14 15 15 0 13 13 13 15 0 11 0 0 9 1 0 13 11 11 0 3 9 11 7 7 12 6 11 8 10 11 2 0 11 13 2 9 9 11 2 11 2 4 14 15 15 0 3 13 15 3 11 11 0 4 2 0 1 2 3 15 0 3 0 0 7 7 4 11 11 11 10 11 9 11 11 11 11 11 10 10 10 11 10 11 10
14 8 11 0 13 15 9 13 11 12 11 11 0 1 1 1 1 1 1 3 2 10 5 6 10 10 4 2 13 1 9 3 15 9 2 9 2 11 3 2 11 6 14 7 11 5 2 15 9 13 11 2 11 15 0 5 1 1 4 4 1 3 2 15 5 6 7 10 11 11 10 10 10 10 11 10 11 9 11 11 11 10 10 11 11
10 9 14 9 10 13 9 12 9 10 11 0 12 1 1 1 1 13 2 3 14 5 7 7 4 6 11 3 9 2 3 9 2 9 2 13 13 11 3 3 11 11 10 6 4 4 15 13 9 2 11 2 11 15 0 5 5 1 5 15 3 2 4 5 4 7 5 10 11 11 9 9 9 10 11 10 10 11 11 9 9 9 9 11 12
14 14 14 15 15 13 11 12 10 15 9 15 0 1 1 1 1 1 15 3 15 15 4 5 14 6 2 3 1 9 3 11 9 13 3 9 0 2 1 11 11 4 14 14 14 2 3 13 2 1 0 15 15 11 4 1 1 1 0 0 1 3 2 15 4 5 0 10 11 11 11 11 11 11 11 9 3 9 11 11 1 12 10 12 12
13 8 14 15 15 13 12 15 0 14 10 15 15 10 1 9 15 2 2 15 1 1 15 8 7 14 1 9 9 11 11 2 0 9 3 0 11 0 11 3 11 10 13 8 14 5 0 13 1 0 0 3 0 11 0 3 1 3 15 2 5 4 1 1 15 4 7 11 9 10 11 10 11 11 11 10 11 10 12 11 11 11 11 9 9
10 15 0 15 13 13 13 15 12 11 14 0 8 1 12 1 0 3 3 15 15 1 0 8 7 1 12 11 1 9 1 3 9 3 9 9 3 3 11 11 0 11 10 15 0 2 0 13 13 3 15 11 4 15 6 1 3 1 0 15 3 5 15 1 0 3 7 9 12 11 11 11 10 12 10 11 11 10 11 9 12 9 9 10 11
14 14 14 12 13 15 15 15 15 0 15 11 10 1 1 0 0 0 0 14 2 1 7 7 1 6 11 11 9 13 13 3 13 11 3 9 2 2 15 11 15 10 7 14 14 7 1 13 2 15 0 0 15 11 3 1 1 6 1 0 4 5 15 1 7 6 0 10 11 11 10 11 11 11 10 11 10 12 12 11 9 9 9 10 10
13 9 15 15 9 15 11 10 11 11 11 11 9 12 1 15 1 13 0 3 13 12 4 4 12 7 9 11 11 13 11 3 13 13 9 3 3 11 11 11 11 12 6 7 1 0 9 0 11 0 11 11 11 11 5 4 1 15 1 1 0 3 4 0 2 4 1 10 11 11 10 10 11 11 10 11 9 9 11 11 9 10 11 12 10
10 0 0 15 15 9 9 15 15 15 10 0 1 15 1 1 15 0 0 3 15 11 15 14 7 12 11 1 9 9 9 2 13 2 13 9 1 2 0 3 11 7 10 4 4 15 15 9 9 1 3 6 11 0 1 4 1 3 15 15 15 3 15 4 3 3 7 10 11 11 10 10 11 12 9 11 10 10 11 10 10 9 9 9 13
10 12 12 11 10 15 15 0 0 14 11 11 10 15 8 1 13 0 3 3 0 0 0 14 7 10 11 1 1 11 9 2 2 13 11 9 9 9 11 5 6 14 5 12 12 1 2 13 0 0 6 11 11 15 1 6 7 1 1 15 3 3 1 0 0 1 6 10 10 10 11 10 11 9 11 10 10 11 9 11 12 11 10 12 12
12 12 12 14 0 13 13 11 8 8 14 13 0 1 1 1 1 10 2 3 3 6 5 7 4 6 3 9 2 11 3 9 3 9 2 9 9 3 9 9 0 10 12 12 12 14 13 13 13 2 11 6 11 11 0 1 1 5 5 6 3 3 3 6 5 7 4 10 10 10 11 10 11 9 9 9 10 11 9 10 10 10 10 11 10
