9 14 0 14 0 15 11 13 15 13 12 10 0 11 15 1 1 8 15 3 11 15 0 11 7 15 10 8 9 10 14 2 10 3 11 15 3 13 11 11 9 11 9 13 9 11 11 15 14 1 14 14 5 7 13 6 3 6 0 0 11 1 15 1 0 6 15 4 0 7 6 3 15 4 10 10 10 11 10 11 9 11 11 11 11 11 10 11 10 11 10 11 10 11 12
9 10 15 11 15 8 0 13 0 15 0 11 14 1 1 1 1 1 2 3 12 4 7 6 5 7 10 2 2 2 3 3 10 15 2 11 2 13 1 9 3 4 7 9 9 2 11 0 10 15 7 15 7 0 13 1 15 15 11 11 0 1 1 3 1 15 3 0 4 7 6 5 4 15 11 11 11 10 11 9 9 9 11 10 10 11 11 9 10 12 10 12 9 11 11
8 14 8 12 12 15 11 13 15 0 11 0 11 15 1 9 1 15 9 3 0 15 0 15 7 0 10 15 9 11 10 2 8 11 2 9 11 13 9 9 9 13 9 9 9 9 9 9 14 8 12 12 8 11 13 4 0 11 0 11 0 1 6 6 5 15 3 15 7 0 15 7 7 5 12 12 11 10 10 11 11 11 10 10 0 10 10 9 12 9 10 11 10 11 11
11 11 14 15 15 0 8 15 9 11 15 15 11 11 1 1 0 2 3 9 15 9 13 1 6 0 15 11 11 3 10 2 10 11 9 1 3 9 11 15 9 5 9 9 4 0 0 11 11 14 11 15 0 1 0 9 9 1 0 11 11 6 6 0 2 15 2 15 15 15 2 7 0 15 10 11 11 10 11 11 11 10 11 10 12 10 11 11 9 9 9 9 10 9 10
12 11 10 15 15 13 12 13 13 0 11 10 15 12 0 1 1 10 14 3 15 13 11 0 7 14 12 1 12 11 10 3 12 2 1 11 9 9 2 9 9 7 4 11 7 15 2 15 11 10 7 1 3 5 13 0 0 11 11 15 1 1 1 1 3 0 3 3 2 3 15 7 1 6 10 12 11 10 11 10 11 11 10 10 10 10 11 10 11 10 11 9 9 12 12
15 14 15 8 8 9 15 13 8 0 15 0 11 1 1 13 8 15 0 15 3 15 7 6 15 6 15 0 11 8 2 3 14 2 11 9 9 2 9 11 0 9 9 4 13 13 11 0 14 8 8 8 8 7 13 0 1 11 4 11 1 1 0 6 15 15 15 3 15 15 6 15 15 7 9 12 11 11 11 10 11 10 12 11 9 9 9 10 11 9 11 11 11 10 11
11 14 15 15 8 14 11 9 9 13 0 0 11 11 1 9 12 11 3 0 3 14 4 5 13 6 10 0 11 11 12 3 12 9 3 2 9 13 11 11 4 9 13 9 1 3 11 11 14 2 8 8 3 7 9 9 2 0 4 11 11 2 1 1 3 3 15 3 7 15 5 6 6 0 12 11 11 11 11 11 11 10 11 11 12 9 11 4 12 11 9 9 11 11 9
0 10 10 12 11 15 15 13 12 15 9 11 11 13 1 11 1 13 0 3 0 0 4 4 0 7 11 11 10 11 14 3 14 2 3 11 3 9 13 9 11 11 9 13 11 0 3 0 2 10 1 0 1 7 13 6 15 1 11 11 15 1 0 1 15 0 3 15 15 15 4 0 7 0 11 10 10 11 10 12 11 9 11 11 11 10 11 10 11 9 11 10 9 10 10
15 0 14 13 8 10 15 13 0 15 15 11 11 1 11 1 8 15 3 2 10 5 6 6 7 4 9 12 11 3 3 10 3 9 2 9 11 3 9 9 9 13 5 4 11 11 5 11 0 14 3 6 3 4 13 0 1 0 11 11 1 11 4 5 0 3 2 7 5 15 6 2 4 1 9 11 11 5 12 3 11 2 9 10 11 3 12 12 10 11 10 11 11 12 12
14 14 12 14 12 8 13 13 15 0 11 11 15 1 1 1 1 13 3 3 3 3 7 4 1 11 5 11 1 10 2 12 2 11 2 9 15 9 9 5 13 9 9 13 9 0 11 12 14 1 12 12 8 0 9 4 0 11 11 11 15 1 2 15 2 3 15 3 3 7 4 1 1 10 11 1 11 11 11 11 11 11 10 11 10 11 9 9 9 10 11 10 12 12 11
0 9 14 12 11 15 0 14 0 15 14 11 11 15 11 1 15 10 3 3 14 8 10 0 7 0 0 15 0 12 2 3 12 11 9 11 3 9 9 11 13 13 6 5 4 7 11 0 15 14 15 15 0 0 13 3 15 2 11 11 1 11 1 5 15 3 3 0 2 1 15 7 1 0 10 11 11 11 11 10 11 10 12 11 9 10 11 9 11 11 11 9 10 11 10
11 8 14 0 15 15 13 13 9 15 14 9 0 1 1 9 15 14 0 3 0 11 7 6 1 6 13 1 2 11 8 3 10 2 9 9 9 2 11 9 11 7 13 9 7 4 11 3 5 14 2 0 3 6 13 5 15 11 11 0 1 2 0 15 15 0 5 15 15 2 6 7 6 4 10 10 10 11 10 11 9 9 11 11 11 11 11 9 12 9 12 10 12 11 10
11 10 11 13 13 15 15 13 13 15 11 11 10 11 1 15 15 9 3 2 2 7 4 4 7 4 1 8 3 2 2 2 14 3 11 1 3 9 11 2 9 7 11 0 9 9 11 11 10 0 3 7 5 3 13 5 15 15 11 11 2 1 0 2 1 3 2 2 1 4 4 15 4 7 11 10 10 12 12 10 10 11 9 9 9 11 11 11 10 11 9 9 10 9 11
13 14 15 12 8 12 0 9 15 11 11 15 11 1 1 1 10 2 2 0 0 4 5 15 6 13 1 10 1 3 11 10 3 9 2 9 13 9 2 13 9 9 13 11 13 4 11 7 14 11 10 10 13 0 15 13 3 11 7 11 7 15 15 5 4 2 15 1 0 15 15 15 15 1 10 10 10 11 10 11 9 9 9 9 9 10 12 9 12 12 11 10 11 9 10
14 15 14 15 13 15 12 10 15 9 12 11 15 1 0 15 8 11 0 3 0 0 7 7 15 6 10 14 14 12 2 12 11 2 11 2 9 2 13 13 9 4 9 6 6 2 3 14 0 14 14 5 9 9 9 2 7 1 11 15 1 15 15 2 3 5 3 0 0 7 7 0 6 10 11 0 12 10 12 11 11 11 11 10 11 9 12 9 10 12 12 11 9 11 11
0 14 12 15 15 0 10 13 15 10 11 15 9 1 1 1 1 0 2 3 3 2 5 6 13 3 7 0 2 11 10 2 12 3 1 9 2 2 13 3 11 4 13 6 9 4 15 0 14 15 15 15 15 5 13 0 2 11 11 0 1 1 1 6 4 15 3 3 15 5 6 4 2 7 11 11 11 10 11 9 9 9 11 10 10 11 10 11 10 12 11 9 10 12 12
8 10 15 15 0 9 9 13 15 14 8 11 11 1 1 14 0 9 9 10 3 11 6 6 1 6 11 1 1 12 3 2 10 2 1 9 3 13 9 9 9 4 11 5 9 13 15 11 10 0 11 0 11 5 13 9 2 15 11 11 1 1 3 0 2 7 4 3 15 6 7 0 6 11 10 1 10 11 11 10 10 11 11 11 11 9 9 10 2 12 11 10 11 9 11
0 8 9 8 8 15 8 13 15 11 10 15 12 0 12 1 0 3 3 0 14 0 11 13 6 0 1 11 11 0 2 14 3 0 2 2 9 2 13 11 6 9 9 7 9 2 15 0 8 3 8 8 4 4 13 0 2 0 0 11 1 3 4 0 3 3 0 1 0 1 0 4 0 1 10 11 10 11 11 10 10 11 11 10 3 9 10 12 10 11 11 9 11 11 11
11 0 14 15 15 0 11 15 12 8 13 15 11 11 15 11 15 14 3 3 3 0 0 0 7 13 1 1 15 15 8 2 2 15 9 3 0 11 9 13 9 6 2 13 9 7 3 11 0 14 0 15 0 2 13 0 6 6 11 11 6 15 6 15 5 3 3 3 15 15 15 7 7 1 11 9 10 11 9 9 10 11 11 11 10 11 9 11 10 9 12 9 10 12 12
15 9 15 8 12 9 9 15 0 14 15 10 11 1 11 1 15 12 15 2 3 6 6 6 5 6 1 0 14 2 2 12 3 10 3 2 2 2 9 9 9 9 5 3 13 13 6 15 8 8 8 12 14 11 9 0 15 11 15 11 11 4 7 15 0 0 6 3 6 6 6 5 6 2 10 11 11 9 12 11 11 10 10 10 10 10 9 12 9 12 11 12 9 12 12
13 12 0 15 15 9 0 9 15 11 11 15 10 1 1 8 10 15 0 1 2 0 7 7 15 6 0 11 11 11 3 10 2 11 2 11 9 3 11 9 9 6 7 13 11 4 1 15 14 0 12 12 11 0 13 9 5 11 1 11 1 1 7 5 0 0 1 2 0 7 6 15 1 2 10 11 11 10 11 11 11 10 11 10 11 11 11 10 9 9 12 9 11 10 12
15 12 12 10 15 10 9 13 13 0 11 15 11 1 15 1 13 3 3 0 15 1 15 15 6 1 1 1 10 3 2 11 8 3 9 2 11 3 9 15 9 4 13 9 9 9 9 11 12 12 14 12 10 13 13 13 15 11 0 11 11 0 6 4 1 3 15 15 3 0 0 15 1 0 11 10 10 11 11 11 11 10 12 9 11 10 10 10 10 11 9 11 9 9 9
15 14 15 10 14 11 13 9 15 0 15 0 11 1 1 1 1 11 1 2 2 13 4 6 1 1 4 3 10 12 10 3 14 15 2 13 3 9 9 4 9 11 2 13 2 11 0 3 14 11 10 14 11 9 6 0 2 15 0 11 11 1 2 1 0 1 2 2 15 4 6 5 6 4 11 11 11 10 11 9 9 9 11 11 11 11 11 4 11 11 12 12 11 10 12
15 10 10 15 14 15 0 0 15 8 15 13 11 1 1 1 1 0 1 15 5 6 6 6 5 9 1 2 10 3 2 3 2 14 3 11 3 9 11 4 7 9 9 7 2 1 1 4 4 10 0 3 2 15 3 15 0 4 5 11 1 1 1 15 0 3 7 5 6 5 6 5 15 15 10 10 10 11 9 12 10 11 11 11 10 11 10 11 11 12 12 12 10 10 12
11 10 15 15 10 14 0 15 13 0 9 11 11 1 0 12 0 14 0 3 9 0 7 7 0 6 15 15 13 2 10 2 10 13 9 2 11 9 13 9 9 5 1 2 9 9 11 15 10 2 15 3 7 0 13 0 0 4 11 11 1 0 2 0 6 4 0 15 0 7 7 15 7 15 10 10 10 11 10 11 9 9 9 9 9 10 10 10 10 11 9 12 10 12 11
12 14 9 15 12 12 0 8 8 8 11 9 11 1 1 1 1 14 15 2 3 7 6 5 6 6 0 3 12 2 12 3 8 2 9 3 9 9 9 1 9 6 13 9 9 9 4 12 14 9 14 12 8 3 13 11 4 11 6 11 11 1 5 3 3 3 2 5 7 6 15 6 0 5 11 10 9 12 11 11 11 10 11 9 12 9 10 11 11 11 11 9 9 11 11
11 15 0 12 15 13 0 13 13 11 11 8 8 15 1 11 15 2 3 1 12 9 0 1 6 15 11 9 1 12 2 2 8 2 3 3 9 2 9 3 9 9 7 9 15 3 11 11 10 2 12 8 0 0 13 13 11 1 7 11 15 1 1 15 0 3 2 15 15 0 15 1 1 3 9 10 10 11 11 11 10 14 9 10 10 10 11 10 11 9 9 11 11 9 10
0 15 14 13 0 12 15 15 0 11 15 15 10 1 1 0 0 12 13 15 3 0 6 6 0 6 1 11 15 3 15 12 2 11 9 2 11 0 11 13 13 4 9 2 6 4 3 0 1 14 5 12 12 6 0 15 4 1 0 11 3 11 0 3 1 0 15 2 0 6 6 0 6 1 11 11 11 9 12 9 9 9 11 10 10 11 10 10 10 11 10 12 9 9 11
15 0 14 15 0 8 15 11 11 11 0 14 0 1 1 1 1 1 3 2 2 7 4 7 7 4 15 11 2 11 2 12 2 3 3 15 9 2 9 9 9 9 9 5 0 11 0 2 0 14 15 15 3 1 11 13 9 0 11 15 6 1 5 1 6 2 4 2 15 1 7 7 4 0 11 11 11 10 11 9 11 11 11 10 11 9 9 9 9 9 9 11 10 9 12
15 12 10 8 10 8 10 13 15 8 11 11 11 1 1 1 1 15 3 2 3 4 7 5 9 7 4 11 10 2 1 2 12 1 3 1 9 2 9 13 9 9 9 9 13 9 5 7 12 14 8 10 8 13 13 11 3 11 1 11 11 7 1 5 5 3 2 3 0 7 5 15 7 4 11 10 11 11 11 10 11 10 11 10 11 9 9 9 12 11 11 11 9 10 11
