14 10 15 15 8 0 9 15 13 14 8 15 15 11 8 1 15 3 2 1 10 9 11 15 7 9 1 1 0 11 2 3 10 10 2 10 11 2 13 13 9 6 9 11 13 11 13 11 2 11 5 10 4 8 8 4 0 9 11 1 0 11 11 11 2 1 15 4 2 15 1 0 5 15 7 2 0 10 11 11 10 14 9 10 11 11 11 11 10 11 9 12 10 11 10 11 12 11 11 10
12 10 8 10 0 15 11 0 15 13 15 13 0 8 1 11 0 0 2 15 15 2 7 7 0 7 0 15 13 15 15 3 1 15 10 2 15 13 3 13 0 5 13 9 11 13 9 5 0 11 4 7 14 3 0 0 11 0 13 13 4 7 11 1 1 7 2 0 2 15 15 2 7 6 0 7 0 11 10 1 9 11 9 2 10 14 12 11 9 9 9 10 12 12 11 9 9 9 9 10
0 14 11 14 15 13 15 9 13 0 13 8 15 15 1 8 15 15 0 3 12 4 5 5 4 4 1 3 2 13 0 3 12 3 3 10 0 9 3 11 9 6 9 4 13 9 11 4 7 1 0 14 5 14 14 6 0 3 13 0 15 4 15 15 1 5 15 7 0 3 0 4 3 0 4 0 1 3 9 10 10 11 11 3 10 10 9 9 11 11 9 12 11 10 10 11 11 9 10 11
11 15 11 14 15 0 0 15 13 11 0 15 11 0 1 1 0 0 9 3 15 0 0 15 7 13 1 11 15 10 12 2 2 10 0 10 2 1 11 11 13 9 4 9 2 9 13 0 11 11 11 11 4 14 5 0 3 0 13 2 15 11 11 4 1 1 3 15 3 3 0 15 6 0 7 3 7 3 12 9 9 10 11 11 10 10 11 11 11 11 9 11 10 9 11 11 11 9 10 11
11 11 15 11 15 14 9 9 11 0 0 15 15 12 14 1 0 3 3 12 0 15 14 0 6 1 1 9 11 0 2 8 2 1 14 10 2 15 1 15 9 13 0 4 9 11 11 3 11 1 11 3 8 2 6 5 0 9 11 2 2 15 15 11 5 1 0 15 3 0 0 15 0 3 0 15 15 10 11 5 12 10 10 9 11 10 10 10 11 9 9 13 9 14 9 6 9 10 11 9
0 10 15 10 15 11 13 13 11 11 15 11 0 1 11 1 12 3 2 15 8 1 15 0 7 15 1 0 12 11 3 3 10 3 12 14 2 15 11 9 2 9 4 9 9 9 13 11 2 0 0 10 15 14 14 0 13 1 11 1 15 11 0 11 11 1 5 1 15 3 3 1 3 0 1 5 1 0 9 10 11 10 11 10 10 10 11 10 12 9 11 10 9 9 10 11 10 9 9 12
15 12 14 13 15 13 0 9 9 10 12 11 11 1 0 14 1 1 3 3 3 7 4 7 7 6 2 3 0 2 2 3 2 12 3 12 12 9 9 9 0 6 9 9 13 9 6 4 2 1 11 11 14 2 10 0 0 9 9 15 9 4 11 11 5 0 1 1 2 3 3 7 4 7 7 6 2 3 9 10 11 11 11 11 10 11 9 9 10 12 10 9 11 11 10 11 11 12 12 10
9 8 11 8 15 10 0 9 13 12 14 11 11 1 1 1 1 14 0 2 4 5 6 7 4 1 3 2 3 3 2 1 3 12 3 14 2 11 9 15 9 4 15 9 15 9 3 9 9 1 9 8 14 8 10 10 9 9 13 11 11 11 11 11 1 3 6 1 3 2 4 5 6 7 4 1 3 11 10 10 11 2 9 12 12 11 11 11 10 11 10 11 10 11 10 12 10 9 9 9
9 8 8 13 10 14 9 11 13 0 15 11 1 8 1 1 13 2 3 10 9 0 0 13 6 1 15 0 9 0 12 2 11 2 12 3 10 9 2 9 9 6 9 13 13 13 13 13 13 13 9 8 8 13 12 14 8 11 13 0 7 11 5 11 1 2 15 5 1 6 3 0 0 2 6 1 4 10 11 14 12 12 9 9 9 9 10 10 10 10 11 11 9 12 10 12 9 9 12 11
0 11 15 10 15 9 0 15 10 9 12 15 0 13 1 11 9 2 2 15 11 0 15 0 6 15 13 13 12 12 11 3 15 1 2 10 10 10 1 15 0 7 6 7 13 13 13 2 3 3 15 2 15 10 0 15 6 3 15 0 0 15 0 11 1 11 6 1 2 3 6 0 0 0 0 0 0 6 10 12 11 11 11 12 10 9 10 10 10 10 11 10 11 9 9 10 10 10 10 9
11 14 15 14 14 8 13 0 15 8 11 15 11 1 1 15 1 13 15 2 12 4 5 6 0 6 4 9 2 2 0 2 3 3 10 2 11 11 11 2 1 7 9 4 0 9 11 9 11 1 11 14 11 14 14 7 13 0 15 2 6 6 11 1 1 2 1 0 15 7 2 15 5 6 6 6 4 10 11 11 10 11 9 14 10 11 10 10 11 2 12 11 9 12 9 9 9 11 11 9
11 15 14 15 9 9 11 11 9 0 0 0 11 1 1 1 1 0 3 0 11 5 7 6 6 4 2 0 3 2 12 3 2 3 12 2 3 1 9 15 7 6 13 9 11 5 9 9 15 2 11 15 10 7 1 3 6 11 9 0 6 0 11 11 1 1 15 15 3 0 1 5 15 6 6 6 2 0 12 12 12 12 11 11 11 10 12 12 12 12 12 11 9 11 10 9 9 9 10 9
9 12 14 15 15 12 13 15 13 9 13 15 11 11 1 9 8 11 3 3 3 5 5 6 0 6 5 15 13 15 9 2 9 2 14 13 2 9 2 3 13 7 13 7 13 11 13 9 9 1 0 0 14 15 12 12 3 1 13 9 6 0 11 11 7 4 15 15 3 3 2 5 5 15 2 6 5 15 9 10 11 11 10 10 11 11 9 9 9 10 11 10 12 12 11 11 11 11 10 11
13 10 12 8 12 15 8 13 13 14 11 11 14 15 1 9 13 14 11 3 8 7 7 4 4 5 0 3 2 10 11 9 2 10 1 2 14 11 9 9 13 7 13 7 9 9 13 13 13 9 13 9 12 10 8 14 8 13 13 1 4 11 3 11 1 3 15 1 3 0 7 7 7 4 4 5 2 3 9 10 11 11 10 10 12 9 10 10 11 10 11 11 11 11 9 9 9 9 12 9
15 8 14 15 8 13 0 15 13 9 12 11 11 1 1 1 1 12 3 3 0 4 7 6 5 7 1 2 3 11 11 2 11 3 12 3 12 2 0 9 7 7 0 9 0 13 13 11 15 3 15 2 14 7 5 2 15 1 13 9 2 11 11 4 11 3 15 15 3 3 15 4 7 6 15 7 1 2 12 11 10 11 11 11 9 12 10 11 11 10 11 11 3 9 11 11 12 9 11 9
11 8 13 12 14 15 13 13 15 15 0 11 11 1 1 15 9 15 11 1 2 14 7 7 1 6 1 10 1 9 2 10 2 3 12 14 3 2 15 11 9 7 7 13 11 13 3 7 11 1 11 8 13 7 2 0 1 13 9 0 15 11 11 11 6 6 15 15 15 1 2 5 7 7 1 6 1 10 11 11 11 10 10 14 11 10 10 10 10 11 10 11 9 10 12 11 9 9 9 9
14 15 11 15 10 9 11 15 9 9 9 11 0 1 15 0 8 2 10 3 15 15 7 6 9 7 15 15 15 9 3 9 11 2 10 2 10 1 9 11 11 9 6 9 11 5 9 9 15 11 3 0 10 0 14 4 11 15 9 9 9 11 0 11 15 0 7 15 2 5 15 15 7 2 5 7 15 0 9 10 11 10 10 10 12 9 10 10 10 12 9 10 10 11 9 9 12 11 9 12
11 10 14 8 14 10 13 13 13 0 11 9 11 1 0 0 10 15 12 3 8 11 6 6 0 6 9 9 13 15 10 10 2 11 10 12 9 2 9 13 9 4 13 9 9 13 13 9 9 13 2 10 12 10 10 10 13 13 13 2 11 1 11 1 4 1 4 15 0 3 15 15 6 6 6 6 3 11 10 10 11 0 12 11 10 11 11 10 10 6 9 11 11 11 9 12 9 9 9 10
15 11 15 14 10 9 9 15 13 0 8 11 11 1 1 1 1 3 0 2 2 1 0 6 0 6 0 1 0 11 9 2 11 3 10 2 10 2 9 2 9 7 13 6 13 13 3 11 0 15 11 3 2 14 15 7 5 1 13 1 3 11 11 6 1 1 1 1 3 2 2 5 0 6 0 6 0 1 12 11 9 10 11 11 11 10 10 10 10 11 10 12 11 9 9 9 9 9 10 11
15 10 12 14 15 14 9 15 9 0 11 15 11 1 1 1 1 3 12 0 2 15 6 7 1 6 1 11 11 1 3 2 0 3 14 12 2 9 3 9 15 9 5 9 9 9 3 9 2 11 15 10 12 14 14 12 5 13 15 0 11 3 11 11 1 4 6 0 15 0 15 15 4 6 15 6 1 11 10 10 11 13 11 11 10 10 10 10 12 9 10 10 11 9 9 11 11 9 10 9
8 14 11 14 15 12 0 15 13 9 14 13 1 15 1 1 11 2 3 12 15 9 11 0 7 15 15 1 15 11 3 3 14 2 10 2 3 11 11 3 9 15 9 6 9 13 13 0 13 5 8 14 11 14 10 12 0 6 13 15 3 11 1 11 1 2 15 15 3 3 3 3 7 0 6 7 15 1 9 10 11 11 11 11 10 11 9 12 10 11 9 9 10 12 9 9 9 9 12 11
15 13 15 13 8 13 12 15 13 14 8 11 14 12 1 15 0 11 15 3 15 6 4 4 6 4 9 3 3 11 11 2 10 2 8 10 14 2 0 15 9 7 9 6 9 9 0 3 15 11 0 1 15 14 6 1 4 0 13 15 15 11 11 4 1 1 15 15 0 3 5 6 15 4 15 4 1 6 11 11 11 9 10 12 11 11 11 11 11 11 9 12 9 9 9 10 11 9 10 11
15 11 11 15 14 11 9 15 15 14 15 11 11 1 1 14 10 0 15 1 2 12 7 7 11 6 1 1 9 9 11 3 11 3 10 2 12 11 2 1 9 5 13 15 9 13 11 2 15 11 15 2 6 14 2 5 1 1 13 2 3 11 11 1 1 6 5 4 15 1 2 6 4 7 2 6 1 1 9 9 9 12 11 11 11 11 11 11 10 11 9 12 9 9 9 10 11 9 9 11
15 9 15 14 0 13 12 15 13 0 11 12 11 1 1 1 1 1 15 3 5 4 7 7 4 1 2 2 2 3 3 3 12 3 1 12 3 11 3 9 7 9 5 11 9 13 11 5 5 11 15 15 11 14 15 5 7 15 13 15 1 5 11 11 2 1 1 1 3 3 5 15 7 7 4 1 2 2 11 10 10 11 11 10 10 11 9 11 10 9 11 11 11 10 12 12 11 10 12 11
11 15 10 15 9 14 15 13 0 8 11 15 11 11 1 15 15 2 2 10 10 11 1 1 7 11 13 1 2 2 9 11 3 10 2 2 11 3 0 9 9 7 7 9 11 5 6 1 13 9 11 11 10 0 11 5 0 13 0 9 11 3 11 15 15 15 0 3 2 15 0 2 1 1 4 0 15 10 11 2 12 11 10 10 10 10 11 9 9 9 11 10 10 12 9 12 12 10 9 9
11 15 10 9 14 9 0 15 13 15 0 11 11 1 1 1 1 1 3 3 3 7 4 7 7 4 1 3 3 2 10 2 3 2 2 12 3 2 0 15 3 4 5 9 13 9 5 9 9 7 11 0 0 14 7 0 0 0 13 7 4 11 11 1 1 2 1 1 3 3 3 7 4 5 7 2 1 3 9 10 10 9 9 9 10 12 11 11 12 10 9 9 9 10 12 12 12 11 9 9
15 8 10 14 11 0 11 9 14 0 11 0 11 1 1 1 1 12 3 3 3 5 7 5 13 7 5 0 11 2 3 3 2 12 2 8 3 0 11 9 9 4 9 9 6 13 9 11 1 4 7 8 10 14 10 8 1 9 9 0 11 11 11 11 7 1 1 3 3 3 3 5 4 7 0 7 5 11 11 11 10 10 10 0 10 9 11 11 11 11 10 11 9 9 9 9 9 10 12 11
15 15 11 14 14 0 12 13 0 10 15 12 0 11 1 1 0 2 3 8 8 10 10 10 7 1 0 11 11 11 2 3 10 2 14 3 2 11 11 11 13 7 7 9 13 9 15 11 11 2 15 5 14 14 14 7 0 13 0 1 15 1 0 11 1 1 15 3 15 1 1 0 15 5 7 15 3 10 11 11 10 14 9 10 11 11 10 10 11 11 11 11 7 9 1 9 10 12 10 12
15 15 11 8 12 11 9 15 9 11 12 11 1 11 1 1 15 9 14 3 15 0 12 10 7 0 15 1 11 11 11 2 2 10 1 3 12 15 3 11 11 9 4 9 9 13 7 13 11 0 15 15 14 0 12 8 11 0 9 9 4 11 3 11 1 1 5 15 2 3 15 0 15 6 7 0 1 1 9 10 11 10 10 10 11 10 11 10 12 10 11 10 9 10 11 11 11 9 11 12
14 0 14 13 11 10 15 15 15 13 11 11 11 1 15 1 9 1 3 1 2 1 5 4 7 7 7 3 2 1 11 2 15 0 12 3 11 2 0 15 9 6 5 0 9 7 15 11 15 1 15 7 14 1 11 6 0 15 9 13 11 2 11 1 15 1 5 15 3 2 2 3 4 4 0 7 15 11 10 10 11 10 11 15 12 11 11 11 10 11 10 11 10 12 11 9 9 11 12 11
