n,sample_index,max_fidelity,ttime,cpu_time,generations
16,0,0.9345240677262967,78.00000000,135.71805120,123
16,1,0.9388149191969983,80.00000000,133.65445113,130
16,2,0.9361557461206698,80.00000000,138.61724973,132
16,3,0.9348838136901135,80.00000000,180.88963294,143
16,4,0.9369892038379837,80.00000000,151.62391448,140
16,5,0.9367400314261751,80.00000000,136.21505737,132
16,6,0.9412247095222563,79.00000000,139.07989001,130
16,7,0.9344266219334462,80.00000000,128.78115058,117
16,8,0.9377209548320944,80.00000000,148.25342894,133
16,9,0.9383087624474673,79.00000000,157.89939642,144
16,10,0.9351600452698756,80.00000000,164.44264984,140
16,11,0.9320431635080918,78.00000000,176.78973699,139
16,12,0.9367119016467922,79.00000000,153.73803329,132
16,13,0.9434990054972945,80.00000000,146.79559112,143
16,14,0.9369283226243621,80.00000000,147.27417636,130
16,15,0.937428166104876,80.00000000,142.96609998,132
16,16,0.9383404554687709,79.00000000,136.36707020,121
16,17,0.9387709596117391,80.00000000,146.60802460,129
16,18,0.9369646755673764,80.00000000,126.57085967,119
16,19,0.9398940263004959,79.00000000,144.46766186,142
16,20,0.9383419754326009,79.00000000,133.81773829,127
16,21,0.9389873923141594,80.00000000,148.34163737,124
16,22,0.9401582571123861,78.00000000,167.74505115,138
16,23,0.9354898699532888,80.00000000,149.19001484,140
16,24,0.9375734325660727,80.00000000,167.20947981,141
16,25,0.9406639889553715,80.00000000,156.91698503,142
16,26,0.9434781482550374,80.00000000,157.51083589,142
16,27,0.933440213885723,79.00000000,144.29477954,128
16,28,0.9344933237129057,78.00000000,159.11987424,133
16,29,0.9393367247984724,79.00000000,171.17978501,136
17,0,0.9306209862331235,85.00000000,192.81840777,152
17,1,0.9325364457491317,85.00000000,191.29124641,154
17,2,0.9288595154918686,85.00000000,157.22965860,131
17,3,0.9314141378226696,84.00000000,201.84200263,150
17,4,0.9299921968565942,85.00000000,190.14832234,160
17,5,0.9339099995965737,85.00000000,159.43629384,136
17,6,0.927107233665517,85.00000000,164.90512395,152
17,7,0.930377939228975,85.00000000,142.28952336,130
17,8,0.9338312708802967,84.00000000,158.23847079,129
17,9,0.9353092702794501,84.00000000,168.50411582,149
17,10,0.9330500536887634,84.00000000,157.65570521,131
17,11,0.9285351149432556,85.00000000,171.22893405,149
17,12,0.930496470399071,81.00000000,157.35936666,128
17,13,0.9317670738590794,85.00000000,167.09640408,130
17,14,0.9385871483237226,85.00000000,117.87068415,114
17,15,0.9307012515845612,85.00000000,179.70518899,157
17,16,0.9300411256753395,83.00000000,160.46899247,129
17,17,0.9315695585234554,85.00000000,185.30869889,164
17,18,0.9325791576013527,85.00000000,126.30314064,121
17,19,0.9375685471353749,85.00000000,167.80585122,136
17,20,0.9280263772410027,85.00000000,132.52134037,119
17,21,0.9277828307686917,85.00000000,155.17128277,133
17,22,0.9383414227257716,85.00000000,245.68267274,168
17,23,0.9318943129038639,85.00000000,168.35871243,146
17,24,0.934922998176248,85.00000000,163.72056556,137
17,25,0.9300430633930199,85.00000000,152.99708056,132
17,26,0.9251778070637828,85.00000000,159.13790488,132
17,27,0.929781799452841,82.00000000,229.17906260,172
17,28,0.932601385776994,85.00000000,178.33621693,160
17,29,0.9302151097770642,85.00000000,174.56785297,142
18,0,0.9235677184768087,90.00000000,199.49082303,140
18,1,0.9281994211222471,90.00000000,192.59239936,169
18,2,0.9249018996137575,89.00000000,133.17242813,123
18,3,0.9252603545233449,90.00000000,208.84938455,173
18,4,0.9241264158853615,90.00000000,189.94066048,158
18,5,0.9274509296728272,90.00000000,178.55123377,145
18,6,0.9272826183474665,90.00000000,180.44680357,159
18,7,0.9213069001104519,89.00000000,139.22520113,126
18,8,0.9200352530287121,90.00000000,175.25563073,143
18,9,0.9260665801177963,90.00000000,151.51396990,128
18,10,0.9255182882958757,89.00000000,172.18522787,140
18,11,0.9248456749678786,88.00000000,185.38398862,167
18,12,0.9218697999401375,83.00000000,192.66537833,149
18,13,0.9285054826642805,90.00000000,156.75099659,135
18,14,0.9263114354940885,90.00000000,178.80363584,135
18,15,0.9270070349344018,89.00000000,204.76127410,161
18,16,0.9277233131179962,90.00000000,170.26231647,127
18,17,0.9244570055482966,90.00000000,170.46685123,142
18,18,0.9258635627508287,90.00000000,165.33803582,139
18,19,0.9209650131394582,90.00000000,165.63151050,140
18,20,0.9280072466487481,89.00000000,181.22243500,154
18,21,0.9321980836285322,90.00000000,175.89155769,136
18,22,0.9233153282411161,90.00000000,181.51342225,148
18,23,0.9166014770524606,89.00000000,175.24176455,153
18,24,0.9276787392400713,90.00000000,159.03869987,139
18,25,0.9332622072589192,87.00000000,162.45787597,137
18,26,0.9246553637359153,90.00000000,170.45837998,132
18,27,0.9317256464717621,90.00000000,131.41509438,113
18,28,0.928981372913454,86.00000000,171.93695903,149
18,29,0.9308681041669054,89.00000000,93.35690045,85
19,0,0.9241998840402332,93.00000000,172.93684316,149
19,1,0.9185811604382861,95.00000000,167.22998309,150
19,2,0.9231290853699293,94.00000000,170.12635398,144
19,3,0.9235431554256152,93.00000000,198.31648803,134
19,4,0.9217935921723235,94.00000000,251.58452582,197
19,5,0.9188633775053701,95.00000000,207.93328309,153
19,6,0.917096442285713,91.00000000,178.59250450,147
19,7,0.918827686709943,93.00000000,162.77274609,142
19,8,0.9196357720717464,95.00000000,231.25039124,168
19,9,0.9143012293895588,94.00000000,176.69877815,147
19,10,0.9208622037434174,95.00000000,179.18862081,147
19,11,0.9199692069779444,92.00000000,199.02018046,171
19,12,0.9153168329690189,95.00000000,188.98045301,159
19,13,0.9193743531022053,95.00000000,190.07903910,150
19,14,0.9111568436548405,95.00000000,158.81820703,133
19,15,0.9138740761562153,95.00000000,206.29320979,155
19,16,0.9233804273969954,95.00000000,190.83832932,154
19,17,0.9228628581664564,95.00000000,159.48385644,135
19,18,0.9184137377789945,95.00000000,191.29148483,148
19,19,0.9161595944301739,94.00000000,215.18010259,164
19,20,0.9148555106319051,93.00000000,176.68180466,156
19,21,0.9242891895340033,95.00000000,168.73205543,142
19,22,0.9190496083936869,94.00000000,193.03424811,148
19,23,0.9201609252029679,95.00000000,202.58956099,160
19,24,0.9187699796971497,95.00000000,170.84200931,146
19,25,0.9154969023258496,95.00000000,182.58454061,142
19,26,0.9243018620433023,95.00000000,189.71945572,156
19,27,0.9227461569759222,94.00000000,207.73229837,165
19,28,0.9199134902815156,95.00000000,200.86218858,160
19,29,0.9179280568824145,95.00000000,155.85688353,128
20,0,0.916765433712905,100.00000000,190.55621910,153
20,1,0.9082583795694571,99.00000000,198.38862991,156
20,2,0.9116930955612328,100.00000000,165.43820858,137
20,3,0.9128881019057835,100.00000000,165.03376770,140
20,4,0.9090314368295024,100.00000000,183.80869079,149
20,5,0.9125751956530384,100.00000000,173.80854630,141
20,6,0.9118415449933058,99.00000000,187.14766908,159
20,7,0.9256098159118749,99.00000000,175.27548885,148
20,8,0.9152741026962026,97.00000000,194.08293509,155
20,9,0.9128759761723091,96.00000000,254.77309704,174
20,10,0.9142395130611322,100.00000000,220.64423418,162
20,11,0.9070526099742529,99.00000000,196.58866000,148
20,12,0.912190201004895,100.00000000,168.97772789,151
20,13,0.9154395916812552,100.00000000,201.66909623,164
20,14,0.9191380907082904,99.00000000,202.87333322,164
20,15,0.9108953766224372,100.00000000,187.46104336,157
20,16,0.9126175499406594,99.00000000,168.90781379,149
20,17,0.915821831157678,97.00000000,180.43726897,157
20,18,0.9114171839680348,99.00000000,182.34236312,150
20,19,0.9119759399895591,99.00000000,252.72371531,180
20,20,0.9161757125423095,99.00000000,174.25115490,143
20,21,0.9136149680432923,99.00000000,189.38441586,156
20,22,0.9161329490875397,99.00000000,168.14004612,143
20,23,0.9160743586117792,100.00000000,174.30065632,142
20,24,0.9112854624367398,99.00000000,176.83944893,144
20,25,0.9091596001430822,100.00000000,200.49766684,154
20,26,0.9126303607431516,99.00000000,191.02897763,147
20,27,0.9234439211334415,100.00000000,251.41123414,190
20,28,0.9194954496082508,98.00000000,173.20308089,147
20,29,0.910737011959424,100.00000000,211.04080272,159
21,0,0.9052982688541468,104.00000000,196.38327909,152
21,1,0.9069796623797283,105.00000000,178.26776719,144
21,2,0.9155408153539104,101.00000000,261.62638402,184
21,3,0.9178701918849862,105.00000000,177.38880014,142
21,4,0.90746792261259,104.00000000,242.24466181,174
21,5,0.9134677768025483,105.00000000,241.15518022,159
21,6,0.9115052859549855,105.00000000,205.15489459,158
21,7,0.9199043495262885,103.00000000,188.82709146,152
21,8,0.9092690531060235,104.00000000,193.20840311,152
21,9,0.9088124457475049,103.00000000,196.42042804,148
21,10,0.9129632065115563,103.00000000,208.63967180,167
21,11,0.9171783719315888,105.00000000,154.04209042,128
21,12,0.9084962224816824,104.00000000,220.10813260,179
21,13,0.921152729068371,105.00000000,222.72524381,174
21,14,0.9125754868715519,105.00000000,231.68988419,174
21,15,0.9149130919537014,105.00000000,178.91639543,151
21,16,0.9062049981579988,103.00000000,193.20697236,153
21,17,0.9146472054922499,103.00000000,201.29887557,161
21,18,0.9122939122577645,104.00000000,166.00368810,139
21,19,0.9047549850608011,104.00000000,206.31546330,152
21,20,0.9030557015055453,105.00000000,202.66443276,154
21,21,0.911535968599964,105.00000000,175.46584511,147
21,22,0.9106838102376568,103.00000000,192.12266779,153
21,23,0.9137334665820966,105.00000000,201.81471491,162
21,24,0.9128619987094896,104.00000000,190.74974298,160
21,25,0.9172442722405466,103.00000000,212.64574432,175
21,26,0.9144813491975018,105.00000000,189.39239693,152
21,27,0.9190293823991752,101.00000000,151.56843734,130
21,28,0.9123788857709487,105.00000000,177.37408423,152
21,29,0.9010357029225556,105.00000000,200.88913703,170
22,0,0.9016603729146659,106.00000000,188.53005123,160
22,1,0.9087219620591993,110.00000000,197.37920570,159
22,2,0.8967017445070984,110.00000000,193.74901938,155
22,3,0.9104201493749107,110.00000000,154.47439313,134
22,4,0.9152362332998762,110.00000000,223.90154839,184
22,5,0.8973479134168575,110.00000000,233.54359317,184
22,6,0.9057405409382069,110.00000000,189.05809951,155
22,7,0.9060361017890773,108.00000000,178.65377188,153
22,8,0.9029602794252681,110.00000000,200.47359300,162
22,9,0.9101876856588326,108.00000000,229.52281713,184
22,10,0.9014266503843889,109.00000000,210.96354389,170
22,11,0.9042629364760119,110.00000000,191.68979216,163
22,12,0.9147933503412483,110.00000000,217.04504228,188
22,13,0.9049803577704326,107.00000000,231.77138090,169
22,14,0.9005646855194668,108.00000000,185.15866590,157
22,15,0.9100242851644357,110.00000000,189.55952835,153
22,16,0.8952745186126048,106.00000000,219.14975691,164
22,17,0.9144309281595328,110.00000000,218.39151645,167
22,18,0.9099056211794401,108.00000000,228.88002634,149
22,19,0.9145847176430678,108.00000000,214.94875360,174
22,20,0.9045216085347922,110.00000000,207.76140618,158
22,21,0.901369119980667,110.00000000,244.78773499,162
22,22,0.9080172236110436,110.00000000,157.61866188,134
22,23,0.9006625824977831,110.00000000,215.18108416,170
22,24,0.8983098319752548,110.00000000,310.56503677,228
22,25,0.9013012756221843,110.00000000,213.63730812,163
22,26,0.895240531286382,110.00000000,211.30740857,170
22,27,0.9052862937862909,110.00000000,198.62533450,159
22,28,0.9069838402069247,110.00000000,176.31969619,156
22,29,0.9080817094017434,110.00000000,226.29502988,180
23,0,0.9154175988207913,115.00000000,205.58402014,164
23,1,0.9193030733005748,114.00000000,228.30397487,160
23,2,0.9142968069570633,114.00000000,207.65062976,155
23,3,0.8986826452858941,115.00000000,204.10820198,163
23,4,0.9045553160738786,113.00000000,218.38533759,167
23,5,0.907964958272112,114.00000000,225.88358712,171
23,6,0.9063951923018536,112.00000000,232.65026712,182
23,7,0.8879215780875447,115.00000000,189.10511112,152
23,8,0.9055437933608438,115.00000000,195.99141979,157
23,9,0.8959220797776521,114.00000000,225.22526908,178
23,10,0.9161760878307607,114.00000000,202.61697531,169
23,11,0.9020816963682791,115.00000000,227.95092988,175
23,12,0.9016808567053513,114.00000000,196.02190924,147
23,13,0.9081514225964114,114.00000000,240.25630975,187
23,14,0.898249718662284,114.00000000,199.22160482,158
23,15,0.9084669559768974,114.00000000,216.74054646,165
23,16,0.9124506731639737,112.00000000,187.82689810,149
23,17,0.8987225213231316,115.00000000,237.18117070,181
23,18,0.9106258084490562,109.00000000,217.85674787,169
23,19,0.897869941678668,114.00000000,224.29242492,177
23,20,0.9117160964020077,110.00000000,95.52306938,84
23,21,0.9024992433210469,115.00000000,243.52831411,165
23,22,0.9005574248836647,112.00000000,208.36848927,163
23,23,0.9012909847288687,111.00000000,185.67918348,159
23,24,0.9058301768314714,113.00000000,227.62007284,179
23,25,0.9061626398981063,114.00000000,111.77599335,98
23,26,0.9089026929868577,115.00000000,293.47053623,188
23,27,0.9159943990082137,115.00000000,196.03837013,154
23,28,0.9175892928043894,114.00000000,201.31627536,164
23,29,0.9049051505070346,112.00000000,271.20997763,201
24,0,0.9147378393473209,120.00000000,276.49189258,196
24,1,0.9068725209442441,116.00000000,219.96120572,177
24,2,0.8927915571219529,120.00000000,200.64957643,153
24,3,0.8917345300953111,120.00000000,242.55706835,176
24,4,0.9089340135281371,120.00000000,221.77569342,170
24,5,0.900809656392829,118.00000000,213.47914720,169
24,6,0.8899700799618876,120.00000000,209.84390521,166
24,7,0.8966753627586317,120.00000000,213.60999441,162
24,8,0.9136468317636076,117.00000000,223.98982215,175
24,9,0.8948405245451032,117.00000000,197.87808084,153
24,10,0.9116000088206213,120.00000000,198.69265127,154
24,11,0.8922924405917807,120.00000000,177.41160297,144
24,12,0.8939965724905756,115.00000000,260.81262898,185
24,13,0.8916731194640614,120.00000000,219.33124137,158
24,14,0.9141045683613271,119.00000000,248.03679705,175
24,15,0.8826861908649719,117.00000000,215.74240637,167
24,16,0.8948407323447495,118.00000000,271.64559960,191
24,17,0.9077832967083814,119.00000000,230.44391823,183
24,18,0.9018298807491562,120.00000000,215.47750950,157
24,19,0.9505609586246312,120.00000000,71.95975733,61
24,20,0.888621217952613,119.00000000,203.51568985,157
24,21,0.9165631520443718,120.00000000,230.63185024,170
24,22,0.8938700763165419,120.00000000,222.85316348,159
24,23,0.8910768681677887,119.00000000,215.78057671,163
24,24,0.8966260792070162,120.00000000,268.00142074,186
24,25,0.8942173935025602,120.00000000,232.20817018,177
24,26,0.8921240156110757,120.00000000,215.82860279,163
24,27,0.9229710837164466,120.00000000,209.04097533,160
24,28,0.9165257858116752,120.00000000,222.65905666,170
24,29,0.8934005261030786,119.00000000,188.38401771,150
25,0,0.894217850436798,124.00000000,249.47066307,176
25,1,0.9159974299693414,125.00000000,232.16142464,179
25,2,0.9096145962755998,125.00000000,209.68973804,169
25,3,0.9030325409055573,125.00000000,210.37944031,166
25,4,0.8911206573206961,122.00000000,343.91378808,191
25,5,0.9024131071268019,119.00000000,177.10267735,142
25,6,0.9093475941088308,125.00000000,181.44455409,148
25,7,0.9267569529942494,123.00000000,192.97321057,146
25,8,0.9104209218941672,125.00000000,243.83657551,190
25,9,0.9234816632110509,124.00000000,273.60493660,194
25,10,0.8902339321609234,125.00000000,232.29974365,167
25,11,0.922160774468189,125.00000000,242.51118040,179
25,12,0.9176639203982381,124.00000000,238.93377328,169
25,13,0.894044522286623,125.00000000,262.91088748,193
25,14,0.9107939775096546,121.00000000,254.76987314,173
25,15,0.9066765395556268,125.00000000,194.94126916,152
25,16,0.8979341384884584,123.00000000,226.74582601,159
25,17,0.8933700859237226,125.00000000,231.63004184,175
25,18,0.9194149095101949,125.00000000,225.35364795,164
25,19,0.9317197550009155,125.00000000,233.00103211,182
25,20,0.9365578931963026,125.00000000,198.44210625,151
25,21,0.8956717420207057,124.00000000,213.90013599,165
25,22,0.9222542378582652,123.00000000,232.48153973,165
25,23,0.917416407313222,124.00000000,262.68009186,195
25,24,0.9093940819258323,125.00000000,218.97274470,167
25,25,0.9133933770910108,118.00000000,329.10107422,217
25,26,0.8848787872333995,124.00000000,295.38659787,202
25,27,0.9120363946648697,125.00000000,207.87962127,168
25,28,0.9000567362745837,123.00000000,219.61033773,159
25,29,0.8989909559109943,125.00000000,243.05056715,178
26,0,0.9284348616637691,130.00000000,221.02990913,171
26,1,0.9153868452673422,129.00000000,235.59678221,165
26,2,0.9528301702545594,130.00000000,65.52502632,54
26,3,0.8834840098878899,130.00000000,238.50353265,161
26,4,0.9197795067042289,129.00000000,232.59430838,169
26,5,0.9022079977704257,129.00000000,219.67880988,162
26,6,0.9234492515515508,130.00000000,229.64835215,159
26,7,0.9348530893844267,125.00000000,228.91453385,181
26,8,0.9223000292702473,130.00000000,237.59545851,179
26,9,0.915940624957234,130.00000000,218.18423462,155
26,10,0.9342003128113395,129.00000000,306.69173336,187
26,11,0.9059951115105884,130.00000000,209.71570992,162
26,12,0.8987666872977325,119.00000000,235.35630703,167
26,13,0.8988541855194911,130.00000000,219.64461851,166
26,14,0.9425871767777811,129.00000000,351.19280529,211
26,15,0.9294884799028119,130.00000000,210.71843362,155
26,16,0.9234356044311204,128.00000000,227.46065688,170
26,17,0.9104207996347956,130.00000000,224.57179093,169
26,18,0.9058421475074451,129.00000000,248.12942052,173
26,19,0.9283306262411002,130.00000000,206.35458040,154
26,20,0.9286981087796943,130.00000000,253.08184600,167
26,21,0.9237258905945421,130.00000000,229.50415993,173
26,22,0.8988197529108232,130.00000000,241.46437550,163
26,23,0.9237244513452496,130.00000000,267.69454193,176
26,24,0.928551667932306,129.00000000,234.60308647,179
26,25,0.9093506358219453,130.00000000,213.75096011,165
26,26,0.9270719776112858,130.00000000,204.13515878,156
26,27,0.9153308477587658,130.00000000,253.07955527,171
26,28,0.9244909874497855,130.00000000,219.96713829,164
26,29,0.9228648261652375,130.00000000,239.38594913,167
27,0,0.9455048456034344,135.00000000,236.40737009,177
27,1,0.9186600503715671,134.00000000,247.50076127,174
27,2,0.9283224928724545,135.00000000,233.01069450,167
27,3,0.9233071733679081,135.00000000,263.93995833,186
27,4,0.9288343736502351,132.00000000,256.54011297,164
27,5,0.9505206154279164,133.00000000,79.75541449,65
27,6,0.9404755436989662,135.00000000,255.83296251,189
27,7,0.9458791135031573,135.00000000,231.68691802,159
27,8,0.9318859518316847,135.00000000,292.64319634,196
27,9,0.9337079244507223,135.00000000,201.43268085,152
27,10,0.9327289962329434,134.00000000,239.27605319,175
27,11,0.9176332059091459,135.00000000,253.67816162,171
27,12,0.9164658906043834,135.00000000,206.26020503,160
27,13,0.9235383110264093,131.00000000,210.42798162,158
27,14,0.9155295550692653,134.00000000,240.07618451,179
27,15,0.9049595491522217,135.00000000,218.92212725,170
27,16,0.9322215264128565,133.00000000,254.15772843,180
27,17,0.9191700480100026,131.00000000,249.89442444,178
27,18,0.9246745816895089,135.00000000,219.16918659,171
27,19,0.9406761617140302,135.00000000,260.07063985,171
27,20,0.9248195242770408,135.00000000,278.99621940,179
27,21,0.9097470862011054,135.00000000,297.19120455,159
27,22,0.9164983017925034,134.00000000,464.09634447,221
27,23,0.924996580307401,134.00000000,495.92510962,191
27,24,0.9309419536597032,135.00000000,231.62939525,149
27,25,0.9290357957899357,134.00000000,442.55346131,181
27,26,0.9096815671141816,134.00000000,425.27259612,172
27,27,0.9285465274520155,135.00000000,312.25751209,168
27,28,0.9298730883008476,135.00000000,258.19017148,185
27,29,0.9272129362475781,135.00000000,367.88360810,165
28,0,0.917769085175342,139.00000000,417.88556337,172
28,1,0.9306894239199609,139.00000000,424.94060111,186
28,2,0.9180835124728215,140.00000000,361.50101948,165
28,3,0.9154897086936871,140.00000000,458.18035269,181
28,4,0.9010417087489756,133.00000000,424.83159733,192
28,5,0.9322746769519454,136.00000000,429.24482942,177
28,6,0.9155919974185099,138.00000000,405.87636757,187
28,7,0.9309676300465763,139.00000000,496.91115284,195
28,8,0.9416064081990074,139.00000000,498.47427773,193
28,9,0.919800413204165,138.00000000,460.87885594,181
28,10,0.9303238948770044,140.00000000,405.05678010,166
28,11,0.9279703564181606,138.00000000,426.58900237,185
28,12,0.9366813141276341,140.00000000,359.96777320,183
28,13,0.9228819458616644,140.00000000,223.78284383,171
28,14,0.9277872834076787,139.00000000,239.25744247,175
28,15,0.9110658457091274,140.00000000,230.93540192,164
28,16,0.930839809485026,134.00000000,256.14123178,172
28,17,0.9216231701394261,140.00000000,217.51549697,160
28,18,0.9077104603851519,139.00000000,217.11142802,158
28,19,0.9367191867625266,138.00000000,296.94493055,213
28,20,0.9341008001521192,138.00000000,264.08200240,182
28,21,0.9329593701286619,137.00000000,233.00002694,171
28,22,0.9102126264383075,140.00000000,206.22748923,151
28,23,0.9135756734959617,140.00000000,235.35498047,180
28,24,0.9278196034676179,140.00000000,254.35082865,186
28,25,0.9210836710601347,140.00000000,263.87128806,184
28,26,0.9162531609511533,140.00000000,259.36880016,190
28,27,0.9240742435482849,138.00000000,354.79067969,219
28,28,0.9352713232835528,139.00000000,274.33424187,191
28,29,0.924817271668804,140.00000000,230.04442716,165
29,0,0.9154077112785006,142.00000000,240.05592203,181
29,1,0.9238849350449971,144.00000000,231.68852234,173
29,2,0.938249090774454,141.00000000,262.77423739,183
29,3,0.9342252307158727,143.00000000,219.61084986,163
29,4,0.9101836362196284,143.00000000,262.44253659,185
29,5,0.9420828345761845,141.00000000,286.11759543,200
29,6,0.9262683029135317,145.00000000,278.38726068,195
29,7,0.9124634895193733,144.00000000,216.59297276,162
29,8,0.9256993520730085,143.00000000,332.98233461,203
29,9,0.9223213106685453,144.00000000,293.62254453,210
29,10,0.9252871507714444,145.00000000,297.71054506,205
29,11,0.9213585551364724,144.00000000,237.41118884,168
29,12,0.9317410248817635,145.00000000,287.20285177,210
29,13,0.9369150588014412,137.00000000,253.51786280,181
29,14,0.9304645166453288,145.00000000,255.59799123,182
29,15,0.9288056411865047,145.00000000,232.28503156,172
29,16,0.9342546411814132,145.00000000,291.07590389,199
29,17,0.9152761693695491,145.00000000,230.95687032,172
29,18,0.9269249161332018,130.00000000,284.07065487,197
29,19,0.9377125482824991,144.00000000,302.35707569,221
29,20,0.924284831844474,140.00000000,260.29539084,175
29,21,0.926957372700631,144.00000000,269.79000902,184
29,22,0.9222477348317788,144.00000000,250.77212691,168
29,23,0.9004050873869023,140.00000000,278.41829777,177
29,24,0.9504196870949111,140.00000000,108.74153638,83
29,25,0.9380505115883179,145.00000000,250.21939206,176
29,26,0.9351197765874917,142.00000000,236.13393760,173
29,27,0.9362003588558038,145.00000000,288.06875181,194
29,28,0.9181707949877158,142.00000000,266.85763860,195
29,29,0.9004961383571086,143.00000000,237.41458178,165
30,0,0.932294095872123,150.00000000,289.75294328,201
30,1,0.9324815682383419,150.00000000,269.87291002,187
30,2,0.9299842929946605,150.00000000,294.21587491,193
30,3,0.9119414126347434,150.00000000,254.76325965,186
30,4,0.9250074331201558,149.00000000,311.78219295,209
30,5,0.9344738503724082,150.00000000,314.40565300,198
30,6,0.9337015457827149,150.00000000,279.36530566,189
30,7,0.9047636478837723,147.00000000,251.58309746,175
30,8,0.9148681711269546,148.00000000,258.55417705,183
30,9,0.9079648066319125,150.00000000,257.24631333,181
30,10,0.916809728334436,150.00000000,281.73125744,183
30,11,0.9279224907620482,150.00000000,278.70282292,192
30,12,0.9218427565764218,150.00000000,231.68806982,165
30,13,0.9227893647124235,150.00000000,268.20214701,180
30,14,0.9210775943786464,146.00000000,294.56172752,184
30,15,0.9330925781529993,149.00000000,306.79070950,197
30,16,0.925613690952791,149.00000000,278.14245701,188
30,17,0.9106594631019032,146.00000000,290.55898976,188
30,18,0.9109660953891068,148.00000000,273.61752248,188
30,19,0.9249633826437719,149.00000000,265.67445970,186
30,20,0.9358846186377667,149.00000000,300.97008467,186
30,21,0.9246879913772175,148.00000000,319.40506291,193
30,22,0.9318498826589753,150.00000000,259.58883667,183
30,23,0.924982786771918,150.00000000,327.19076109,207
30,24,0.9104491570960507,150.00000000,258.09945846,181
30,25,0.9391214209634084,150.00000000,254.23292685,170
30,26,0.9226556286391202,149.00000000,307.92183876,220
30,27,0.9283841349090112,146.00000000,257.86584473,181
30,28,0.914208733371992,148.00000000,307.17402315,204
30,29,0.9152068362025041,145.00000000,306.93526459,199
31,0,0.9232050796709,155.00000000,250.21024108,178
31,1,0.9003326781176687,155.00000000,242.63808203,178
31,2,0.9267644383005493,155.00000000,270.15838337,182
31,3,0.9209903840413906,148.00000000,253.13518548,182
31,4,0.9145468972847168,155.00000000,279.15291953,198
31,5,0.9284922465997506,153.00000000,238.72424412,174
31,6,0.9275244646751117,154.00000000,300.76430917,208
31,7,0.9207763906827761,149.00000000,276.24362350,179
31,8,0.9279987706943043,154.00000000,269.92407417,189
31,9,0.9228688234629798,155.00000000,247.89127469,178
31,10,0.9076869278421673,154.00000000,289.04467607,212
31,11,0.9306879701227658,152.00000000,270.31468964,191
31,12,0.9178475412518787,155.00000000,254.05613232,177
31,13,0.9333320667113602,154.00000000,282.88094997,199
31,14,0.9091970394541872,154.00000000,261.87644458,190
31,15,0.9070566698576394,154.00000000,215.84713817,155
31,16,0.9249711073839952,154.00000000,256.10577345,185
31,17,0.9319152933632537,154.00000000,297.25332689,187
31,18,0.9250498852361366,154.00000000,276.40865564,189
31,19,0.9281296813233479,155.00000000,285.10892367,186
31,20,0.9255117214096601,154.00000000,243.24366570,169
31,21,0.9118459370752436,148.00000000,249.06043744,181
31,22,0.917910030506974,155.00000000,293.24085069,205
31,23,0.9115910109638573,154.00000000,282.47213578,186
31,24,0.9342280820151847,155.00000000,321.10865331,215
31,25,0.9189541424026789,155.00000000,282.67595911,188
31,26,0.9067696457338627,147.00000000,290.12055039,197
31,27,0.9230763822492903,153.00000000,227.98925591,157
31,28,0.9319680864096642,154.00000000,266.64777780,186
31,29,0.9161310147198751,155.00000000,265.66572833,184
32,0,0.9257599752424476,159.00000000,269.68857574,181
32,1,0.9163032844630711,160.00000000,294.51323175,189
32,2,0.9300611171170268,160.00000000,288.67353988,198
32,3,0.9389940365553804,160.00000000,292.29765677,192
32,4,0.9118654678546299,159.00000000,289.33670640,193
32,5,0.9227204946764412,158.00000000,337.13280225,201
32,6,0.915224370054187,158.00000000,318.38376546,201
32,7,0.9172002019013362,160.00000000,259.24996257,180
32,8,0.9207104290555637,160.00000000,260.77857494,177
32,9,0.9131996486745597,160.00000000,292.35164094,195
32,10,0.9109904738912785,160.00000000,288.71915007,189
32,11,0.9173799014450001,160.00000000,264.94237280,180
32,12,0.9192244076015837,160.00000000,260.55197811,181
32,13,0.9270503432946546,158.00000000,256.54340291,165
32,14,0.9209492185634094,159.00000000,279.53509855,186
32,15,0.9160335904605726,160.00000000,268.13529372,192
32,16,0.9137489892702301,157.00000000,308.78362751,195
32,17,0.9292665784058822,159.00000000,362.42162728,223
32,18,0.9378124492431333,160.00000000,296.23972464,180
32,19,0.9254982324373111,156.00000000,259.05043888,164
32,20,0.9291959102635853,160.00000000,315.07551289,213
32,21,0.9088105165519367,160.00000000,325.20904827,194
32,22,0.9342820159589522,160.00000000,274.82044363,178
32,23,0.9106380242823349,160.00000000,290.60448551,197
32,24,0.9132496631469031,160.00000000,306.17389226,187
32,25,0.9096805132938428,156.00000000,275.06509328,195
32,26,0.9467053903214107,160.00000000,370.57276249,217
32,27,0.9294441898531551,154.00000000,305.82047462,197
32,28,0.9085825536826972,160.00000000,279.61719513,185
32,29,0.9220580083726437,157.00000000,290.46630836,196
