7 12 4 5 5 6 8 14 0 11 8 13 13 1 1 0 9 9 2 2 9 2 10 3 3 13 13 4 12 4 14 5 12 5 2 0 1 13 5 0 5 14 14 14 8 7 4 1 5 7 0 2 4 2 10 8 3 13 14 14 0 14 11 13 11 14 1 14 14 8
0 4 6 9 13 11 8 6 7 7 8 6 8 1 8 1 11 14 10 2 9 1 0 2 13 13 2 4 11 14 4 5 1 12 5 4 13 3 13 7 5 7 5 14 6 1 5 8 9 9 9 5 2 2 9 10 4 1 13 13 13 14 13 13 13 13 13 1 13 0
5 9 7 11 11 9 6 6 8 6 7 12 9 0 1 8 10 9 2 2 2 0 10 3 3 11 12 4 11 4 13 14 12 4 13 6 5 13 6 7 7 14 7 14 6 0 6 6 8 1 1 8 10 2 2 5 10 14 13 13 14 13 14 1 13 13 13 3 14 1
6 5 9 6 5 7 9 11 14 13 7 12 8 8 1 0 8 10 0 2 13 11 13 3 12 3 11 13 11 4 14 1 12 5 2 6 6 13 0 5 7 5 14 0 1 4 8 1 9 4 9 3 8 10 10 1 2 13 13 13 14 14 14 13 13 13 4 8 14 0
9 13 9 6 8 11 10 11 14 12 10 8 9 1 0 1 8 9 2 9 2 12 11 3 13 3 14 11 4 11 12 12 12 12 12 5 2 13 0 5 14 7 14 14 1 1 0 8 6 2 6 4 10 8 7 11 11 0 13 14 14 0 13 5 14 12 13 0 14 7
12 12 11 7 7 14 12 10 10 10 0 8 0 1 9 1 8 0 9 2 10 11 13 10 3 1 2 13 11 4 14 12 14 12 1 14 13 6 13 6 14 7 14 8 8 8 1 2 0 0 1 9 6 5 10 2 10 13 13 13 13 14 4 14 9 14 14 2 13 13
13 4 5 6 12 8 10 14 0 14 13 11 7 1 1 9 1 1 0 2 9 12 10 13 3 14 11 14 13 11 3 12 5 13 1 5 0 13 6 6 7 0 14 5 1 6 6 9 1 9 1 1 3 1 2 0 7 13 13 14 14 11 13 11 6 13 4 12 13 7
0 5 10 8 5 6 14 14 7 8 10 8 1 1 1 8 8 8 12 2 10 2 10 3 13 3 13 11 4 0 4 0 12 13 2 1 6 13 14 6 7 14 7 14 0 0 2 0 0 1 6 8 10 5 2 10 9 13 13 13 13 13 14 14 14 0 13 13 14 10
0 0 13 10 0 12 13 14 14 8 7 12 11 1 1 8 1 0 10 2 9 10 0 3 3 12 12 2 11 4 13 12 2 12 5 0 1 13 6 0 7 14 6 14 5 5 6 8 8 8 7 10 6 2 0 6 10 9 13 3 13 3 14 11 14 13 11 13 4 5
6 9 13 10 8 9 14 14 11 6 12 7 0 7 1 8 11 14 2 2 2 10 14 13 3 12 3 11 11 4 3 2 12 13 5 6 6 13 6 0 7 14 14 14 1 5 3 2 7 1 1 9 4 4 1 10 0 14 13 1 14 13 13 4 13 13 14 6 13 9
13 6 7 9 6 14 6 0 6 13 13 13 7 13 1 12 0 0 10 2 9 0 0 10 3 14 14 11 14 2 12 13 5 12 4 1 14 13 13 0 7 4 14 4 8 0 7 7 2 2 3 6 10 9 1 10 0 14 13 14 14 2 13 11 13 5 14 14 13 14
9 8 6 8 6 9 6 7 12 13 9 9 9 1 11 1 8 1 2 2 9 0 0 3 1 14 3 11 4 13 14 2 12 14 0 5 13 13 13 6 7 4 14 7 3 8 7 6 5 7 3 5 5 2 9 5 4 14 13 3 13 1 13 3 14 14 14 14 13 5
11 4 14 11 9 9 14 6 7 11 12 7 12 13 1 13 8 10 9 2 13 14 13 3 10 14 11 4 11 4 3 14 12 5 4 13 6 13 6 0 0 14 5 14 4 4 7 8 9 9 1 0 2 10 4 10 11 2 14 14 14 13 14 13 9 1 13 14 14 4
3 7 10 6 13 7 11 5 9 6 0 14 14 1 1 1 10 8 1 2 9 13 3 3 11 12 12 4 1 11 13 13 14 12 5 6 6 14 13 1 7 5 6 14 1 0 7 0 6 8 8 9 5 0 10 0 8 8 9 13 9 13 5 14 14 13 2 14 12 7
10 13 5 0 5 7 6 6 6 0 7 12 9 1 13 1 8 0 2 2 2 11 10 3 3 0 14 11 4 13 1 12 12 12 2 0 6 13 4 5 6 7 14 8 4 8 4 8 2 4 8 1 10 3 9 0 8 13 14 14 14 1 14 3 0 4 11 13 3 0
13 4 11 10 9 7 14 11 6 13 7 7 14 7 1 14 9 14 10 2 0 10 10 10 3 14 1 13 11 12 12 5 12 5 14 6 6 13 0 2 7 6 14 6 1 8 8 2 7 1 3 0 9 10 9 0 10 13 14 14 14 13 13 14 13 3 13 8 14 0
4 4 10 5 5 13 11 12 8 7 7 9 9 1 1 1 8 14 2 2 2 2 12 3 3 11 12 11 4 11 3 4 12 12 1 0 3 13 5 6 7 14 1 14 6 2 0 3 9 8 8 10 6 10 2 2 2 14 14 13 14 14 13 13 13 13 3 13 3 0
7 0 8 7 7 0 11 0 6 13 7 10 13 1 1 8 1 11 11 2 9 1 12 3 3 11 14 11 4 11 0 2 12 5 4 5 4 13 14 2 7 0 14 7 5 4 8 9 0 9 8 8 9 2 10 1 9 13 14 3 14 14 14 2 13 4 0 14 13 0
14 0 0 8 9 10 8 9 6 8 0 7 9 1 8 1 8 9 1 2 12 11 1 13 10 3 12 13 4 0 4 14 12 14 1 5 6 13 1 3 4 2 14 6 2 8 6 9 9 1 1 9 10 10 1 7 9 0 14 9 14 13 13 8 13 5 2 8 14 9
8 14 6 9 11 6 6 6 7 10 14 0 14 0 1 13 8 9 0 2 9 13 10 3 10 3 12 4 4 4 13 0 12 0 0 3 3 13 6 5 3 6 14 3 8 1 8 0 8 9 6 4 9 3 5 1 7 5 14 10 13 14 4 13 1 12 13 2 9 1
13 10 4 13 14 14 14 8 6 13 9 14 7 1 7 1 10 0 2 10 2 9 14 3 13 14 3 11 14 0 2 12 5 12 12 5 1 3 13 0 7 14 14 14 6 4 8 5 6 1 7 5 0 5 11 9 3 5 13 13 14 14 13 12 14 2 14 13 14 4
0 11 5 0 14 9 7 9 10 9 14 10 11 8 1 9 0 11 2 9 2 1 2 3 3 3 11 0 4 11 1 13 12 5 1 13 14 13 5 4 7 0 14 2 7 1 6 7 6 8 0 1 2 3 3 3 1 13 14 13 11 13 5 4 13 7 13 4 14 11
12 7 0 11 13 6 14 6 0 10 14 7 13 1 1 8 10 9 10 2 1 10 0 3 1 13 12 11 4 14 4 12 14 12 4 0 6 13 5 14 7 14 14 14 8 1 8 1 8 0 7 2 9 3 8 10 0 14 14 12 14 5 14 13 13 9 14 12 7 6
11 4 0 6 5 10 8 14 7 0 14 8 7 1 9 1 13 9 0 2 2 10 3 3 1 3 11 2 3 4 12 13 5 12 5 6 13 6 13 14 7 7 14 7 8 4 8 5 8 0 8 1 2 7 1 2 9 13 14 14 13 14 13 14 13 13 13 13 4 8
0 12 14 14 14 6 10 14 0 6 11 11 0 1 13 1 11 0 9 2 12 12 13 0 13 1 3 11 4 4 12 12 5 12 2 2 3 13 6 6 6 7 14 6 0 8 5 0 4 3 3 2 9 7 10 0 8 13 14 14 7 14 5 13 14 13 14 3 13 2
6 12 13 7 0 5 0 0 14 12 10 7 8 0 1 8 0 11 10 2 10 12 10 3 10 1 3 2 11 4 14 2 12 5 1 13 6 13 6 5 5 7 14 1 6 5 2 0 5 1 9 3 1 0 11 3 2 14 13 8 0 14 4 14 12 13 8 13 1 12
14 4 14 13 12 6 14 13 6 6 10 14 8 1 1 1 14 14 2 11 2 13 10 14 13 3 13 11 4 4 12 4 12 12 3 13 6 13 13 2 3 14 7 14 0 8 8 6 0 1 1 9 2 10 9 2 9 13 13 3 13 11 13 6 10 13 9 14 5 14
6 14 13 7 11 5 14 7 8 7 0 8 7 1 9 1 8 8 0 2 0 2 10 3 3 14 14 11 4 13 2 1 12 5 13 4 0 13 7 7 1 7 14 6 5 8 5 6 7 9 9 4 7 0 10 10 1 13 14 13 14 14 14 14 5 14 5 14 4 4
8 12 12 7 12 9 12 8 0 8 0 14 14 8 1 8 8 9 10 2 9 2 14 3 10 2 3 11 4 0 14 13 12 5 1 4 0 13 5 1 14 14 14 14 1 6 1 9 1 1 0 6 10 9 4 11 11 14 13 13 14 0 13 13 14 2 14 5 14 13
5 12 13 13 9 11 7 0 6 9 12 13 7 1 7 1 8 10 9 10 2 10 11 13 3 11 2 13 11 0 1 12 5 3 0 13 6 6 13 7 6 7 14 0 0 6 5 9 9 3 9 4 8 8 4 2 0 14 13 9 14 12 14 0 14 2 13 5 14 1
