11 10 15 9 8 9 16 6 10 15 9 0 13 1 1 1 14 9 2 2 11 11 1 10 3 15 14 11 4 2 16 12 5 16 2 13 6 1 4 6 14 16 7 0 6 15 5 5 8 16 7 9 10 10 0 8 1 9 7 5 7 12 3 13 8 15 15 16 15 16 15 15 16 16 0 15 15 15 3 3
9 6 8 11 12 5 5 7 10 15 9 16 14 0 1 0 8 8 9 2 2 0 2 3 10 15 16 11 4 15 3 1 2 13 5 13 16 6 14 0 14 14 2 7 1 15 4 2 9 3 16 10 5 7 9 10 11 0 0 2 2 1 1 6 3 15 6 16 0 15 14 15 3 12 16 15 11 15 1 3
13 7 4 5 13 7 12 14 10 8 11 10 15 1 8 1 8 8 2 2 11 2 11 3 3 3 15 16 4 3 2 12 15 0 13 13 13 6 1 14 15 7 0 3 15 8 0 6 16 3 16 2 7 9 8 3 9 2 8 10 11 1 8 6 6 15 16 15 2 15 7 15 16 5 15 15 15 4 12 7
15 5 14 0 6 14 0 16 7 9 9 7 13 1 1 1 1 9 12 2 12 15 12 3 12 3 11 2 4 12 2 1 5 13 5 13 15 14 0 14 15 7 6 15 15 15 8 16 5 9 16 7 8 0 0 1 1 8 3 6 6 6 3 5 15 16 16 15 15 16 16 16 16 16 16 7 2 0 6 15
0 13 0 7 11 16 9 11 9 16 0 7 13 1 9 1 14 16 2 11 2 10 10 10 3 14 11 0 2 14 12 2 5 15 4 13 6 1 0 14 3 7 15 4 15 15 5 7 5 16 9 0 9 1 9 1 2 10 2 3 9 6 5 3 15 16 15 15 16 15 15 16 15 5 15 14 16 8 5 12
4 4 12 4 15 5 16 10 8 12 16 14 7 8 1 13 8 14 2 2 12 2 10 3 2 16 3 11 4 2 13 12 12 5 2 4 6 0 2 14 7 6 0 4 8 15 8 8 8 2 16 2 10 6 1 8 6 7 11 2 2 2 5 9 0 16 15 15 4 15 0 16 15 12 15 0 15 2 10 11
14 5 16 12 5 15 9 6 6 6 12 13 13 9 1 11 12 14 9 2 10 0 15 10 11 3 11 0 4 15 15 5 5 13 5 13 1 6 0 14 0 16 6 7 15 8 8 9 6 3 16 9 4 2 4 2 1 8 9 0 2 9 6 3 10 15 15 16 15 16 16 15 15 16 15 15 15 15 15 16
13 7 8 7 5 12 7 10 14 16 0 7 9 1 9 1 8 16 0 2 14 13 10 3 10 3 1 3 4 16 12 16 12 16 13 13 6 14 0 6 14 16 0 8 15 8 7 16 6 6 16 1 0 2 10 4 2 0 12 3 1 9 9 6 1 15 15 15 15 16 16 16 15 15 5 15 4 16 3 5
14 4 4 8 8 8 11 13 0 7 10 13 8 1 1 10 1 9 2 2 9 10 10 3 12 3 11 4 4 16 12 0 5 16 5 13 2 3 15 1 14 7 3 7 15 15 6 8 7 16 0 2 10 2 7 4 10 7 1 0 9 6 13 13 16 16 13 16 10 16 16 15 15 5 15 13 1 3 5 0
4 15 7 9 11 11 10 7 11 14 0 16 9 1 8 1 15 1 9 2 0 2 16 3 3 11 2 11 4 2 12 12 14 13 5 13 16 15 1 14 7 3 2 7 15 7 16 1 16 16 16 6 9 9 6 9 4 2 11 9 1 2 13 11 16 15 15 16 15 16 16 5 13 15 11 15 15 2 8 0
13 14 6 16 8 7 9 7 13 9 15 8 12 1 0 1 16 1 1 2 9 16 11 3 16 3 15 11 3 4 14 12 15 5 16 13 16 16 1 1 14 15 4 6 15 8 2 0 9 9 16 10 10 10 1 10 4 11 3 12 0 5 13 0 14 15 15 15 15 16 15 15 16 14 16 16 15 4 6 7
5 13 12 9 10 0 10 6 11 7 16 7 10 0 1 8 13 8 9 2 12 14 2 11 3 12 2 11 4 15 4 12 15 2 13 13 13 15 4 7 14 7 1 4 15 15 4 4 9 6 16 4 10 10 9 1 9 11 6 12 4 5 6 10 3 16 15 15 5 16 1 16 2 16 16 16 2 16 15 13
14 16 15 4 8 7 11 10 0 6 14 0 8 13 1 11 8 16 2 13 15 10 2 3 12 1 16 11 4 14 3 0 0 5 2 13 6 14 5 2 14 7 5 4 1 15 6 6 2 16 1 16 5 10 1 1 3 3 0 3 7 10 3 4 1 15 11 15 4 15 13 16 4 16 16 4 8 16 2 6
14 14 9 9 8 10 9 10 9 14 0 9 15 8 1 8 16 16 16 2 1 11 0 16 3 0 11 4 4 4 16 12 4 13 5 2 4 15 14 7 14 7 0 3 15 8 4 8 0 16 3 7 0 9 8 0 3 0 0 7 1 11 10 9 16 16 16 15 16 15 12 15 16 15 15 16 15 15 2 15
12 11 7 0 0 16 15 6 16 0 13 9 8 1 1 1 8 16 2 2 11 2 10 14 3 1 11 12 4 16 16 12 1 13 15 5 16 15 6 14 7 5 5 15 7 15 8 0 16 1 16 8 7 2 9 11 1 10 7 11 8 1 6 2 16 16 16 16 15 11 15 15 16 6 15 4 15 16 16 4
14 13 7 13 6 15 7 6 16 16 11 8 12 1 1 1 13 14 2 9 2 15 11 13 3 16 11 11 4 15 12 16 5 5 15 15 13 6 14 6 14 7 16 15 15 15 8 0 16 9 16 8 0 1 1 7 2 9 2 1 5 0 10 13 15 15 15 16 15 16 16 16 16 16 15 16 0 16 15 15
4 4 14 10 7 6 14 0 16 12 13 7 7 1 8 1 8 1 2 2 2 15 10 3 11 3 11 16 4 12 4 3 0 5 13 15 3 6 6 14 7 5 6 2 15 7 8 16 9 16 7 0 10 8 7 9 11 4 10 1 11 0 1 3 16 16 16 16 16 7 15 4 15 13 15 13 15 2 6 0
3 14 6 4 10 5 16 0 6 9 14 0 10 1 1 1 11 0 2 2 15 16 10 3 11 14 16 12 4 14 15 12 5 14 0 14 13 6 15 3 14 14 1 5 3 15 8 2 6 9 16 9 3 9 4 0 2 1 1 9 12 6 7 1 11 15 15 15 15 15 15 6 16 16 16 1 1 1 3 0
15 11 16 11 13 7 6 6 9 16 16 7 12 15 1 15 11 9 9 2 9 13 2 11 3 11 11 11 0 4 2 13 15 5 13 15 0 4 4 14 7 7 3 4 15 0 8 9 9 16 7 10 10 4 6 9 11 0 1 8 0 11 12 0 15 15 15 16 15 15 15 14 15 16 16 4 12 3 16 2
0 5 7 7 16 8 12 13 11 7 7 9 10 1 10 1 10 0 9 2 11 0 13 2 3 15 13 11 4 0 3 4 5 5 14 13 5 1 4 14 7 14 0 7 7 15 4 3 16 9 16 5 4 2 6 8 2 9 0 7 8 4 2 8 13 15 15 15 16 15 15 15 15 16 16 15 6 1 0 4
7 16 5 8 0 6 13 6 8 6 14 10 9 1 1 9 1 15 11 2 9 2 0 10 13 3 15 11 4 12 12 5 5 5 5 4 13 6 1 0 14 7 6 0 15 16 2 9 2 16 2 16 10 10 9 8 5 1 12 6 0 12 1 10 10 15 15 12 16 15 15 13 15 16 16 12 15 15 3 15
7 6 8 9 14 0 10 9 0 16 8 7 9 1 14 1 12 16 9 2 2 2 11 3 3 3 11 15 16 4 12 12 5 0 5 13 2 2 0 14 7 0 15 16 15 8 2 6 16 7 16 5 9 1 2 2 8 7 2 1 12 3 0 7 15 15 16 15 2 16 16 15 15 3 1 16 16 8 16 0
16 4 13 10 14 15 8 7 7 8 10 7 7 11 1 9 12 15 2 1 2 15 10 3 0 3 14 2 15 4 12 16 5 13 13 5 6 6 5 14 7 7 5 4 15 8 6 16 16 16 16 6 10 2 4 7 10 9 11 1 8 2 9 3 16 16 15 15 15 16 16 16 15 16 15 15 14 15 16 15
5 5 9 5 8 8 16 14 16 13 16 9 14 9 1 8 15 11 15 2 0 13 10 3 2 15 14 4 4 4 12 13 12 16 4 4 6 16 2 14 5 7 3 5 15 8 16 7 16 16 16 1 10 3 10 9 1 11 10 7 7 5 3 2 16 16 13 16 2 15 15 15 15 15 15 16 16 16 13 14
4 0 15 15 10 10 9 12 16 8 11 0 7 1 7 1 9 11 2 9 2 10 10 16 3 2 11 0 12 14 12 15 16 5 13 1 6 15 15 2 14 7 15 5 8 15 16 8 0 0 16 6 10 3 1 6 5 11 0 0 1 1 7 8 7 16 13 15 12 15 0 15 16 9 16 1 10 13 15 16
10 16 16 8 12 8 6 6 6 7 0 10 11 1 1 1 16 13 2 9 2 15 12 3 3 16 11 4 4 15 4 12 5 4 13 5 15 6 14 14 14 7 3 3 15 2 8 6 0 16 2 8 7 10 8 2 10 8 2 5 12 12 0 3 16 15 15 16 15 15 15 16 0 15 3 16 14 2 16 16
15 6 8 14 13 10 8 15 6 8 10 7 15 1 1 1 9 15 2 9 2 16 11 2 3 11 15 2 15 15 12 5 16 5 13 3 16 4 15 14 7 2 7 1 15 8 8 6 2 16 2 6 8 10 10 1 11 1 10 2 0 0 6 2 16 15 15 15 15 3 16 5 15 16 16 3 16 16 15 14
10 6 8 13 0 6 7 16 6 7 6 7 7 1 1 0 1 9 14 2 10 2 16 10 3 0 3 16 4 2 4 14 5 13 13 13 6 5 6 15 14 7 2 15 4 15 8 3 9 16 5 4 9 10 1 3 3 3 5 5 1 1 10 10 10 15 15 15 16 16 14 16 1 16 14 15 15 4 16 4
0 4 5 5 10 7 8 14 9 16 10 8 8 10 1 11 11 11 2 2 2 14 10 3 3 11 1 4 15 4 12 15 16 5 0 13 16 6 4 14 5 5 4 15 8 15 5 8 16 16 16 9 5 1 5 1 8 8 10 9 2 1 5 0 16 15 15 16 15 0 15 16 15 16 16 2 16 12 15 15
12 16 5 16 0 6 6 9 8 9 11 7 10 1 1 11 16 9 2 2 2 2 10 10 3 16 2 11 14 4 12 12 1 5 16 13 5 6 3 14 7 7 15 0 15 15 2 5 16 6 16 7 7 5 10 0 10 8 6 1 7 4 7 2 15 15 15 16 15 16 16 15 15 16 6 2 15 0 4 15
