8 10 0 11 11 14 0 16 6 11 7 7 12 1 0 1 11 1 2 10 2 0 10 0 3 14 17 4 4 1 4 12 5 4 3 16 6 3 14 6 3 0 15 16 5 8 3 6 16 7 8 17 17 17 17 1 6 1 0 3 12 2 10 10 2 2 2 0 17 16 16 17 16 17 16 16 17 16 16 14 16 16 17 16 9
0 7 7 7 12 15 7 9 8 9 7 17 17 1 9 1 0 10 9 2 14 2 17 3 1 3 11 12 4 17 12 5 5 5 5 13 6 14 6 6 3 7 0 15 8 8 4 16 5 16 9 9 8 17 5 2 11 0 9 8 2 10 0 0 8 4 0 2 16 16 17 17 17 17 17 17 16 17 16 0 6 16 15 8 4
0 14 12 12 8 9 15 8 17 11 9 8 13 1 17 1 11 11 0 2 1 10 0 0 3 2 11 2 16 4 17 16 5 13 15 17 6 1 14 17 4 7 15 15 15 7 6 16 5 1 17 9 17 8 17 1 9 11 6 1 2 9 4 13 10 0 2 2 17 3 3 13 16 16 16 1 17 5 17 17 14 11 7 15 15
15 17 8 14 16 6 14 14 7 9 0 13 12 1 1 9 1 9 2 15 2 2 2 3 11 16 11 11 4 2 3 12 5 1 13 13 16 5 6 14 7 3 15 1 8 0 8 16 1 16 6 17 17 17 17 2 1 3 10 10 9 11 11 8 1 6 3 14 16 17 17 17 16 17 16 16 6 17 16 17 17 14 16 17 13
11 7 8 7 8 9 9 9 6 10 9 17 10 1 1 1 1 10 2 1 2 12 1 11 3 17 12 3 4 17 13 12 5 17 13 2 6 0 4 14 14 16 8 8 15 8 6 7 16 7 5 17 17 17 17 10 9 5 8 6 9 9 0 8 5 6 0 0 9 16 13 16 8 16 16 17 16 16 16 0 0 17 11 16 8
16 0 6 0 16 7 14 11 8 17 8 9 0 1 1 1 12 15 2 2 2 13 10 3 0 3 16 11 4 3 12 14 0 5 13 15 6 0 14 6 6 7 7 15 16 1 3 1 16 8 6 5 4 17 7 5 11 1 0 9 2 11 1 3 13 8 0 0 14 17 16 16 16 16 16 17 17 17 16 16 16 17 3 16 17
7 16 13 11 5 12 10 14 11 8 16 17 9 1 10 1 16 9 16 2 13 13 10 3 12 3 11 0 4 14 17 4 5 1 4 14 6 6 14 14 2 15 16 7 16 7 16 2 16 6 6 10 17 1 9 5 1 1 0 12 8 12 8 1 1 11 7 3 16 16 17 14 17 13 17 4 16 15 16 16 14 17 10 6 9
14 8 15 8 5 5 6 0 9 6 15 10 16 10 1 13 9 11 9 2 11 2 2 0 3 13 2 16 4 15 12 5 5 5 13 13 4 1 6 14 7 15 17 8 15 8 3 17 16 7 3 0 5 17 4 9 5 1 11 2 10 1 10 12 8 5 13 8 16 16 16 17 17 16 1 16 7 16 12 16 0 4 15 13 16
16 4 12 14 17 9 14 7 10 9 8 8 7 1 1 1 11 9 1 2 11 12 10 13 3 13 0 16 1 14 17 12 5 5 13 5 0 6 14 1 14 7 15 4 8 7 0 1 16 1 7 1 17 2 17 8 1 1 0 12 1 4 10 2 6 4 9 11 16 16 16 17 17 15 17 17 16 14 17 16 16 16 0 15 0
0 15 4 5 17 7 11 9 0 8 13 14 9 1 8 1 0 13 2 9 2 0 10 3 16 13 14 11 4 0 4 12 4 5 4 13 2 16 6 14 14 7 15 15 5 8 4 8 16 16 17 9 1 17 17 11 6 2 1 12 2 12 7 9 7 7 8 14 12 16 1 16 12 17 17 17 17 16 16 4 5 16 3 3 17
5 14 16 7 5 12 6 8 0 9 12 10 0 8 1 0 14 9 9 2 12 12 10 3 1 0 3 4 4 1 15 12 5 2 13 16 6 16 6 14 2 2 3 15 8 16 17 1 16 0 9 17 17 1 17 9 11 0 5 7 2 11 12 2 1 9 9 4 16 16 16 17 16 16 16 4 17 2 16 5 16 17 17 11 6
16 8 14 11 12 13 16 10 6 14 17 7 7 1 1 1 1 12 2 2 13 2 10 12 3 1 16 0 4 12 14 14 5 17 13 13 6 0 6 14 14 5 15 8 15 8 7 16 16 16 9 4 4 17 7 5 7 10 4 8 9 8 10 4 2 6 1 2 2 16 4 16 16 16 16 16 16 16 6 17 14 16 17 17 11
7 8 8 8 12 12 9 16 12 16 8 17 8 1 1 8 8 1 2 2 12 2 10 10 3 16 3 4 12 4 16 12 16 3 5 2 5 6 17 14 5 4 15 8 7 8 16 5 16 8 0 17 10 17 17 9 4 1 10 3 12 1 5 4 12 3 14 1 17 17 16 16 16 0 13 5 16 5 17 15 17 1 17 17 3
16 8 9 11 7 15 15 6 9 16 13 17 8 0 1 13 0 15 9 2 15 13 10 1 3 16 3 11 4 16 12 13 4 5 0 17 2 2 14 4 16 7 0 15 1 1 3 5 16 7 2 17 17 4 17 8 11 3 0 4 2 11 1 1 12 11 12 4 16 16 6 17 12 16 4 16 3 5 17 11 11 16 5 6 6
12 4 12 4 8 6 0 8 9 17 16 7 13 1 1 14 8 11 2 2 2 12 10 3 16 11 2 11 4 16 12 4 2 2 17 13 2 6 14 2 7 5 15 3 15 4 8 16 9 16 17 7 7 17 1 11 11 8 1 9 12 9 8 1 4 8 2 1 16 16 16 17 17 16 16 17 16 16 17 17 17 17 16 9 12
0 8 10 5 16 11 16 17 17 14 17 13 8 1 1 16 17 1 13 2 15 2 10 3 3 2 17 4 4 1 3 12 5 14 13 2 6 6 14 15 17 4 7 15 8 8 5 8 16 7 9 17 0 17 17 4 3 11 10 8 12 7 11 2 11 0 1 14 2 17 16 17 16 16 16 3 17 0 16 8 17 6 17 4 17
13 15 16 7 17 6 9 16 0 11 8 7 17 1 0 1 9 9 2 2 2 10 2 3 10 3 3 0 0 12 16 13 4 5 4 13 6 3 6 16 4 5 7 15 4 8 6 9 16 9 6 8 17 7 17 0 11 2 4 9 9 2 8 3 3 7 2 7 17 17 3 16 4 16 16 16 1 16 15 14 16 16 6 17 17
4 15 8 5 16 13 12 17 15 10 7 9 8 1 1 9 9 1 13 2 10 0 17 3 16 3 11 4 4 16 2 14 5 0 13 17 6 14 15 14 7 0 16 15 17 17 0 3 16 9 6 3 17 0 17 7 6 1 9 12 7 10 3 12 1 0 14 11 17 16 14 16 12 16 17 16 13 16 8 17 16 16 17 16 15
0 15 17 5 14 8 7 7 17 17 17 17 17 1 1 8 1 14 14 2 17 11 10 12 3 11 17 16 4 12 4 12 17 15 15 0 17 6 14 0 5 4 15 6 15 8 16 1 16 7 9 17 2 17 1 10 11 0 8 4 2 12 6 11 1 13 8 4 17 16 16 16 16 12 17 3 16 14 6 14 3 16 1 16 3
5 10 11 0 6 17 7 6 13 6 0 16 13 1 1 13 1 1 2 9 2 10 0 12 3 16 2 3 4 12 17 5 0 5 13 16 14 17 15 14 2 15 7 15 8 1 4 16 9 16 3 17 17 17 17 1 5 11 3 8 11 5 2 9 5 11 5 14 16 17 17 16 17 17 16 16 16 17 17 16 16 4 17 8 11
8 6 9 5 0 16 0 16 9 10 8 10 9 9 1 14 9 13 2 2 2 16 2 3 11 12 17 15 4 1 12 2 5 4 2 13 16 6 1 14 7 7 17 15 8 5 2 8 16 1 1 6 6 17 2 1 0 0 9 8 3 3 2 5 10 3 2 10 14 16 2 16 13 17 3 17 9 6 16 8 15 16 4 4 17
16 12 13 12 0 15 10 9 14 7 13 8 10 1 10 1 17 0 9 2 13 14 14 1 3 15 13 2 4 12 17 14 5 17 13 3 13 6 1 2 14 0 17 15 8 5 17 16 0 16 9 17 2 17 17 0 7 9 2 1 7 11 9 5 3 6 7 9 16 16 12 16 10 16 16 3 16 17 16 16 16 17 15 14 12
5 11 10 12 13 16 13 15 0 8 7 8 16 1 1 11 10 1 2 10 2 17 10 3 11 3 17 17 4 12 2 1 5 2 13 16 6 15 5 14 17 7 7 15 1 0 2 1 16 9 3 2 3 17 10 10 9 8 1 10 10 11 9 13 3 11 3 10 16 11 16 16 17 16 16 16 16 17 16 14 16 14 17 17 12
15 5 17 9 14 6 9 6 14 7 14 11 11 1 8 1 13 1 2 9 2 11 11 10 3 11 2 11 17 4 14 16 0 5 16 16 17 0 14 15 0 16 17 15 17 0 1 5 16 4 9 10 17 0 17 4 11 0 8 0 10 2 12 5 3 3 0 11 17 17 16 16 17 16 4 17 1 16 6 5 16 13 0 3 15
10 9 6 5 9 12 10 17 9 7 13 11 8 1 15 1 17 15 9 2 0 10 2 10 3 13 16 11 4 16 1 12 0 5 14 13 2 6 16 4 4 2 5 15 3 1 8 16 3 0 9 9 17 1 17 1 9 0 11 12 0 11 13 5 13 11 10 13 17 16 2 16 16 16 17 5 16 16 17 8 16 16 16 1 16
17 12 8 16 13 8 16 14 9 15 12 13 11 1 8 1 16 10 2 2 2 11 10 3 13 13 3 4 3 4 14 12 1 5 13 13 6 4 16 14 16 15 7 15 8 16 8 5 16 8 7 0 17 17 17 1 3 1 1 1 12 9 6 11 12 3 2 12 14 16 16 16 16 17 17 17 17 17 17 6 16 17 17 16 1
4 12 8 11 5 17 16 8 8 0 7 17 10 1 1 10 1 10 2 2 10 15 3 3 1 3 11 12 4 4 12 15 5 17 13 5 6 14 3 14 7 1 7 15 1 1 8 16 0 6 8 3 17 1 10 1 7 9 9 0 4 3 9 8 3 12 5 14 16 17 17 14 17 1 17 16 17 17 16 17 17 3 16 10 5
15 5 12 7 16 9 6 11 13 17 7 8 0 1 1 1 0 1 2 2 10 17 2 3 3 0 11 4 3 4 16 4 5 2 13 16 6 4 14 3 7 5 5 15 16 7 16 6 16 9 8 0 9 17 7 4 8 3 8 5 11 9 5 5 12 3 0 3 17 17 17 16 12 16 14 0 16 3 15 16 9 14 17 0 0
10 13 9 15 14 0 12 6 11 7 0 11 15 8 1 14 0 12 16 2 1 16 10 3 14 16 3 17 4 12 4 0 5 16 13 3 6 6 0 14 3 2 6 15 8 8 7 2 16 6 7 0 10 17 3 10 9 11 1 8 0 9 1 0 3 13 3 2 17 17 17 16 4 12 16 16 16 16 17 16 17 2 0 7 14
9 0 10 13 16 14 8 15 12 8 7 17 16 1 0 1 11 0 2 2 2 2 10 3 3 16 1 17 4 12 4 16 13 5 13 13 6 0 6 14 2 4 6 15 6 8 7 16 17 7 9 9 5 17 0 8 1 10 1 11 0 12 0 10 7 12 7 3 16 17 16 16 16 1 17 17 16 16 16 17 16 6 17 16 13
