7 5 17 6 9 8 5 9 0 18 9 7 7 1 12 1 14 11 14 2 2 10 12 3 16 15 11 4 4 12 4 12 5 3 17 13 6 6 14 14 7 0 15 4 16 7 8 16 7 9 17 5 17 2 10 10 11 18 8 12 10 2 8 13 2 2 6 2 11 12 1 0 17 17 18 18 18 17 17 18 18 17 17 17 17 4 16 1 10 9
13 16 8 16 7 11 15 17 15 12 15 0 0 1 8 1 16 16 18 2 2 10 2 3 16 16 3 18 4 1 12 13 13 13 5 0 6 2 14 3 3 7 15 17 18 8 16 8 0 17 7 17 0 7 10 10 18 4 3 0 1 5 1 1 2 1 11 11 3 9 7 16 18 18 18 18 1 17 17 17 17 6 17 17 7 17 10 6 14 8
18 8 14 9 5 15 7 17 6 18 17 13 18 1 1 1 14 13 1 2 13 10 12 18 3 11 13 4 4 4 2 13 5 5 13 6 6 15 14 6 4 7 15 16 8 2 7 16 9 5 7 0 17 4 10 6 5 18 18 8 0 12 9 8 7 4 9 0 6 4 13 15 17 17 18 17 17 17 17 1 18 13 17 1 17 1 18 13 8 16
3 10 7 16 14 7 8 15 9 18 8 13 11 1 18 1 0 9 11 2 0 10 10 3 0 11 13 17 4 12 3 12 5 15 5 13 0 14 2 14 2 7 18 0 8 5 16 8 16 9 17 17 17 17 6 8 18 18 18 12 0 9 11 2 4 1 10 4 7 1 0 5 17 17 17 18 5 18 5 3 17 4 18 4 18 17 17 8 2 1
6 18 11 18 12 15 17 8 17 6 6 18 0 1 9 1 14 9 9 2 9 14 2 0 14 0 11 15 12 4 17 18 5 18 5 5 18 6 14 15 7 5 16 15 1 8 8 16 18 8 6 10 17 9 10 9 0 18 11 5 7 3 10 3 11 0 6 3 3 13 14 15 17 17 11 17 13 18 18 17 18 0 17 9 18 4 18 14 17 4
16 14 17 0 17 0 13 0 7 14 7 7 12 1 1 13 1 18 2 2 10 2 11 3 3 12 14 0 1 4 12 4 17 5 13 6 6 14 5 14 18 7 15 7 16 8 16 4 9 9 9 17 0 2 0 1 18 2 6 2 11 10 4 13 12 7 10 6 2 4 11 18 17 15 17 12 17 4 17 9 18 2 17 6 17 18 17 5 18 3
16 0 12 12 15 17 9 6 6 13 11 7 18 1 1 1 1 1 2 2 2 16 13 12 3 13 2 11 12 4 18 5 17 5 17 13 6 6 14 1 7 16 7 15 2 16 16 16 8 9 17 9 17 6 6 7 11 18 2 7 12 1 3 10 13 4 2 8 10 8 6 0 17 17 7 17 17 18 5 17 2 17 17 18 18 17 15 18 18 2
17 7 8 5 14 8 6 12 10 0 18 15 14 8 1 0 8 12 2 9 2 0 10 2 3 18 11 2 4 4 4 4 13 0 13 15 6 1 14 6 1 7 15 2 17 8 16 5 9 18 2 5 17 10 8 1 11 18 10 1 10 9 11 13 2 2 13 12 10 4 7 11 18 17 17 17 17 17 17 17 18 18 1 17 15 17 17 17 17 17
8 17 0 12 9 0 16 9 0 8 18 16 13 1 12 1 0 10 10 2 17 18 10 11 3 17 3 3 4 12 2 5 5 17 13 16 6 14 15 17 4 1 3 15 4 8 17 16 8 0 3 17 9 3 4 18 11 18 7 1 6 4 12 6 10 12 6 4 1 3 6 18 17 4 18 17 17 0 17 17 5 17 2 18 17 17 0 17 7 3
17 14 5 0 5 17 6 13 9 11 9 7 18 12 1 18 18 14 9 2 10 12 12 10 14 3 12 11 4 4 4 17 5 13 5 14 16 6 0 14 16 18 7 15 16 1 16 4 0 6 6 17 10 2 8 18 18 18 18 1 0 5 13 6 0 4 13 13 14 6 3 15 18 17 17 17 17 17 17 17 18 17 15 18 17 10 18 12 18 9
15 5 6 5 18 18 6 12 7 13 7 16 0 1 1 1 1 9 9 2 14 13 11 3 11 3 11 17 4 4 15 12 17 5 13 17 1 3 14 7 7 17 0 7 8 8 16 4 16 9 9 17 17 3 9 7 18 0 18 9 12 2 0 4 0 1 6 2 0 6 13 11 18 18 18 18 17 17 17 5 17 2 17 11 17 18 1 17 6 17
10 6 0 16 0 16 17 6 8 9 9 18 10 1 1 13 1 9 2 2 2 13 14 3 3 3 3 0 15 4 12 13 18 5 15 17 1 14 14 14 6 7 15 16 8 16 8 16 6 17 0 17 9 10 9 7 18 10 9 11 12 11 12 2 0 10 2 8 11 13 1 18 17 13 17 5 17 15 17 13 17 17 18 14 17 4 17 0 6 12
17 5 4 16 0 8 6 16 11 6 9 13 0 10 1 8 10 12 2 13 2 0 2 3 3 3 11 4 4 12 12 18 5 17 15 13 6 1 14 1 7 18 18 15 3 8 6 16 4 9 1 2 17 3 3 3 7 18 2 1 6 3 13 7 2 2 13 11 3 3 14 11 17 17 18 18 18 13 17 3 17 6 17 6 17 4 18 7 15 4
0 0 5 15 8 17 15 6 7 8 12 8 7 16 1 18 8 13 2 2 2 13 10 3 11 3 11 17 4 4 12 2 5 18 5 13 3 6 14 14 7 18 0 1 8 16 16 16 16 9 8 7 17 4 18 7 8 18 10 12 1 9 5 6 9 2 12 1 13 14 13 13 17 17 18 18 18 17 5 17 17 17 17 18 18 13 18 18 11 8
14 16 13 8 15 0 10 6 8 17 12 0 16 1 8 1 16 13 10 2 10 13 12 10 3 1 11 14 4 12 17 12 5 5 17 1 6 17 6 14 17 1 2 15 1 1 16 8 16 9 7 5 17 10 6 1 2 18 2 3 7 7 7 6 2 3 1 2 7 14 10 8 18 17 17 18 17 17 13 17 0 17 6 17 18 5 17 4 2 15
17 16 18 7 12 8 9 16 15 18 7 13 16 1 9 1 14 10 13 2 10 14 12 3 3 14 14 3 12 4 4 0 5 5 13 17 2 6 14 2 4 0 15 0 8 7 16 6 7 9 2 17 3 6 10 7 18 9 9 10 1 6 8 2 6 11 2 2 9 0 11 17 17 17 18 17 18 17 17 17 18 17 17 3 10 18 17 3 8 6
18 17 7 0 15 13 6 14 17 0 9 16 15 1 0 1 9 11 2 1 2 12 12 13 3 14 11 4 0 4 13 12 5 14 3 13 6 6 4 15 3 7 15 18 16 8 17 16 17 8 5 6 17 2 9 7 10 18 11 6 12 12 9 0 10 9 0 10 7 6 10 2 9 17 15 17 17 18 2 17 0 17 8 17 1 17 2 3 17 2
18 9 0 0 9 13 8 15 6 9 12 11 18 8 1 13 13 10 12 2 18 10 0 1 1 12 3 4 18 0 12 5 5 13 16 2 6 0 14 6 7 7 2 0 8 16 3 16 4 9 17 17 17 8 18 2 10 18 8 1 12 3 2 10 7 10 4 7 12 3 5 18 18 15 18 11 17 18 18 18 17 18 17 14 18 17 1 1 17 2
18 5 13 9 7 14 7 13 9 8 7 15 11 11 1 12 8 12 2 2 10 2 18 14 3 15 12 11 4 4 4 3 0 16 4 16 1 14 6 7 7 2 15 15 15 0 6 16 9 9 2 10 17 18 0 9 11 18 5 5 8 6 10 8 2 6 9 10 0 3 7 1 18 17 8 17 9 17 8 17 17 17 17 14 17 17 8 18 15 18
9 8 10 14 7 17 13 15 6 16 7 18 13 1 1 18 11 1 1 2 10 1 10 3 15 3 13 4 4 12 17 12 5 4 13 0 6 6 14 14 17 15 18 15 8 8 16 1 16 2 4 8 17 2 10 9 4 18 7 1 8 12 0 7 13 13 10 14 3 12 3 12 18 3 17 17 18 18 18 13 17 5 18 12 3 17 15 15 17 17
16 15 0 16 16 0 0 14 6 0 7 9 16 12 1 8 13 12 0 2 11 13 15 11 14 14 11 4 3 4 12 12 13 5 1 13 6 6 1 14 7 15 18 15 8 16 3 16 18 9 18 17 10 18 18 10 5 18 11 3 9 1 11 13 1 3 2 11 4 3 2 1 17 16 17 14 17 17 18 18 17 14 17 13 17 2 17 7 6 0
13 16 14 18 15 12 6 14 6 17 8 0 15 1 1 10 1 17 2 2 2 10 10 10 3 11 13 13 4 12 18 12 5 3 13 15 6 4 14 18 6 3 15 18 7 8 16 0 6 0 7 17 4 9 9 8 18 5 11 11 12 9 12 2 8 4 7 12 14 3 6 13 17 17 18 17 17 17 18 17 17 17 0 17 8 17 17 18 4 17
17 13 16 18 7 18 6 16 13 7 12 9 0 14 1 8 16 12 2 11 2 1 1 15 3 11 11 11 4 12 17 4 18 5 4 13 0 14 6 6 7 0 15 0 8 0 2 16 7 9 9 5 17 2 4 4 2 18 6 10 8 4 12 13 0 13 10 12 13 3 9 1 17 17 17 17 18 18 11 17 11 18 8 18 15 18 18 3 18 5
16 0 6 5 14 16 6 6 9 17 18 9 8 1 1 13 1 18 2 2 11 17 10 3 13 14 11 4 18 12 4 2 5 13 4 17 6 6 14 15 6 7 15 6 17 17 6 16 5 9 7 8 17 10 5 10 7 18 8 2 2 11 12 12 2 2 4 7 8 13 3 7 17 17 17 4 17 17 17 17 14 18 18 18 9 18 15 6 3 17
8 17 9 8 7 10 0 9 0 13 14 18 18 1 8 1 9 10 2 2 2 10 0 3 3 12 3 11 4 4 18 3 5 5 13 17 6 6 14 17 7 15 7 15 7 4 3 16 9 18 5 17 18 0 10 7 1 18 5 12 12 12 8 9 5 2 14 5 12 12 14 3 17 17 18 18 17 17 5 18 18 17 12 17 15 15 17 5 7 14
8 6 6 14 0 9 9 6 13 10 7 12 9 11 1 14 9 14 18 2 12 1 13 10 3 11 12 3 4 2 12 14 5 5 13 14 6 14 14 14 17 17 6 15 16 5 18 16 9 17 1 18 17 10 9 11 11 18 11 4 5 12 13 12 2 13 7 7 11 4 5 13 12 17 13 17 5 18 18 18 7 17 10 18 18 7 2 15 18 12
14 17 16 13 6 6 12 7 8 15 12 9 18 12 1 15 15 12 14 2 1 11 10 17 3 13 16 18 4 17 18 15 15 5 13 2 6 3 17 0 6 0 15 5 5 2 17 16 9 18 17 9 17 18 6 10 10 18 4 0 5 12 2 0 2 7 10 0 4 9 4 15 18 17 17 0 17 18 17 7 17 5 17 1 17 2 16 18 15 6
4 15 4 17 9 5 17 0 15 10 17 10 7 10 1 13 11 12 18 2 14 10 15 3 11 3 15 0 15 3 2 4 5 4 13 5 6 4 1 14 7 1 15 4 2 8 2 16 8 9 8 7 17 1 18 4 10 18 6 9 1 9 10 10 13 8 10 13 5 11 3 8 18 18 17 9 17 17 17 1 17 15 17 18 5 17 4 5 4 8
13 7 6 17 15 18 6 7 10 10 18 17 17 1 12 1 11 9 9 2 10 1 13 10 3 15 2 15 4 4 18 14 5 13 5 15 14 6 14 3 6 6 15 16 1 8 7 16 1 2 9 6 17 10 7 2 11 18 1 8 1 1 9 8 12 11 1 10 9 3 4 7 17 17 17 16 18 17 18 8 17 18 18 17 2 18 6 17 9 7
17 8 16 9 8 5 7 17 17 8 12 12 14 1 1 1 1 9 16 2 1 13 0 3 12 11 3 11 18 4 13 17 5 0 13 4 0 6 14 6 7 5 15 0 3 7 8 16 8 9 5 17 0 6 6 4 18 11 4 1 6 8 9 5 11 8 1 1 1 14 2 13 18 17 17 15 17 9 18 18 3 17 1 17 0 17 0 17 17 16
