17 6 0 12 9 9 19 18 7 19 7 12 19 1 1 1 1 10 11 2 12 14 17 3 12 11 12 4 4 4 2 13 15 5 18 5 6 14 5 17 7 15 7 6 4 2 16 5 6 9 17 2 10 8 18 10 2 10 11 8 19 1 1 1 9 13 13 12 2 6 13 2 2 12 4 18 19 18 5 18 13 18 19 18 19 19 18 19 18 18 18 18 3 18 13
9 5 5 16 13 10 10 12 6 14 7 18 11 1 1 1 1 17 2 9 2 10 11 17 3 12 3 15 4 12 19 13 5 13 13 13 5 14 6 19 19 7 3 8 8 17 16 9 9 8 17 0 4 3 6 18 9 10 0 12 19 7 8 2 11 11 1 3 10 12 3 12 10 12 0 19 18 16 19 18 18 2 19 4 18 16 18 18 19 5 18 5 18 16 6
16 19 9 10 5 12 19 14 17 18 7 8 13 19 1 0 9 9 10 2 10 16 15 18 3 11 19 12 4 4 18 4 5 13 5 14 6 14 14 19 7 7 15 3 0 7 16 6 9 9 17 17 7 10 18 0 18 6 0 10 1 19 2 12 5 12 3 0 11 14 7 1 5 12 2 17 18 6 18 12 18 19 19 18 18 18 19 18 19 19 18 12 18 14 7
9 9 17 17 7 0 6 6 7 13 0 18 13 15 1 18 13 12 9 2 14 10 10 18 3 2 11 1 4 12 19 4 5 13 5 2 5 6 14 6 5 18 7 17 3 16 16 16 0 19 6 17 10 10 1 18 5 11 11 12 19 0 9 0 10 8 12 3 6 10 15 0 6 15 8 19 19 3 19 3 19 19 18 18 18 19 0 18 18 6 19 18 17 5 10
14 8 4 19 17 10 18 17 0 8 8 19 14 8 1 15 12 12 0 2 17 10 12 3 3 1 11 3 4 14 0 19 5 18 18 14 6 14 6 16 6 7 15 17 16 2 16 1 18 6 17 0 10 9 3 18 5 1 8 11 19 8 3 9 5 3 13 10 14 1 3 3 14 9 13 19 19 3 19 14 5 18 18 18 7 18 18 0 19 5 19 18 18 15 10
0 18 5 7 12 12 7 7 19 16 9 7 10 1 9 1 0 13 2 2 11 0 2 3 19 11 3 13 12 4 12 16 18 17 15 5 4 14 0 7 7 7 19 3 2 8 16 19 17 8 18 17 8 10 18 18 18 10 0 19 12 19 7 7 2 3 2 10 13 2 3 4 6 7 11 18 18 18 19 5 18 19 18 19 14 19 18 18 8 19 18 5 19 14 18
0 12 17 10 14 12 11 7 9 10 19 16 8 1 8 1 16 12 0 2 9 0 13 3 3 3 15 0 4 17 2 12 19 5 13 16 5 5 4 18 18 15 7 6 16 8 1 0 8 6 17 7 17 18 3 11 18 11 9 2 12 19 13 6 6 12 6 12 0 8 5 10 11 14 16 7 18 18 19 18 18 9 19 14 18 1 18 18 18 18 14 18 1 19 0
9 19 5 17 7 0 15 6 14 10 9 18 19 1 1 1 1 10 2 2 1 10 19 3 3 12 16 3 4 12 18 0 5 13 15 5 6 14 17 5 4 19 15 16 2 8 1 2 5 9 17 9 0 6 8 18 8 7 19 11 19 19 8 10 2 13 6 10 10 6 3 8 15 16 13 18 18 19 19 19 19 19 18 18 16 4 19 4 19 12 18 18 16 19 0
13 9 7 17 5 15 11 18 16 7 19 19 8 1 1 1 1 9 2 2 15 17 12 3 13 13 0 2 4 12 18 2 13 5 14 18 17 14 6 1 15 2 15 1 8 4 16 17 4 9 17 9 8 4 8 18 11 8 19 11 19 19 6 4 5 12 0 3 14 1 10 10 14 12 4 10 18 14 18 18 19 19 18 11 18 19 18 15 2 19 18 19 19 10 19
11 0 8 15 0 8 8 7 6 13 0 8 10 1 8 1 17 9 12 2 15 2 16 19 3 11 18 12 4 4 4 14 13 5 0 14 14 6 14 6 19 15 7 17 8 16 8 3 17 9 4 17 10 10 6 18 5 10 8 11 19 9 11 1 13 0 0 0 7 5 9 12 3 1 2 19 18 18 19 18 18 19 19 18 9 18 19 18 3 19 7 8 16 19 16
15 8 0 10 16 7 14 6 8 7 7 12 11 13 1 13 9 14 9 2 0 1 13 0 3 15 11 4 4 3 12 0 5 19 19 13 6 14 6 18 2 7 3 16 2 16 4 7 6 9 17 8 5 4 3 18 2 10 12 9 19 1 13 11 12 3 7 14 7 1 0 10 12 12 2 19 18 5 18 2 19 19 18 19 18 18 16 19 11 19 4 18 18 17 17
9 13 11 9 9 7 13 15 17 0 14 8 19 1 1 13 13 0 2 1 2 10 15 3 3 3 18 12 4 12 1 19 15 5 13 18 14 6 18 15 18 15 15 1 8 16 5 4 9 9 17 8 19 19 19 18 10 0 10 7 19 12 8 4 13 3 10 9 10 12 12 7 11 9 14 19 18 0 18 7 18 18 18 18 6 0 19 18 18 18 19 19 18 19 16
13 9 17 17 7 10 14 18 19 11 11 12 8 19 1 8 12 10 11 2 1 14 10 14 3 12 11 0 4 14 17 12 13 5 18 4 14 6 14 19 7 7 5 6 8 17 16 8 3 17 9 17 10 5 9 18 10 7 12 12 19 5 11 7 11 13 2 11 0 3 4 1 12 8 10 19 18 10 18 4 18 18 5 18 1 18 5 19 18 8 19 5 18 5 19
17 9 15 0 7 9 13 18 18 18 8 18 10 1 1 14 1 13 2 16 2 0 10 3 2 3 18 13 4 12 15 18 5 15 13 15 6 1 6 0 5 1 15 5 18 7 16 8 6 9 17 6 7 1 10 11 18 11 6 19 10 19 11 12 6 3 14 10 1 14 3 3 8 0 4 18 18 18 12 18 13 18 0 18 18 10 19 19 18 13 18 18 7 3 0
14 5 12 8 17 10 0 13 13 13 10 7 8 0 1 17 9 12 2 2 2 1 10 3 19 14 1 13 4 12 4 3 5 5 14 18 6 14 6 19 19 15 15 19 8 2 16 5 5 6 17 9 10 7 3 18 11 10 10 12 19 12 3 1 12 5 11 12 1 10 3 11 13 0 14 19 18 18 18 18 18 18 18 19 19 18 14 18 19 18 8 19 1 19 8
6 12 9 17 9 11 11 0 19 7 9 7 0 18 1 10 9 18 13 2 19 17 18 3 11 3 18 0 12 4 4 18 5 13 5 5 0 14 6 2 7 15 18 4 8 16 19 6 9 9 17 9 18 10 18 18 1 19 1 2 19 10 2 6 13 7 1 2 14 0 2 2 14 11 3 18 19 19 19 19 17 19 12 1 19 12 5 19 15 19 8 18 3 2 18
16 6 10 13 5 10 15 10 0 8 14 7 0 1 1 1 1 18 11 2 17 10 15 3 11 3 11 17 1 4 12 12 5 5 2 16 6 14 15 14 7 18 15 16 17 8 4 5 8 17 1 17 18 10 18 18 18 5 0 1 19 13 13 6 8 13 4 11 0 12 14 12 4 13 11 19 19 18 18 18 19 18 18 19 19 18 18 18 0 18 18 11 19 2 16
9 5 0 19 11 9 7 10 11 14 0 15 8 10 1 0 9 9 2 2 10 2 19 3 3 3 14 2 4 14 12 0 18 5 0 19 4 6 0 16 15 3 15 1 8 8 16 8 8 5 17 4 2 8 7 18 11 8 9 19 1 19 12 2 8 12 2 5 7 2 14 2 4 15 3 18 18 18 18 19 18 19 18 13 18 17 18 1 19 11 18 0 18 19 19
0 4 5 17 17 14 0 10 12 19 18 8 18 8 1 9 13 12 2 2 2 10 14 3 3 3 12 16 4 12 13 13 5 13 13 14 6 14 6 18 5 15 3 18 6 8 16 6 9 9 17 6 9 9 7 18 7 7 2 19 12 12 0 7 10 13 13 11 10 6 10 14 13 6 16 18 18 19 18 4 18 4 11 18 17 14 18 4 18 19 16 19 19 8 19
9 14 9 9 19 7 6 9 6 18 10 17 15 8 1 11 11 9 2 10 2 12 19 10 3 11 0 4 19 4 13 16 1 5 13 18 19 6 4 16 4 3 7 5 16 16 16 1 9 6 19 17 9 18 10 18 8 11 6 12 19 7 11 13 13 13 10 2 13 11 9 12 8 13 12 2 18 19 19 13 19 0 13 6 18 19 19 19 18 5 18 7 18 5 3
13 9 12 9 16 6 10 0 17 7 10 11 8 13 1 0 18 15 2 2 10 2 12 3 11 3 14 12 4 12 4 4 15 5 18 3 6 14 6 2 7 7 7 4 2 16 8 0 5 17 8 17 10 8 10 18 19 4 9 7 19 12 10 11 10 2 6 7 6 3 14 12 11 4 9 18 18 18 19 19 19 18 19 18 18 18 19 19 7 1 18 8 0 19 18
16 12 9 10 16 10 13 18 19 0 8 0 8 1 1 8 1 13 2 2 2 12 10 3 3 12 14 4 13 4 12 0 3 2 0 15 6 6 14 15 18 7 15 0 8 16 16 16 6 9 17 9 10 19 7 18 1 8 11 11 19 9 11 10 13 2 9 9 2 11 10 3 12 3 5 16 18 11 18 18 19 16 18 6 19 18 18 19 18 6 18 8 19 18 18
17 16 19 6 12 8 19 6 15 15 16 10 8 1 11 1 13 9 2 2 2 1 13 11 3 15 3 4 12 4 17 2 5 5 13 14 3 6 19 19 7 7 15 4 19 16 0 8 9 6 17 9 0 0 7 18 8 5 9 9 19 7 1 4 10 8 9 9 6 0 14 14 9 6 0 18 18 18 19 18 18 18 18 19 18 18 19 19 7 19 3 18 18 17 19
16 15 5 8 5 19 19 16 10 9 14 9 10 16 1 0 14 13 2 2 2 14 2 12 3 11 12 13 4 2 12 1 5 14 0 1 6 2 14 15 7 15 0 15 7 8 16 5 6 17 6 17 5 19 10 18 8 8 11 10 19 8 11 6 9 6 1 0 2 14 14 9 2 11 16 19 18 18 18 18 4 19 6 19 2 18 18 2 19 19 19 19 8 19 11
16 13 0 8 6 9 7 18 9 12 9 7 10 19 1 11 0 9 2 2 2 16 12 3 3 14 3 16 19 4 13 3 3 5 13 17 14 6 15 3 19 7 15 17 0 8 16 0 9 0 0 17 9 7 18 1 3 11 10 4 19 6 1 11 12 1 4 1 11 3 2 15 0 5 16 19 18 7 18 14 18 18 19 3 18 15 18 18 18 17 18 4 2 18 2
17 6 18 19 15 0 0 8 7 14 13 8 11 1 9 18 1 16 2 18 2 18 2 12 3 11 3 17 4 12 18 13 5 5 5 18 6 15 6 3 7 7 15 2 8 8 16 8 0 0 5 17 9 7 8 18 11 5 7 11 19 6 2 7 0 0 2 2 3 1 3 13 11 3 16 19 18 18 18 19 19 19 18 19 18 1 18 7 18 3 18 18 7 17 13
5 15 18 11 18 10 18 10 12 9 10 8 18 1 10 1 15 9 2 10 2 0 10 11 3 18 18 12 19 4 3 13 5 19 1 14 18 6 14 0 3 15 16 7 19 16 8 6 9 9 17 6 10 18 1 18 10 0 7 7 19 12 9 0 12 13 5 12 0 3 9 3 3 0 0 18 18 18 19 18 18 18 12 18 8 19 19 18 18 18 18 19 17 18 19
6 12 17 7 8 15 18 16 18 7 11 17 8 11 1 19 19 11 9 2 14 19 13 3 3 3 19 18 4 12 18 15 5 5 14 5 14 2 14 18 15 7 15 4 8 18 16 8 17 18 17 0 6 10 7 18 19 2 19 9 19 4 8 1 1 5 0 14 3 2 5 1 9 2 12 18 19 18 18 19 19 19 18 18 18 19 18 18 6 18 4 19 18 19 4
15 11 19 0 10 8 10 8 12 11 0 7 13 1 9 1 0 9 11 2 15 19 1 3 14 3 11 11 4 4 19 19 5 13 3 13 4 2 6 0 7 7 16 7 16 16 18 16 9 9 18 17 9 0 19 18 18 9 12 8 19 11 10 12 10 10 6 1 13 12 0 0 11 15 16 19 18 16 19 5 19 3 18 4 19 19 18 19 19 11 18 19 9 18 7
18 15 13 8 16 18 13 15 8 7 7 19 19 15 1 13 11 14 10 2 15 10 11 0 3 16 15 12 4 12 4 16 5 13 19 5 6 17 14 18 7 7 15 3 19 8 16 1 3 9 17 17 9 10 8 18 18 10 11 2 19 19 8 11 2 10 14 7 14 2 4 15 1 7 4 13 18 10 18 12 18 18 18 18 17 18 18 19 18 18 18 15 19 15 17
