12 19 4 0 18 9 11 7 0 19 17 17 14 19 1 9 10 20 13 2 15 10 20 3 0 16 3 4 1 2 13 1 5 13 14 19 6 5 0 15 1 18 4 7 2 16 4 8 9 17 3 18 19 5 18 0 9 19 9 19 12 9 20 2 20 12 12 9 14 2 14 4 15 12 5 3 14 16 20 20 17 20 8 19 20 2 20 8 19 12 19 20 14 20 0 20 15 17 2 14
0 10 4 12 13 16 10 15 9 7 9 0 9 1 0 1 11 14 2 10 2 10 10 3 3 11 11 14 0 4 13 3 5 13 13 14 6 14 1 4 15 7 15 20 0 19 17 8 19 9 17 1 20 3 18 7 4 11 19 19 3 9 4 20 1 20 11 4 10 14 2 8 14 3 5 10 11 8 0 20 19 19 20 20 20 20 19 19 14 2 19 2 20 20 10 20 15 2 16 17
17 7 15 12 5 0 7 19 15 10 11 15 11 10 1 15 9 19 9 2 9 0 10 16 3 16 11 13 0 4 12 5 1 17 5 14 17 0 15 19 15 4 15 20 2 16 8 5 2 3 17 7 10 7 18 11 3 19 19 19 19 4 11 13 20 9 13 10 3 11 8 15 0 6 11 16 4 11 14 18 19 9 19 20 20 2 19 2 3 19 6 15 19 11 14 19 4 9 20 20
11 7 9 18 14 17 7 20 9 7 11 14 16 1 19 1 9 19 2 2 10 2 11 3 3 16 12 14 3 3 0 4 5 13 20 1 14 6 2 1 4 15 6 16 19 17 3 19 17 9 2 5 18 18 18 10 19 9 10 10 1 20 9 20 11 12 9 14 5 14 9 14 1 7 16 2 11 3 20 17 20 17 17 20 17 14 19 19 20 10 19 18 20 19 19 2 19 19 7 10
7 6 20 14 18 0 19 20 0 12 8 10 12 1 8 1 0 20 2 2 2 10 1 12 3 1 11 4 16 4 19 14 13 5 14 18 6 14 14 6 3 7 16 7 6 16 20 20 2 17 0 9 10 6 18 18 7 19 0 19 12 0 12 8 20 1 13 9 14 11 6 7 0 1 10 16 12 4 12 19 19 20 20 19 19 14 19 19 19 19 12 19 16 19 9 19 19 9 16 16
8 11 13 12 13 10 7 9 13 12 12 13 20 1 1 1 1 9 20 2 10 17 0 3 3 3 2 3 4 12 12 15 5 18 2 19 14 6 14 6 15 15 2 7 16 8 0 20 5 0 17 7 10 10 18 0 9 10 19 2 7 7 8 20 8 13 3 12 10 2 9 1 8 4 1 1 3 6 5 19 4 19 5 19 5 19 17 19 20 20 13 20 16 7 19 2 20 19 18 14
17 15 20 7 19 6 6 11 13 12 20 12 14 1 15 1 9 14 2 2 2 10 11 3 3 3 17 4 13 4 19 20 5 13 17 14 6 20 20 4 15 7 19 7 6 16 8 0 9 17 9 2 18 18 18 6 6 11 19 6 12 12 0 20 6 12 3 4 2 7 0 10 1 3 9 16 2 4 20 19 19 19 19 20 19 19 19 19 20 19 20 19 19 20 20 19 4 19 20 13
8 19 9 20 10 7 20 0 16 18 11 11 17 1 1 8 1 12 2 2 2 2 16 3 15 11 3 4 12 4 15 15 13 16 20 3 14 19 15 14 7 1 1 2 2 16 16 2 8 19 9 10 6 18 10 18 3 19 1 19 2 10 1 20 7 20 14 14 9 14 0 0 2 2 10 5 16 15 8 19 20 19 20 20 20 19 14 14 5 20 20 11 19 19 3 20 7 13 2 13
4 9 0 12 9 11 14 19 18 19 20 11 16 1 1 1 1 9 14 2 11 13 10 3 20 3 16 1 4 20 19 3 5 13 19 14 5 6 15 0 17 15 2 19 16 8 17 0 9 17 17 18 2 20 18 9 11 19 8 19 1 4 11 13 20 1 13 4 2 11 3 6 2 2 7 14 2 0 13 20 20 15 19 4 2 20 20 20 19 20 19 15 19 15 7 19 19 19 11 12
12 11 5 14 0 20 6 13 6 11 7 18 10 1 1 10 1 12 2 17 2 13 10 3 1 3 16 1 4 20 12 13 2 5 20 18 6 14 14 18 15 7 15 4 8 8 16 8 2 18 17 1 5 18 10 11 11 20 0 19 12 12 3 0 20 11 0 6 15 15 13 13 15 9 11 2 14 14 4 20 20 16 20 5 20 19 19 20 20 20 19 20 19 8 20 12 19 2 19 4
14 6 6 6 18 9 8 8 12 8 17 10 14 1 1 1 12 1 9 2 10 2 0 3 13 3 17 4 14 4 13 17 5 13 5 16 5 19 6 2 15 0 15 16 7 16 1 1 17 9 17 6 6 20 18 19 11 19 20 19 6 3 2 1 20 12 7 3 9 14 2 14 0 3 0 4 9 4 17 19 20 19 16 19 17 20 20 20 19 19 2 19 13 20 19 20 20 20 9 17
7 8 17 0 10 18 10 18 14 17 16 11 20 17 1 9 20 14 2 2 2 10 13 3 2 0 3 17 12 4 12 0 5 13 15 17 17 6 14 5 15 7 1 2 17 16 8 4 2 7 17 20 18 0 10 18 19 6 0 19 19 9 20 20 20 20 13 3 12 3 13 15 3 12 14 1 7 15 10 19 19 20 20 13 19 20 14 19 19 18 19 19 0 20 7 20 20 19 13 20
7 10 20 0 8 9 11 13 15 12 8 16 11 1 11 1 20 9 0 2 12 0 20 3 16 3 12 13 4 12 15 14 5 18 18 0 14 14 14 4 15 4 19 4 8 16 19 7 8 17 9 20 20 10 18 4 6 20 11 19 7 9 11 11 20 3 7 9 0 6 12 13 3 3 2 11 8 1 16 13 19 2 11 19 12 19 1 19 14 15 19 7 19 20 2 19 19 8 7 15
18 7 19 18 17 6 17 15 20 14 7 8 16 20 1 15 16 14 13 2 10 18 17 3 12 3 15 15 4 19 20 19 5 13 14 20 6 6 2 18 20 7 15 7 16 16 1 8 9 4 17 6 10 18 10 20 9 11 6 19 11 0 11 7 20 9 8 11 0 12 12 15 11 9 11 15 3 16 13 19 20 19 19 20 19 20 20 11 19 19 20 19 19 8 19 14 2 19 9 18
17 19 9 7 16 18 13 17 8 12 17 12 12 11 1 14 12 13 0 2 20 14 16 3 17 11 3 4 4 12 14 13 16 5 13 2 3 19 14 7 7 15 0 7 17 16 8 6 17 17 9 4 18 8 18 18 19 5 1 19 1 4 20 12 20 20 7 14 6 8 2 15 9 4 1 1 4 13 13 20 20 19 19 19 3 19 0 15 19 4 13 19 8 19 19 20 2 13 0 19
7 20 13 8 12 19 16 11 18 10 8 7 9 20 1 11 9 14 2 2 2 17 12 3 11 3 12 19 13 4 12 13 16 5 20 20 3 14 18 6 15 4 15 15 8 1 16 6 1 17 17 20 19 18 8 18 8 11 19 10 19 7 7 9 9 20 9 5 14 0 0 15 0 7 5 16 11 8 12 20 19 20 19 3 19 5 19 19 3 9 20 4 20 8 20 8 19 19 2 10
18 17 6 19 6 19 16 15 11 12 20 9 0 1 8 1 12 9 2 2 2 10 15 16 3 20 12 0 4 13 3 16 16 13 5 14 20 6 3 6 19 15 19 7 8 16 18 3 9 20 17 5 6 8 18 19 6 2 11 19 6 11 0 1 20 9 7 10 14 8 8 4 15 1 15 4 16 16 8 14 19 1 19 19 20 19 20 20 2 19 19 18 19 17 6 17 20 18 2 1
9 8 13 20 17 9 7 12 14 17 10 13 12 1 0 1 9 1 2 18 2 0 1 3 3 2 3 12 0 4 0 18 5 13 0 2 14 1 6 16 15 15 15 16 8 16 16 4 9 17 19 9 0 18 18 18 19 19 19 19 11 7 5 20 20 20 1 13 14 1 8 11 4 3 3 5 12 16 3 19 19 19 20 20 18 19 3 19 4 19 7 19 10 19 8 20 19 19 12 7
12 8 8 10 10 10 0 18 16 13 20 9 9 20 1 16 11 9 15 2 18 11 10 10 3 12 1 1 12 4 16 14 5 20 13 16 14 6 14 19 1 20 15 2 16 8 16 5 0 20 9 20 6 5 18 7 2 9 11 19 7 2 20 1 20 1 14 11 14 5 2 5 2 2 11 9 4 17 12 13 19 17 19 20 20 17 20 6 19 19 19 19 1 19 20 20 7 17 12 4
16 6 10 12 7 20 20 15 20 7 7 13 10 10 1 13 9 10 2 2 2 0 15 10 3 12 20 15 4 4 1 16 5 2 14 19 6 14 6 4 17 15 7 17 20 16 16 19 19 9 17 7 10 18 20 18 8 11 11 19 11 5 20 20 20 20 2 1 2 13 1 9 3 2 3 16 10 3 0 19 20 20 19 19 10 19 19 19 19 19 20 8 19 20 20 17 20 1 9 3
19 10 17 9 0 6 15 13 11 19 7 10 9 13 1 17 20 9 10 2 10 1 2 2 3 1 12 13 4 14 4 13 13 5 14 19 6 14 20 6 15 7 19 4 8 16 20 8 9 17 5 9 10 18 2 1 8 19 19 19 12 12 0 12 20 10 10 0 9 11 11 1 11 13 6 12 16 3 20 19 9 19 12 20 6 20 18 20 20 19 19 19 2 19 20 19 20 19 9 2
20 13 8 5 15 19 20 9 6 17 19 19 15 1 11 1 12 9 2 10 2 1 16 10 12 3 2 13 2 20 4 19 5 20 5 14 1 6 14 19 17 1 5 4 18 16 8 20 17 9 17 4 10 5 18 9 7 0 4 19 8 4 12 11 20 11 5 6 2 1 1 9 15 1 13 8 15 17 4 15 19 19 20 18 20 0 20 18 11 20 15 2 7 20 1 19 0 20 8 9
16 8 15 18 9 20 13 19 11 13 15 8 0 1 1 1 1 18 2 2 2 10 2 3 3 3 3 4 4 12 4 13 5 5 2 16 2 6 18 3 1 15 7 15 3 8 16 7 17 3 17 9 0 4 18 0 11 19 8 20 4 1 20 1 20 5 10 13 2 7 2 1 16 16 16 13 9 1 4 20 19 19 17 20 14 20 7 19 19 20 14 20 19 20 16 19 20 19 8 9
12 15 20 11 5 20 6 13 11 0 11 17 20 1 20 1 9 1 2 18 2 13 17 15 3 18 12 3 4 4 12 5 5 2 5 19 5 6 16 4 17 15 3 8 16 20 8 4 17 17 2 9 5 2 18 6 3 11 1 19 3 0 8 4 20 7 4 14 14 2 3 2 5 16 16 10 3 1 20 19 8 19 2 19 15 19 19 19 19 6 20 14 19 19 20 20 1 20 5 20
9 4 18 5 19 17 18 9 6 12 12 13 19 1 9 1 12 12 2 15 2 12 10 11 14 3 16 12 4 19 13 15 13 5 13 1 6 18 15 15 19 16 15 19 6 8 2 7 9 17 9 19 18 18 18 8 11 19 6 19 5 7 5 20 0 20 8 1 3 14 1 0 6 3 0 13 11 13 3 19 19 19 19 19 19 19 20 20 19 7 19 8 19 12 19 20 19 9 20 5
17 9 10 9 8 7 6 11 18 0 8 18 0 1 8 1 9 11 2 2 10 20 10 1 3 11 17 12 4 3 16 2 13 14 15 14 6 14 15 16 18 7 15 20 5 16 0 18 9 17 17 18 10 9 18 11 0 10 11 19 6 5 11 4 20 10 1 13 11 10 1 1 6 12 6 9 1 10 11 19 20 19 14 19 6 20 5 19 3 19 20 19 19 20 20 19 19 16 19 1
19 7 19 12 0 9 11 8 0 20 7 7 7 1 1 1 9 15 2 2 12 2 13 3 14 11 3 1 16 4 13 19 19 13 5 19 14 2 6 15 7 15 6 0 16 3 16 8 9 18 17 7 0 18 10 18 11 19 20 19 12 8 20 7 20 9 13 5 2 9 11 11 11 12 14 0 16 11 5 19 19 1 20 19 19 4 19 2 19 0 19 19 19 19 0 19 13 20 10 17
15 7 9 7 7 11 11 20 10 13 20 18 20 1 1 11 1 15 15 2 10 10 10 17 3 12 18 3 4 20 4 13 14 5 13 5 16 6 1 19 5 15 6 5 2 16 16 2 9 17 8 5 6 0 18 20 6 11 10 19 7 4 2 20 10 20 6 1 11 14 13 8 4 13 11 11 14 7 3 2 19 0 3 19 2 19 19 20 13 19 7 18 19 11 20 19 2 4 5 3
0 7 17 10 7 10 14 17 11 17 14 17 15 13 1 8 0 12 12 2 15 14 15 3 16 11 19 4 1 4 19 19 13 4 15 5 3 18 6 4 7 15 1 16 7 16 16 20 17 9 17 3 8 6 18 20 19 11 1 19 4 20 20 8 20 6 10 3 5 13 11 15 5 3 3 1 14 5 4 19 19 19 19 20 20 11 20 18 20 7 19 14 19 20 8 18 10 19 17 15
8 20 20 13 15 16 10 10 12 19 7 10 8 13 1 13 12 10 12 2 16 1 17 12 3 11 16 1 4 18 13 15 5 16 13 1 6 6 17 20 15 7 19 20 18 16 4 8 17 9 17 20 9 9 18 19 19 6 20 19 12 20 20 13 20 13 10 12 2 2 11 13 11 13 7 16 1 13 1 20 12 19 19 19 3 19 8 19 6 19 20 5 20 17 19 19 18 2 18 1
