15 14 20 7 16 8 19 19 18 16 8 9 9 1 1 1 1 9 13 2 1 15 13 11 3 11 20 15 4 2 4 13 5 4 21 0 14 6 21 21 3 7 19 20 21 16 8 21 17 21 9 19 10 18 19 10 19 9 19 20 12 4 20 11 1 8 4 21 8 7 13 9 13 13 8 4 14 10 5 1 17 16 20 21 20 20 20 20 20 18 20 20 20 20 20 20 20 15 20 4 4 20 8 0 19
14 21 15 8 21 11 21 8 9 8 9 12 11 9 1 17 14 9 2 2 2 17 11 3 3 3 15 4 4 16 4 13 5 2 14 2 3 6 20 18 15 7 20 3 16 21 2 17 19 9 4 21 18 9 10 0 11 19 4 8 6 20 12 6 10 8 21 8 21 7 5 0 2 3 8 3 3 8 3 14 9 7 21 6 20 0 19 20 13 20 20 20 21 21 21 20 16 20 19 21 12 21 4 21 10
20 10 17 11 14 18 20 6 0 16 7 7 0 1 21 1 9 21 19 2 2 2 17 20 3 11 12 17 4 1 17 18 5 13 5 21 17 14 15 7 7 15 7 1 21 18 3 19 17 9 21 6 18 9 18 8 9 11 19 11 12 9 20 8 4 13 1 21 14 13 11 10 1 5 7 3 2 2 11 0 5 1 21 21 15 21 6 21 0 21 21 20 0 20 7 20 20 5 20 1 20 7 20 9 12
12 19 11 8 13 9 14 19 20 20 10 15 0 1 1 21 1 9 15 2 11 20 12 3 14 3 14 12 4 12 12 13 5 13 5 4 15 5 15 6 15 7 17 5 8 16 20 2 18 9 5 3 18 18 18 2 11 19 0 9 12 8 20 12 0 21 21 10 21 10 2 1 15 14 11 3 12 2 8 12 0 0 21 20 7 20 14 20 12 20 20 21 16 20 20 20 17 20 20 9 20 10 20 21 7
19 19 18 7 8 19 18 9 12 8 17 15 10 1 1 12 9 1 2 20 2 15 0 1 3 11 14 4 17 13 4 5 16 5 17 0 14 14 14 20 18 7 20 19 5 16 19 17 7 5 6 9 10 18 3 20 2 19 3 5 12 0 20 9 3 12 11 21 14 5 4 2 11 1 10 2 2 8 10 11 12 12 19 21 21 20 20 20 15 20 3 20 20 21 9 20 5 20 17 21 21 20 21 20 3
18 10 6 5 11 0 9 9 13 20 13 11 16 10 1 19 15 9 16 2 12 10 17 3 1 16 20 20 4 12 12 18 5 21 17 18 14 18 6 20 15 15 2 0 16 8 6 0 17 7 21 21 18 10 18 19 11 20 19 6 20 12 20 6 11 21 5 9 21 14 12 0 13 0 3 3 13 1 11 11 17 13 20 21 20 21 21 0 20 14 21 20 15 20 16 20 20 20 20 9 20 20 21 21 11
16 5 5 7 11 6 16 19 6 18 10 15 15 1 1 11 1 13 2 2 15 2 10 14 3 11 17 15 4 12 19 13 5 13 0 4 0 6 20 0 1 15 7 21 0 4 18 20 17 5 7 2 9 18 6 11 7 11 19 6 6 20 3 20 13 21 8 21 21 11 4 1 10 10 10 11 10 6 16 1 12 10 21 21 21 16 20 0 20 20 20 5 20 5 15 16 14 4 21 10 21 15 20 20 6
10 10 12 9 18 19 0 21 19 12 8 12 0 1 18 1 9 15 2 2 2 10 14 16 3 12 18 12 4 1 18 13 5 4 20 2 6 15 6 20 15 15 19 16 8 17 8 17 3 9 17 21 18 20 18 10 19 11 19 6 7 20 7 20 13 9 13 21 3 1 2 13 6 14 10 9 3 6 8 12 2 18 8 20 21 21 14 21 9 21 2 6 20 20 9 20 21 15 10 19 0 20 5 19 0
19 5 8 7 16 20 13 16 6 18 11 15 21 11 1 19 10 9 10 2 15 14 10 19 3 12 2 2 0 4 1 19 5 13 1 14 6 14 6 17 0 15 4 20 16 20 21 9 17 9 17 20 3 18 10 9 5 19 19 11 1 1 20 1 1 13 7 21 10 9 9 8 15 10 6 12 1 2 2 1 9 12 21 16 20 11 15 20 10 21 20 7 20 6 20 19 20 20 14 20 8 11 1 21 11
18 10 14 19 14 16 12 14 19 0 19 0 14 1 1 8 1 21 2 2 14 2 16 1 3 12 14 15 4 2 4 17 0 13 0 20 6 6 6 5 17 7 2 6 8 16 4 17 9 17 1 18 18 18 18 1 19 11 19 12 20 20 12 20 8 1 0 11 21 7 4 13 11 1 9 2 11 0 16 4 15 2 20 21 20 20 20 20 20 20 20 20 20 21 0 21 8 21 21 20 20 21 21 14 13
18 15 9 5 6 0 8 10 13 20 17 16 20 19 1 8 14 14 9 2 10 11 10 3 20 12 3 4 14 4 13 1 15 20 5 20 20 14 2 4 4 7 20 7 20 16 20 8 9 17 7 10 10 18 10 10 1 19 6 6 12 7 20 10 9 9 9 21 8 11 9 15 15 13 2 9 10 11 0 17 14 7 21 20 18 20 20 20 20 20 20 15 20 19 20 20 21 20 20 13 1 21 9 21 21
19 10 21 6 11 11 10 9 21 15 20 8 16 9 1 11 11 15 9 2 17 10 13 1 3 11 1 14 4 4 21 15 5 21 18 14 14 6 19 4 15 15 7 4 16 20 17 8 17 4 9 2 10 18 7 9 19 11 19 9 9 12 20 20 11 21 21 21 21 14 0 3 15 3 13 14 5 3 3 12 3 14 21 20 20 20 20 12 20 15 20 6 21 7 20 21 21 20 20 20 21 8 14 19 5
8 6 16 10 15 14 11 0 17 19 15 13 8 1 8 1 9 15 0 2 16 19 11 3 3 3 11 16 4 0 14 13 5 13 2 16 15 6 18 15 7 6 7 20 16 2 16 0 17 9 18 21 4 18 21 9 0 19 5 11 0 12 20 6 9 11 1 21 6 9 0 1 6 13 10 3 6 11 5 13 12 3 21 7 20 5 4 20 9 20 20 6 21 7 20 1 21 6 0 5 20 6 12 21 8
0 7 17 14 18 15 15 9 12 0 11 21 0 1 13 1 13 13 2 14 2 10 21 0 3 14 13 0 12 4 17 16 5 15 16 14 6 14 15 19 15 20 0 20 8 16 8 3 1 17 20 3 18 10 5 19 19 7 19 10 3 12 20 12 5 21 13 21 21 13 10 15 15 2 0 3 3 1 12 15 11 7 21 20 20 21 20 20 19 20 2 20 20 20 10 20 20 20 0 20 15 5 20 8 14
21 19 10 21 9 16 12 10 9 0 20 11 8 1 0 1 13 13 2 2 16 14 2 1 3 12 11 15 4 1 1 3 5 5 20 17 14 6 16 15 21 3 7 17 16 16 8 18 3 21 17 8 8 10 18 4 6 20 19 20 12 6 20 11 13 1 13 21 11 13 11 12 13 5 10 8 9 0 1 9 4 9 18 20 21 20 20 18 20 21 20 20 21 7 20 7 21 20 16 9 5 12 14 9 14
5 21 0 21 0 13 20 20 7 13 7 13 13 8 1 8 11 18 15 2 16 16 10 10 3 16 2 2 2 4 18 14 0 13 4 21 6 1 6 19 15 15 6 16 8 16 8 2 9 4 9 4 7 18 7 20 11 8 19 12 12 20 20 20 11 6 14 21 14 10 11 10 14 5 11 11 11 16 8 11 3 2 21 21 13 21 13 3 4 20 21 20 13 20 1 21 8 5 20 3 8 6 20 12 11
7 8 0 5 6 13 17 19 20 14 8 13 11 1 1 1 1 9 1 2 13 1 3 3 3 11 21 4 4 17 4 0 5 3 0 4 19 14 6 15 19 7 20 7 16 16 2 8 20 21 1 10 10 5 18 19 10 11 7 2 5 4 20 10 21 11 11 14 21 14 13 0 3 2 9 1 10 10 11 4 14 17 13 21 18 20 14 3 20 17 14 21 6 21 3 15 21 11 21 11 21 21 17 21 20
0 20 8 7 19 9 17 12 10 8 16 14 10 1 14 1 14 9 11 2 0 15 16 3 3 19 17 4 12 15 13 5 5 5 19 5 14 21 6 21 15 17 4 16 8 19 1 8 17 2 3 6 4 18 10 3 2 11 19 3 0 6 20 2 9 13 21 14 21 12 5 2 2 15 10 11 0 15 8 15 4 3 21 20 20 21 20 21 21 20 21 21 21 21 20 21 21 21 21 1 20 20 6 18 10
6 21 9 18 8 6 11 0 16 7 7 13 20 20 1 20 20 21 2 11 2 10 10 14 3 11 12 18 18 4 1 20 2 5 14 15 6 20 3 2 15 7 7 3 16 4 17 8 4 17 4 7 21 18 2 6 11 19 0 8 8 11 20 8 3 13 21 6 21 9 2 2 5 1 9 10 10 11 5 10 9 15 21 20 20 20 21 20 20 1 21 2 8 21 5 16 21 18 20 21 20 20 20 17 1
21 17 0 0 6 16 19 10 6 17 8 7 9 1 21 1 21 14 13 2 14 16 15 3 18 21 3 1 4 17 17 18 5 13 2 14 6 14 21 7 7 4 15 3 8 16 3 19 9 17 21 3 4 18 10 8 8 19 19 19 1 11 8 20 10 13 4 1 21 9 13 15 10 3 16 3 4 4 6 14 6 4 2 20 20 21 21 20 21 21 21 20 20 21 21 20 20 11 3 20 8 20 21 1 3
16 18 8 6 11 13 9 0 10 13 8 13 10 21 1 21 18 10 10 2 10 13 0 3 20 3 1 17 4 12 21 3 16 20 5 14 6 5 15 18 7 15 7 16 17 8 5 20 4 17 3 20 18 18 18 8 20 11 19 11 10 20 0 20 2 1 21 21 21 9 2 13 15 6 11 7 13 5 3 17 18 11 21 20 14 20 12 20 20 21 20 20 20 20 20 16 21 5 20 20 21 21 14 7 20
21 18 18 11 8 6 8 6 9 12 7 0 7 7 1 14 21 20 9 2 10 11 20 13 3 17 11 17 12 16 12 15 5 14 19 4 6 15 6 4 7 15 15 6 8 16 21 8 21 4 17 5 6 21 18 11 9 19 11 7 6 12 20 20 21 13 21 21 21 21 9 12 10 10 5 15 7 17 16 5 15 8 9 20 20 3 20 15 21 5 21 7 21 20 21 14 20 5 20 20 6 21 11 5 6
19 14 4 13 19 14 13 0 20 21 14 11 11 12 1 12 21 14 10 2 20 10 21 3 11 3 11 18 4 4 16 21 13 5 18 6 17 6 17 2 15 7 0 21 16 2 8 17 9 9 17 8 6 18 10 3 11 19 11 4 12 20 11 20 13 10 6 21 2 9 4 10 0 15 16 0 11 15 13 0 11 4 21 20 20 20 12 20 9 20 20 20 20 20 20 3 20 20 21 18 20 9 17 20 20
17 19 21 5 20 13 15 9 6 8 19 7 12 1 1 1 0 16 2 12 2 1 16 15 3 1 11 15 12 4 19 20 16 5 5 14 6 0 20 7 7 15 7 7 21 16 8 20 17 0 7 1 9 18 7 11 10 11 19 11 11 11 12 20 9 21 21 21 21 11 2 15 2 5 4 0 2 15 6 13 2 7 16 20 15 20 12 20 20 20 21 20 16 20 12 20 12 20 6 20 20 20 21 19 12
9 14 18 14 6 8 10 6 8 15 12 20 0 20 1 9 21 18 9 2 12 10 14 3 3 3 12 14 4 12 21 17 5 13 5 18 6 6 16 20 20 6 7 16 8 16 20 4 17 17 9 18 6 18 18 10 0 19 9 12 8 9 20 21 12 21 13 21 21 11 9 9 11 13 0 15 7 16 14 13 6 12 21 21 21 20 21 20 18 20 19 20 17 20 20 20 20 8 20 14 21 7 21 11 1
0 0 19 5 20 19 21 7 6 9 17 9 11 12 1 20 9 19 10 2 15 15 11 21 3 14 17 4 1 4 12 17 5 13 0 4 6 14 15 17 3 7 15 7 6 8 7 17 2 7 9 6 5 5 18 20 10 19 11 0 21 21 10 20 11 2 6 14 21 11 14 6 0 10 3 16 1 3 9 7 11 10 5 21 20 20 19 21 20 21 20 21 15 20 18 20 17 21 21 15 20 20 18 9 17
14 12 12 19 14 8 12 8 15 17 8 8 12 8 1 15 14 9 2 9 2 2 0 1 3 18 20 4 12 15 4 2 13 5 14 4 20 18 15 5 15 20 7 0 16 8 16 5 17 9 21 18 0 10 8 1 1 19 10 21 12 20 12 20 4 12 21 8 21 11 4 15 0 14 15 16 2 0 12 8 9 2 21 21 16 21 14 20 21 20 20 21 21 12 21 4 21 9 20 20 8 20 4 20 7
13 5 14 9 8 21 20 6 16 13 20 12 12 1 1 10 15 13 2 9 2 16 1 3 3 3 12 14 4 4 13 5 13 5 4 21 5 5 15 21 3 15 3 8 7 8 0 21 9 17 2 4 10 18 19 7 11 1 19 20 11 20 21 20 13 9 7 10 21 14 14 0 2 2 4 4 4 11 1 10 0 1 16 20 20 21 10 18 20 20 2 20 21 21 15 20 8 20 9 21 21 17 21 21 18
7 4 20 8 21 20 17 6 6 10 8 20 21 1 1 1 18 10 2 2 2 15 2 11 3 12 12 12 4 12 1 20 20 5 17 18 14 6 2 6 15 7 5 20 8 4 21 8 17 20 18 21 9 18 10 2 5 19 2 11 0 2 20 3 13 21 21 21 21 14 12 10 2 7 4 3 11 16 14 10 14 2 20 21 20 2 20 10 20 19 20 4 20 13 3 20 19 21 21 9 20 6 21 18 11
10 18 5 5 10 13 19 21 21 19 21 21 17 9 1 11 10 9 18 2 13 11 13 3 3 1 3 15 4 21 20 4 2 5 20 1 14 6 21 2 15 20 16 20 16 8 5 8 17 17 9 18 10 18 0 0 7 4 19 11 0 4 20 0 8 13 4 21 12 13 12 15 13 15 3 4 9 15 5 14 4 15 20 20 20 21 20 20 21 21 21 21 20 20 21 20 19 20 16 20 8 21 5 20 11
