12 9 12 19 20 8 11 13 16 7 0 22 8 0 1 17 13 15 15 2 20 17 0 3 3 3 19 19 12 4 0 18 21 5 21 3 14 6 22 15 7 15 7 22 2 8 1 17 0 21 8 18 9 18 10 19 11 19 21 5 20 11 20 4 9 21 10 21 14 8 9 22 11 1 14 14 16 0 12 0 13 5 1 11 7 4 22 21 21 22 22 21 9 21 19 22 1 21 21 22 9 7 21 7 17 22 8 3 18 0
10 5 9 22 9 18 11 0 19 9 7 11 22 20 1 17 10 21 13 2 0 11 11 3 19 3 14 19 4 14 4 13 5 5 5 14 18 6 22 15 20 1 7 22 16 3 6 17 9 2 0 9 18 10 7 0 19 0 5 3 20 12 12 0 21 9 21 22 22 11 10 22 6 5 5 15 2 11 0 7 0 0 12 15 14 14 22 21 6 21 9 19 21 20 21 2 22 17 22 7 21 21 22 22 6 18 22 0 3 3
21 18 19 15 17 15 16 21 20 9 0 21 8 1 17 1 17 11 1 2 14 13 14 3 11 3 16 15 4 22 16 17 14 5 21 18 14 15 21 6 7 17 1 0 16 8 21 7 17 9 19 10 18 10 21 9 19 19 6 7 20 20 20 5 22 13 21 10 8 6 22 7 22 10 2 16 0 8 3 17 11 13 15 17 8 13 21 21 21 22 22 21 21 4 21 15 21 21 16 22 11 21 6 17 21 21 16 18 20 16
9 22 12 0 19 15 14 19 7 14 20 16 22 13 1 14 19 20 19 2 14 10 13 19 3 13 11 20 12 4 0 2 0 21 5 14 6 14 16 22 15 7 3 0 22 16 0 17 8 21 18 18 4 10 9 3 11 19 2 12 12 20 22 12 5 0 21 11 22 1 15 22 2 11 2 16 13 14 1 16 13 8 12 5 12 3 21 22 21 21 22 22 5 21 5 21 7 22 7 22 2 22 17 22 17 13 8 22 15 9
12 18 19 19 20 11 15 8 16 14 14 14 22 12 1 0 9 9 10 2 11 12 1 2 3 11 1 3 4 12 4 5 5 5 3 16 14 6 21 6 7 7 21 20 16 8 1 20 17 1 9 7 18 18 10 5 3 19 22 12 12 20 10 0 13 21 13 7 14 2 13 22 12 6 1 16 13 10 13 15 15 18 4 1 8 4 22 21 21 4 21 3 22 22 8 21 14 3 21 21 22 22 21 9 21 8 21 21 4 18
5 18 11 20 9 14 14 21 13 12 22 12 12 1 22 1 13 20 16 2 13 10 22 13 3 11 17 15 4 16 4 0 16 5 21 18 21 6 0 15 15 15 7 19 16 22 21 17 5 22 20 18 18 18 0 2 19 11 0 4 20 12 20 21 10 21 21 8 9 10 13 22 3 12 4 2 2 13 6 11 1 5 11 10 2 0 22 22 22 21 22 12 22 0 22 14 21 4 21 21 22 20 17 21 5 2 21 17 11 21
12 19 12 11 7 15 8 7 16 8 0 13 11 1 1 1 1 15 2 2 2 22 16 11 3 15 22 12 4 4 2 4 13 5 21 14 4 18 3 18 7 15 2 16 8 17 8 17 21 9 18 9 18 21 2 20 20 19 11 7 22 20 7 0 22 21 8 22 22 5 1 22 15 8 15 3 10 11 16 3 14 3 4 15 3 7 21 22 21 21 21 21 21 21 21 7 21 12 7 21 17 3 1 21 18 21 22 21 21 10
19 19 5 8 15 21 12 9 9 7 22 10 0 15 1 21 0 16 16 2 0 10 12 17 3 11 20 2 4 1 13 14 0 5 5 2 2 6 18 3 15 7 19 2 16 17 0 7 8 17 18 9 8 21 1 19 11 19 20 7 20 12 20 10 5 8 21 13 10 8 0 22 12 0 15 15 10 4 15 16 16 13 11 0 14 7 19 21 0 21 22 21 22 21 2 21 20 21 1 11 21 6 7 21 12 15 22 12 18 12
11 17 8 20 13 12 22 13 16 13 15 0 0 1 8 1 10 11 2 11 2 15 11 0 3 1 17 16 4 20 2 13 22 13 5 5 14 6 20 2 7 16 19 6 16 3 5 1 9 17 1 7 19 9 10 2 19 6 0 10 12 20 7 13 13 21 13 9 0 8 22 14 11 1 16 16 15 11 7 14 10 17 10 9 15 22 22 22 7 21 17 22 22 22 22 21 21 14 21 21 22 21 17 21 2 22 0 19 17 10
13 11 11 9 13 8 6 20 10 7 22 20 22 1 1 9 1 11 2 2 2 10 2 14 3 15 20 16 4 12 19 22 15 5 14 4 14 6 19 15 1 21 0 16 16 8 1 17 6 17 22 9 18 21 10 22 19 11 11 20 2 9 20 6 13 13 21 22 2 14 1 22 3 6 4 2 4 0 2 2 2 16 13 11 1 15 21 21 21 21 22 21 21 6 21 15 21 18 21 0 21 22 21 22 21 22 1 22 16 3
19 18 8 20 9 0 6 7 17 9 7 16 13 15 1 17 16 9 14 2 15 10 15 17 3 15 12 3 2 4 20 16 5 14 2 21 14 6 15 15 15 21 21 16 8 0 19 22 17 3 5 10 18 10 2 10 11 19 20 11 9 20 6 22 21 5 21 22 14 13 22 13 22 1 4 0 15 12 15 7 3 3 17 12 4 5 21 21 21 21 21 21 21 22 21 22 21 21 21 21 19 21 17 5 21 6 21 21 5 6
17 11 7 9 8 7 7 15 7 18 8 11 11 8 1 8 22 11 14 2 13 22 21 3 11 12 3 12 4 14 18 13 0 5 16 14 6 19 6 20 15 7 19 17 20 4 21 21 17 9 4 4 18 10 9 19 11 7 6 11 20 3 11 0 13 21 5 8 4 22 11 22 0 8 3 12 13 3 14 17 5 11 5 6 11 22 21 4 22 21 21 20 21 14 21 9 21 16 21 5 21 20 22 21 21 6 21 21 19 19
19 19 22 11 17 18 21 0 10 21 18 8 14 1 1 1 1 11 11 2 10 18 1 3 13 3 12 1 4 4 0 2 13 5 19 14 21 6 21 15 16 1 7 19 16 22 4 7 9 17 9 8 18 3 10 3 19 8 11 6 20 20 12 8 9 13 21 13 22 2 7 22 14 11 0 14 0 14 17 17 1 0 4 9 12 3 21 22 22 22 22 22 22 21 22 10 22 10 21 21 21 19 21 11 7 22 22 21 4 15
15 19 13 19 6 21 8 8 20 21 21 22 17 18 1 13 9 12 2 2 2 1 11 3 11 3 18 1 4 4 14 0 5 16 3 5 14 6 1 5 15 7 16 16 4 16 17 4 17 17 8 10 18 10 2 2 19 11 0 6 12 20 12 12 2 7 21 13 11 5 4 22 2 2 13 14 14 5 17 4 3 15 13 18 6 4 22 21 22 21 21 5 21 1 21 15 21 21 21 21 21 21 22 22 22 21 21 22 20 0
5 11 19 17 21 11 20 8 12 10 12 15 11 9 1 19 15 16 15 2 10 2 10 12 3 2 1 22 4 12 4 16 5 15 5 22 14 6 15 2 15 2 21 7 2 8 17 18 17 0 7 21 0 18 10 2 6 19 1 11 0 20 0 8 2 0 21 14 11 5 14 22 1 9 5 7 15 2 9 3 8 7 12 1 4 1 1 21 18 21 17 22 6 21 16 21 5 21 9 21 22 21 21 2 22 4 21 0 5 0
11 19 12 13 19 10 6 6 20 19 0 10 9 19 1 15 0 17 1 2 10 22 10 3 3 17 14 13 4 12 16 21 16 13 1 2 6 5 20 6 21 21 16 6 16 8 17 3 8 17 9 22 18 10 10 4 19 6 11 12 7 20 12 1 13 7 21 2 0 22 1 22 22 1 10 16 12 15 5 11 7 14 10 4 18 13 21 21 21 22 21 21 21 21 22 21 7 21 21 21 21 3 21 22 5 21 10 21 5 8
17 9 0 9 16 20 18 10 8 16 21 14 19 1 13 15 1 9 2 2 2 10 11 3 11 3 21 4 4 12 21 18 5 14 5 14 18 6 18 15 18 7 16 21 2 8 3 2 8 0 22 22 18 10 10 19 20 4 11 5 20 20 10 0 21 1 7 14 7 22 14 22 5 4 10 6 10 16 14 10 11 15 18 18 12 8 21 21 22 21 15 21 18 20 21 1 22 21 18 21 17 15 21 2 17 21 7 4 22 18
18 4 22 6 12 13 21 9 11 19 7 16 22 16 1 13 21 9 2 2 2 10 15 3 3 11 3 4 4 4 13 22 5 5 2 14 4 6 22 15 18 22 7 16 5 8 8 19 17 21 9 21 10 18 20 4 6 19 11 5 12 20 9 10 13 21 21 21 10 8 8 22 1 2 15 7 14 8 15 0 11 17 18 8 4 6 14 22 21 21 18 21 6 21 21 10 21 3 21 5 0 22 22 9 22 17 20 21 12 5
22 19 11 11 12 19 20 22 22 16 21 12 19 15 1 9 15 22 12 2 10 13 11 3 3 3 0 12 4 2 16 13 21 13 5 14 6 6 15 15 18 7 22 16 6 8 17 22 17 9 7 18 7 18 7 10 19 1 11 8 12 20 12 0 13 21 10 14 12 14 22 9 22 11 6 9 6 12 9 5 17 6 10 1 2 15 21 5 21 21 2 21 8 21 9 22 22 21 22 22 22 21 22 0 22 9 7 22 7 12
21 19 5 17 10 20 17 7 16 17 13 22 12 8 1 22 14 9 1 2 18 14 16 3 3 14 19 12 4 2 15 0 2 5 16 21 14 6 6 0 15 2 21 20 8 7 21 17 6 21 18 2 10 18 4 10 19 11 0 11 20 6 20 0 3 21 13 21 14 14 4 22 12 5 2 7 13 16 13 16 10 8 13 17 15 19 21 22 22 21 21 18 21 0 21 7 21 18 22 21 22 21 6 21 3 22 3 21 21 5
5 7 9 16 6 7 22 14 15 20 0 14 0 1 1 11 1 19 19 2 10 21 11 20 3 20 22 1 4 12 15 0 5 14 5 5 6 6 6 19 15 22 7 20 16 18 8 21 17 6 1 22 2 18 9 19 20 11 19 8 0 11 12 4 0 5 21 14 14 1 11 22 0 7 14 11 12 12 5 9 3 7 1 0 3 12 22 21 21 22 21 21 22 22 22 22 21 22 21 22 22 14 21 22 22 21 22 22 3 7
0 22 22 7 22 8 21 17 15 7 15 16 12 1 1 1 1 14 2 2 1 11 10 3 1 3 21 3 4 16 4 22 5 4 5 20 6 6 4 21 15 16 18 20 22 16 8 17 17 19 0 18 10 18 19 11 21 19 21 11 12 20 6 12 8 4 21 1 8 14 22 4 22 1 12 3 1 16 5 3 8 14 4 13 11 17 13 21 22 22 2 21 21 21 21 15 11 22 21 21 21 21 6 5 5 1 18 22 7 11
11 6 7 11 14 20 10 18 14 0 9 21 21 1 22 1 17 18 16 2 14 13 14 3 3 22 12 14 4 12 18 4 21 5 15 5 14 6 19 2 15 0 21 16 8 7 17 21 17 20 21 4 18 10 22 4 22 19 11 8 6 20 12 7 12 22 21 11 12 7 22 6 22 12 16 14 10 13 16 11 3 12 15 1 3 1 21 21 22 21 13 21 8 21 14 21 21 13 22 22 21 6 17 13 17 21 8 20 0 13
19 13 5 15 7 13 6 8 7 11 7 9 21 1 16 1 10 16 2 2 2 10 13 14 3 12 3 17 22 4 3 20 5 13 20 15 14 6 1 17 21 0 16 5 16 8 22 22 17 9 20 4 18 10 1 5 19 3 19 3 1 2 20 21 13 3 21 22 2 14 22 15 22 14 3 10 3 0 11 2 10 13 15 6 8 1 21 22 21 22 22 21 17 22 21 21 10 21 16 21 22 21 9 0 21 9 22 2 22 2
7 15 20 11 11 7 7 11 9 11 21 21 12 0 1 15 15 15 2 2 2 10 20 11 3 20 13 12 4 19 19 20 17 2 5 14 6 14 1 2 15 7 16 7 16 1 8 8 17 4 8 18 10 0 9 21 19 8 11 21 0 20 0 21 21 13 21 0 13 22 13 22 14 15 3 13 3 16 3 11 17 3 4 15 6 7 21 22 22 22 22 22 21 21 22 21 5 21 0 21 1 21 21 21 1 21 21 22 15 5
21 22 13 13 21 10 7 18 20 21 17 16 22 15 1 17 0 11 15 2 10 16 10 3 16 11 2 20 4 12 18 20 5 13 21 20 6 19 6 18 15 1 7 0 22 8 22 19 17 9 2 9 18 22 22 21 8 19 11 22 20 10 20 13 3 21 21 21 14 11 4 22 15 2 7 11 13 11 9 5 2 3 13 18 5 5 1 21 13 21 1 21 21 21 21 7 21 8 21 22 22 22 8 22 20 21 19 15 18 16
15 19 22 12 12 20 13 17 0 21 13 20 17 8 1 10 17 21 9 2 0 18 11 11 3 11 20 12 4 13 3 5 5 5 21 14 18 14 6 21 20 7 6 16 18 16 16 3 9 9 8 1 18 10 3 2 19 19 1 20 12 20 8 21 21 9 21 4 6 1 22 14 22 10 11 6 1 7 13 3 15 4 6 14 12 19 22 21 21 21 22 21 21 21 21 15 21 0 21 18 21 0 21 5 5 21 21 21 12 22
19 19 5 0 9 8 8 18 10 10 15 8 13 1 22 1 14 10 20 2 15 10 13 3 18 3 20 12 4 12 18 1 5 5 22 22 6 22 6 22 15 19 7 21 17 8 18 17 2 9 9 8 18 21 7 11 11 19 20 22 20 12 20 9 8 0 21 14 10 8 0 22 15 12 13 2 16 6 1 11 11 18 3 18 12 12 21 21 22 22 21 21 15 21 17 21 19 22 21 22 21 21 22 21 22 22 15 21 8 11
9 19 13 14 7 13 20 12 11 18 12 18 12 1 10 1 17 9 17 2 12 14 21 3 15 3 11 4 4 4 18 15 5 16 21 19 14 22 6 18 7 15 7 2 19 20 8 20 4 1 8 4 10 18 8 19 8 11 9 21 20 4 20 6 21 1 13 21 14 10 13 22 3 3 4 14 9 8 7 17 3 17 12 9 0 1 22 21 8 21 3 22 22 21 22 21 21 21 21 0 21 13 21 18 8 21 8 18 16 12
8 9 19 18 6 6 12 7 22 19 16 12 0 10 1 16 0 13 10 2 10 17 10 15 3 1 19 19 4 19 18 4 5 13 5 16 6 6 6 15 22 4 19 7 16 2 4 17 9 18 9 18 18 18 4 0 1 19 8 1 5 8 20 21 8 13 21 14 8 14 8 22 2 14 15 9 1 0 10 14 13 11 12 4 19 12 21 22 13 21 12 21 5 22 21 22 21 1 21 21 21 21 20 21 1 21 12 1 10 3
