10 21 7 15 8 23 10 11 13 13 10 22 19 1 9 1 9 11 2 2 17 2 13 3 3 16 18 14 4 14 15 13 5 13 15 14 6 6 6 15 19 7 23 16 22 3 17 17 9 0 9 18 22 22 4 19 23 5 20 23 20 2 12 1 8 21 13 1 12 22 2 14 3 10 23 16 16 2 1 17 3 12 3 3 16 1 15 0 15 23 23 23 22 23 22 23 22 0 22 22 23 8 22 16 22 21 22 20 22 17 21 3 10 15 22
11 17 12 14 15 0 8 15 0 21 7 23 12 1 10 1 12 11 10 2 10 10 2 13 3 2 0 12 4 17 15 1 13 5 15 15 6 4 15 16 22 7 2 23 22 8 0 23 9 18 18 4 18 19 19 19 11 11 23 10 20 12 9 5 21 3 14 14 14 22 6 0 12 9 23 16 14 2 16 6 9 8 0 7 16 12 8 1 4 22 22 22 23 22 18 22 22 21 22 15 22 23 23 22 21 22 10 7 22 20 23 11 23 3 22
5 10 12 21 6 14 7 21 19 8 0 0 8 1 10 1 0 12 16 2 10 11 10 3 3 17 15 4 19 4 13 2 5 5 14 17 6 15 6 19 22 16 7 16 16 3 17 22 17 23 8 18 10 7 22 19 23 5 11 12 20 7 0 13 21 13 10 9 22 14 22 12 14 23 8 23 9 2 2 13 5 11 0 12 12 8 6 19 19 23 22 11 22 12 22 22 23 22 22 22 23 17 22 0 22 23 23 23 18 22 13 22 23 23 0
7 12 4 13 6 20 21 11 19 22 21 22 12 1 1 13 16 9 2 1 2 17 21 3 11 3 16 12 4 1 13 13 5 0 22 1 14 6 23 15 3 7 18 16 16 23 22 23 18 0 9 18 6 10 9 21 19 7 1 0 12 20 12 12 3 21 2 2 12 1 22 23 15 12 12 23 16 8 14 2 13 13 2 17 13 7 14 7 1 16 23 23 23 22 23 23 23 23 8 23 3 16 19 22 23 1 9 23 18 23 10 0 22 20 4
9 12 10 23 7 6 16 18 0 23 7 8 8 1 1 1 0 1 2 10 2 23 14 3 16 3 12 22 4 13 4 1 5 5 2 17 14 6 15 23 15 7 16 16 8 17 17 8 20 5 23 18 10 22 10 19 11 11 22 20 22 20 21 2 7 21 23 14 22 22 22 0 2 2 23 16 12 1 5 3 6 16 14 1 13 9 13 6 3 23 22 22 22 20 22 1 16 23 22 22 15 22 11 22 21 23 23 23 19 22 22 21 23 6 12
20 20 6 17 20 23 10 20 18 0 16 14 17 1 9 1 13 9 0 13 2 0 1 22 3 11 12 14 20 3 4 19 5 18 23 14 4 6 17 15 22 7 23 4 19 8 17 7 17 22 9 7 10 22 10 22 19 11 23 7 20 9 4 13 21 5 13 4 8 22 12 6 15 23 4 23 9 10 5 10 11 2 1 15 13 18 19 4 4 23 22 0 22 22 22 22 14 22 0 22 4 23 23 7 22 0 22 3 22 22 22 22 22 19 22
10 8 15 20 23 11 13 10 21 15 7 12 9 22 1 13 22 9 11 2 13 16 0 19 3 11 17 19 15 4 14 17 5 21 1 5 18 6 5 15 1 7 23 7 16 7 8 17 9 9 19 18 10 18 10 8 11 19 21 12 20 21 12 6 4 21 23 0 11 12 22 4 15 10 23 23 23 1 9 16 14 13 1 1 3 5 16 17 17 0 22 1 22 13 22 19 22 1 22 12 22 22 6 22 20 22 5 22 22 23 23 23 23 22 23
20 0 9 21 16 17 0 9 23 8 14 18 21 1 14 1 15 11 2 2 17 13 18 3 13 3 12 13 4 12 4 18 5 5 4 3 5 6 22 15 22 15 1 16 8 4 1 18 17 3 9 7 18 2 3 20 19 11 6 20 10 12 23 1 13 21 2 12 13 22 6 1 10 15 23 2 2 15 17 11 17 6 7 8 13 16 15 7 12 20 22 0 22 20 22 23 23 2 23 23 22 22 23 16 23 13 23 8 23 23 20 23 19 23 20
23 18 5 7 14 22 21 21 10 13 7 0 8 1 14 1 23 1 12 2 11 11 15 3 12 3 17 18 4 16 4 23 5 13 5 14 22 6 6 6 22 15 20 4 8 16 2 9 17 9 4 9 18 6 9 0 19 11 11 11 20 4 23 4 21 21 21 7 11 8 22 23 10 9 16 23 1 0 17 13 10 3 1 17 13 4 9 5 4 9 22 22 22 22 4 22 12 6 4 22 22 23 23 21 22 22 23 15 23 1 22 22 10 11 11
22 0 10 10 6 9 14 12 22 9 14 10 11 21 1 23 9 22 0 2 16 13 11 23 3 12 23 12 4 18 22 13 13 5 14 4 22 18 19 15 6 7 16 17 8 5 8 1 9 9 4 18 3 9 19 10 19 20 11 4 20 12 6 10 21 10 13 14 22 10 2 15 15 4 23 9 4 16 16 0 14 12 9 14 12 17 13 2 4 23 22 11 22 20 22 17 23 16 23 1 22 22 23 23 22 23 22 23 23 23 7 22 5 15 22
18 13 16 9 20 7 21 8 20 13 13 12 8 1 1 21 11 9 0 2 10 15 11 1 3 2 2 19 19 4 17 14 23 5 20 22 22 6 15 6 15 18 7 16 21 16 8 3 17 9 6 18 0 10 19 11 19 11 5 22 20 12 11 21 21 21 13 9 2 22 1 7 13 15 23 8 4 16 2 8 1 1 14 15 14 6 0 13 16 23 23 23 2 22 6 22 22 22 22 23 22 22 23 22 8 22 2 0 23 22 0 22 14 5 19
9 21 23 7 22 13 10 13 8 18 22 20 0 1 1 1 23 10 2 10 2 1 11 11 3 15 13 18 4 4 14 13 1 5 20 14 19 6 5 15 16 7 19 16 23 2 7 17 9 9 2 18 10 10 10 19 7 11 10 20 7 22 8 6 21 13 9 8 22 9 12 1 15 23 10 1 0 6 7 8 17 14 1 6 5 11 4 17 19 23 22 23 23 20 23 6 23 16 23 22 23 22 22 22 23 6 22 1 23 23 22 22 19 3 13
9 13 15 6 8 13 20 7 20 22 16 23 8 1 15 1 10 11 9 2 1 10 17 3 16 3 1 19 19 4 23 13 20 5 3 1 15 15 18 6 18 15 4 0 16 6 23 9 20 9 20 7 8 18 7 6 11 19 10 9 2 20 7 22 6 4 21 2 14 11 22 2 11 11 23 10 23 15 8 16 3 9 9 18 15 8 12 4 20 19 22 22 23 23 23 4 22 17 23 23 23 22 22 22 10 22 4 1 18 22 14 7 20 15 5
9 6 16 23 0 9 11 18 23 17 18 10 13 22 1 18 9 10 13 17 2 15 0 3 12 3 18 12 4 12 20 13 5 13 5 16 22 6 15 18 15 22 16 22 8 16 8 7 17 23 22 9 18 20 22 3 19 8 5 0 12 20 12 5 21 6 12 22 23 0 22 0 12 8 5 23 16 3 1 13 1 18 14 18 12 3 13 18 2 16 22 23 22 22 22 22 22 22 22 23 8 22 17 22 2 23 9 10 22 18 22 3 14 23 1
17 20 7 17 8 14 22 13 11 13 23 8 22 1 22 1 10 22 2 12 2 10 20 11 3 16 0 4 14 4 13 21 5 1 14 17 6 22 16 2 16 7 0 16 6 19 8 17 9 4 9 18 2 10 19 22 19 19 1 20 12 23 10 6 21 12 13 10 13 22 9 15 15 0 23 15 7 2 7 2 2 16 18 3 18 14 1 18 17 23 22 22 22 23 23 23 22 22 23 22 23 23 22 22 23 23 7 23 14 22 8 23 5 23 16
11 21 14 10 13 12 6 9 0 8 16 14 13 1 9 1 12 19 2 0 2 11 14 3 22 3 12 22 12 4 0 2 5 20 1 17 6 23 23 22 15 7 0 16 22 8 22 17 3 5 9 18 18 5 3 19 11 20 23 20 20 11 12 9 9 21 23 2 2 22 12 11 3 13 23 7 11 16 2 7 10 8 17 1 5 18 3 3 15 23 22 4 22 20 22 8 22 20 23 22 22 17 22 1 21 23 3 23 18 22 19 22 19 22 6
6 17 23 19 11 9 9 8 8 12 10 16 8 11 1 10 9 23 2 2 10 2 10 17 3 19 23 13 4 17 15 1 22 5 14 17 2 6 0 15 22 19 7 23 16 17 20 17 9 8 8 18 10 21 2 19 10 11 10 20 12 20 11 21 2 21 12 2 2 22 14 0 23 23 23 23 16 4 4 12 12 8 14 5 17 14 0 15 13 23 22 14 22 10 23 22 22 4 22 2 22 13 22 21 22 14 18 22 1 14 22 23 22 7 8
13 11 21 11 23 14 9 10 17 10 11 18 22 23 1 23 9 18 10 2 10 17 12 3 14 3 3 4 13 4 22 13 5 0 19 14 19 6 17 15 6 6 7 22 16 3 0 0 3 9 22 18 10 19 23 8 19 11 0 21 20 12 2 6 21 21 10 13 7 22 8 15 23 15 12 23 3 1 17 16 1 17 14 12 2 17 16 14 9 23 22 19 22 4 22 20 22 16 22 22 22 22 18 22 17 22 9 23 22 22 22 23 23 19 7
4 13 10 15 20 9 16 14 20 7 13 14 15 12 1 9 19 11 10 2 22 12 11 3 3 11 13 23 12 4 3 13 5 5 22 17 14 15 6 22 7 18 16 20 16 8 20 23 5 9 7 18 7 10 2 4 19 22 6 10 20 12 9 2 21 10 7 11 1 22 12 15 13 23 2 23 16 15 16 14 9 6 15 10 18 17 9 8 14 23 16 22 7 8 22 19 20 22 23 16 23 21 23 4 23 22 18 9 21 22 2 21 22 3 17
11 9 21 17 11 22 11 0 20 12 7 19 8 10 1 22 22 0 9 2 13 10 13 3 23 3 12 23 0 4 21 13 14 5 2 14 5 6 21 2 15 7 22 16 6 17 23 22 9 20 19 8 18 0 10 4 11 19 7 3 2 11 7 9 13 21 14 14 13 14 22 8 15 10 23 11 23 5 1 14 10 0 4 12 11 3 18 3 1 0 22 22 22 22 22 22 11 22 16 16 22 22 22 22 22 21 23 0 23 22 2 16 1 0 2
13 6 9 10 17 16 22 10 19 18 14 17 12 17 1 23 18 12 12 2 10 12 2 3 12 1 3 4 18 4 1 13 18 15 5 14 6 19 15 20 21 7 16 16 16 8 8 2 9 23 21 18 22 10 22 19 3 19 10 11 20 12 11 9 21 0 1 11 22 14 22 1 9 15 23 10 2 0 12 0 12 6 1 14 4 18 5 7 14 23 14 22 21 16 22 17 23 22 22 12 22 16 16 22 6 22 23 22 16 18 18 22 22 3 16
8 14 20 23 6 21 10 19 11 13 22 23 23 1 1 1 9 11 2 2 2 19 12 2 3 15 18 15 4 12 13 5 5 16 19 15 14 6 21 22 4 7 6 16 8 16 8 17 8 6 18 9 18 18 10 21 5 19 9 20 7 7 12 23 1 21 12 23 10 13 22 23 15 15 8 23 1 2 14 11 2 15 15 16 12 2 0 20 8 10 22 22 22 22 6 23 22 22 14 22 16 22 22 22 22 22 22 9 22 6 13 23 20 18 20
5 21 19 23 20 12 8 20 7 17 22 18 8 1 22 1 10 9 9 2 10 1 19 3 3 3 17 12 4 12 1 13 5 14 5 0 21 6 22 23 15 22 3 16 3 8 17 2 17 22 2 18 23 21 21 19 11 19 23 21 4 20 4 8 21 12 13 6 4 11 22 15 9 7 23 2 8 16 15 2 16 18 6 12 7 2 2 14 2 23 22 15 22 9 22 23 22 23 22 2 22 21 22 22 7 22 17 22 23 23 9 22 23 23 23
18 8 7 17 19 14 12 19 23 22 23 15 14 11 1 0 21 18 14 2 14 11 19 3 3 3 17 12 0 4 1 13 22 5 22 3 23 6 4 15 22 7 21 16 8 8 8 7 17 9 18 22 9 6 5 22 19 6 20 8 20 11 12 21 23 21 7 22 8 22 22 6 14 10 23 15 9 0 9 15 13 17 3 0 17 17 9 3 20 23 22 16 23 22 22 4 22 16 22 22 22 23 23 11 22 22 2 22 13 4 6 20 9 19 17
12 21 21 14 8 13 21 21 7 23 8 9 13 1 1 10 1 17 16 2 10 11 11 3 3 3 12 22 4 13 20 1 5 23 23 14 6 0 15 16 6 7 5 22 8 8 17 6 5 9 18 19 18 10 3 19 22 11 20 20 20 0 1 21 12 21 22 0 14 22 3 9 23 9 23 9 16 10 0 1 3 17 6 2 0 15 4 4 0 22 23 23 23 3 22 20 2 22 19 1 22 7 22 23 23 23 22 22 22 22 22 22 22 23 19
20 5 20 12 8 11 12 21 21 18 7 12 16 1 23 1 10 13 2 23 2 17 13 11 3 23 23 0 12 4 0 13 16 5 22 14 6 19 3 22 7 7 16 7 8 7 8 17 17 18 4 9 10 6 10 22 19 11 6 20 20 20 21 13 21 21 0 22 13 22 6 15 15 2 23 13 1 5 11 0 11 3 12 6 1 15 3 0 19 23 22 14 23 22 22 6 22 7 22 22 22 22 5 22 17 18 22 9 0 22 19 23 23 22 10
19 17 19 0 21 7 11 0 15 11 10 0 12 11 1 14 16 9 23 2 0 15 0 11 3 11 19 15 17 4 2 5 5 13 18 14 3 20 22 15 7 15 7 7 19 18 8 7 18 9 9 19 20 4 6 0 19 11 22 22 20 21 12 12 12 21 8 8 1 22 15 23 15 23 23 23 9 8 8 14 16 8 17 11 1 18 3 12 19 23 23 23 1 22 20 2 22 0 3 22 13 3 22 3 22 21 22 19 23 9 23 19 8 22 10
11 6 16 21 19 15 21 19 9 8 7 17 0 11 1 23 9 0 2 10 2 19 13 3 15 3 12 1 16 4 13 19 22 5 14 22 17 6 15 3 15 7 20 5 17 8 22 17 20 18 20 2 9 10 19 7 5 11 5 20 4 20 3 21 21 21 5 0 22 22 22 1 13 15 23 4 1 16 1 10 10 4 10 1 13 6 10 17 6 22 22 22 23 23 23 22 22 15 22 20 22 23 22 21 23 18 22 20 22 21 15 23 17 11 16
21 20 8 10 18 23 22 12 7 17 9 8 22 22 1 12 9 9 2 2 2 18 11 19 3 11 18 18 4 4 16 4 17 5 20 14 0 22 17 17 7 7 7 7 7 23 8 21 20 20 0 18 10 18 10 19 0 9 1 20 20 20 11 11 8 21 22 14 4 22 14 1 12 23 15 23 5 10 11 13 9 0 17 16 4 12 17 9 7 23 22 2 22 20 22 20 22 5 17 22 21 19 22 6 23 20 22 3 22 10 23 10 22 22 18
15 14 7 22 6 6 8 21 11 9 13 9 22 1 11 1 16 10 19 2 22 12 11 18 3 15 12 18 4 14 4 13 5 23 1 14 6 18 6 22 15 7 0 20 16 8 21 7 17 9 4 22 18 10 10 19 19 10 4 11 20 12 23 4 21 0 8 10 22 22 2 3 8 23 15 23 13 8 12 16 2 14 1 9 16 18 11 12 12 0 22 0 22 23 23 9 22 22 22 22 21 23 1 22 5 22 9 22 22 10 23 6 23 10 1
