11 6 12 24 19 21 10 0 18 17 9 7 8 1 1 16 22 17 1 2 17 23 1 3 11 3 11 15 12 4 12 13 18 1 5 16 17 18 6 3 7 24 20 23 16 8 17 2 23 4 9 18 5 5 19 10 9 0 8 12 20 24 8 11 21 13 10 9 22 7 14 15 23 2 1 16 1 2 24 13 17 14 0 14 7 17 6 14 10 20 18 13 21 24 3 23 18 15 23 22 24 23 6 23 13 23 21 23 23 18 24 19 23 24 3 8 23 23 6 9
5 12 24 12 10 24 10 10 9 12 18 8 16 23 1 12 13 24 2 2 2 1 11 3 3 0 12 1 4 18 13 23 19 5 20 14 15 6 20 3 20 7 24 16 23 8 19 17 7 18 9 18 8 10 9 9 19 2 6 20 5 12 0 5 21 5 22 9 22 22 15 15 23 23 23 15 9 9 24 17 4 10 1 1 5 13 14 16 4 18 6 2 3 23 24 6 23 1 15 23 17 24 23 6 23 6 23 22 23 19 23 2 23 24 24 24 3 23 5 8
9 5 0 7 0 21 21 11 10 19 15 12 12 18 1 13 9 17 2 2 2 2 2 3 3 3 12 19 21 4 3 0 5 14 23 5 19 6 15 6 23 19 7 16 2 17 8 1 4 18 3 18 5 4 10 19 11 11 1 20 12 21 12 10 21 7 23 6 22 24 1 23 13 23 1 15 16 10 24 2 10 17 12 10 3 8 11 1 0 6 0 15 19 24 23 23 10 23 5 23 22 23 24 24 24 24 23 5 23 23 3 23 5 23 10 15 23 23 23 6
7 7 11 6 5 17 11 0 9 17 19 20 13 23 1 15 10 24 15 2 24 10 19 3 11 3 12 15 17 4 2 24 24 5 14 16 6 3 19 21 15 7 16 16 20 23 17 4 4 7 9 18 2 10 19 1 11 8 11 20 7 7 12 9 21 24 8 22 13 22 14 13 13 23 15 12 5 13 24 17 9 15 17 2 1 3 11 14 18 9 2 15 21 24 23 21 23 15 23 19 23 7 23 16 1 23 4 17 23 22 3 23 13 23 18 24 15 24 22 10
14 0 21 8 14 19 17 22 0 24 22 10 9 1 14 1 13 14 2 10 2 17 12 3 11 16 3 23 4 4 19 13 21 5 1 14 14 6 15 23 0 7 16 4 23 20 18 23 18 7 24 9 10 2 19 10 10 24 3 20 23 12 21 6 21 22 12 22 22 9 14 15 23 9 13 1 16 24 6 5 11 1 17 15 9 15 5 9 19 10 0 11 14 23 24 24 3 24 21 23 23 23 23 5 23 6 23 14 23 3 23 6 23 23 1 23 0 7 23 15
23 21 11 13 11 9 11 9 16 18 18 21 0 23 1 24 9 18 24 2 16 11 23 16 3 16 23 12 4 4 2 1 5 4 17 5 21 6 15 22 22 23 18 16 2 8 17 5 8 21 9 18 19 10 10 19 11 2 20 24 20 10 12 11 21 10 7 10 22 5 12 2 13 23 12 1 9 16 24 16 11 13 2 8 7 10 14 12 17 8 5 14 4 23 23 23 23 14 23 20 17 23 2 15 23 21 24 23 9 23 5 23 22 24 4 14 24 22 9 9
15 18 0 7 13 14 9 15 22 7 23 9 8 22 1 17 18 9 24 2 12 24 11 15 3 16 18 17 4 15 13 13 13 5 23 4 20 1 6 23 22 16 7 0 16 8 20 17 9 4 4 18 22 2 19 22 19 23 7 20 12 5 11 21 5 13 22 13 22 22 1 9 11 23 10 4 0 24 10 24 12 11 18 3 13 10 4 4 4 9 13 5 13 23 23 24 24 24 24 24 24 23 23 23 16 23 22 5 23 23 23 20 22 24 4 7 24 3 19 16
17 12 8 21 7 19 24 7 24 21 23 23 8 23 1 9 24 21 16 2 17 24 12 11 3 12 14 4 4 4 18 14 14 5 14 24 15 6 15 15 7 3 7 16 8 8 17 8 23 23 23 18 10 10 6 19 11 4 11 20 12 12 11 21 7 13 6 9 22 14 2 8 14 23 15 5 8 24 13 13 6 14 16 3 13 6 14 3 4 11 14 17 9 23 24 23 23 23 23 24 23 23 24 23 23 24 23 23 23 23 2 23 9 23 13 23 11 23 9 21
20 15 11 22 21 17 8 7 19 22 14 7 8 1 1 1 13 1 9 2 16 12 11 3 20 3 20 12 15 4 1 18 5 5 5 24 23 14 15 4 2 6 16 22 8 22 5 23 19 19 4 18 10 18 9 19 19 9 24 20 0 8 6 21 10 21 14 13 14 22 6 23 1 1 23 5 24 2 17 24 16 14 16 16 3 17 19 16 8 4 0 8 5 24 23 24 23 23 24 6 24 23 23 2 23 23 23 1 23 20 19 4 23 7 9 23 3 21 21 10
0 22 21 21 21 13 17 18 20 24 10 24 8 10 1 15 9 17 11 2 23 11 16 3 11 16 3 19 4 15 24 13 19 5 20 16 2 15 6 3 15 7 2 16 6 8 17 17 9 9 18 9 18 8 10 24 2 11 20 21 20 12 21 9 21 23 11 9 22 14 9 23 0 23 15 12 24 1 24 24 17 3 2 12 11 0 4 19 4 14 12 2 3 23 23 23 23 23 24 24 24 24 24 24 8 23 3 23 23 23 23 23 3 23 23 4 20 1 9 5
20 21 8 12 13 18 23 19 20 7 16 23 9 1 22 1 16 11 2 10 2 13 17 3 16 3 12 19 4 1 4 13 5 24 21 14 6 6 15 6 7 20 7 24 8 8 17 6 9 9 18 21 5 10 9 19 0 20 11 1 20 4 23 12 21 3 13 13 22 5 14 12 15 23 2 1 16 24 8 13 7 0 2 13 12 1 18 4 17 9 18 17 6 24 23 23 23 24 24 24 24 24 23 24 23 23 23 23 24 23 23 24 23 23 24 4 23 1 24 7
5 21 12 17 7 8 13 20 23 14 15 8 23 10 1 9 20 0 2 2 2 14 17 17 3 18 15 12 4 14 13 13 5 14 5 14 14 6 17 23 7 7 16 16 8 17 17 17 21 9 8 18 10 10 19 1 10 22 20 2 0 12 12 21 13 8 13 0 22 14 1 8 23 7 3 9 9 24 6 17 17 13 13 18 18 2 13 5 14 5 17 1 18 23 23 24 23 23 23 22 23 24 24 23 24 23 23 24 23 15 23 24 23 19 23 19 23 19 23 11
11 7 12 15 21 19 13 22 24 20 10 8 9 1 1 1 1 17 22 2 16 12 11 13 3 17 13 18 4 15 3 13 5 5 5 14 6 14 16 6 20 7 0 16 16 24 5 8 17 9 6 18 21 10 20 19 23 2 7 9 20 5 21 21 21 21 13 22 3 22 1 12 23 10 23 3 16 7 24 9 8 9 15 10 15 17 14 17 2 6 16 5 21 23 23 23 24 24 24 23 24 23 24 24 24 24 24 23 19 24 24 24 21 23 3 23 4 24 20 10
0 24 6 0 18 6 8 20 20 11 9 20 10 19 1 13 11 23 17 2 2 2 11 3 12 11 23 3 4 12 24 18 18 5 23 23 23 6 21 15 7 1 23 5 23 8 17 24 23 0 9 18 20 19 6 10 19 11 3 20 7 21 8 21 10 12 7 6 22 11 14 15 13 23 15 13 13 24 2 2 12 7 13 7 12 12 18 19 13 16 12 17 6 24 23 21 23 13 23 0 24 19 24 5 23 24 24 4 23 15 23 18 24 24 23 23 19 3 23 21
11 23 0 16 10 19 10 14 7 10 15 13 20 1 9 1 24 9 11 2 2 19 23 3 1 3 17 12 2 4 23 0 5 5 5 20 14 6 24 17 1 23 16 7 8 0 20 17 8 6 18 23 10 24 23 19 24 20 11 5 20 11 1 21 21 4 10 13 22 14 15 7 15 23 9 9 16 0 24 2 14 2 3 12 6 3 11 12 15 3 19 19 5 24 23 23 24 24 24 24 23 23 24 23 10 23 10 23 23 24 24 6 23 24 24 14 24 10 23 13
10 9 21 22 16 20 22 22 12 14 9 11 23 0 1 12 11 9 0 2 12 20 24 24 3 23 22 12 16 4 13 18 5 21 5 5 18 15 6 18 15 7 7 16 8 23 8 17 19 22 9 18 20 20 10 19 8 11 20 9 20 21 12 4 21 5 10 7 14 14 1 6 23 13 2 6 0 24 16 2 11 2 0 12 15 7 11 17 19 20 2 8 18 24 23 23 21 24 2 24 21 24 24 23 24 24 24 24 23 24 23 6 23 20 18 23 13 4 24 20
20 14 8 9 15 9 7 15 16 22 9 24 22 1 1 9 1 21 2 10 2 14 10 3 11 3 13 2 4 22 4 1 5 2 15 16 6 3 20 3 15 3 7 16 23 16 23 24 18 19 9 18 20 23 6 11 19 11 20 6 0 7 12 11 21 11 11 2 22 6 11 12 15 23 7 9 2 8 24 10 17 14 15 3 14 2 2 4 4 6 2 20 7 24 23 23 23 23 23 23 15 23 22 23 23 18 23 17 24 24 23 0 23 8 19 23 19 9 18 17
13 21 12 11 7 8 13 15 8 7 13 11 17 1 9 1 22 24 2 2 10 2 0 3 3 17 3 12 4 4 4 21 5 14 5 16 6 17 15 15 15 7 22 16 8 24 22 17 8 9 18 23 18 21 5 19 11 24 3 20 11 8 12 21 21 21 2 22 14 22 0 12 23 8 14 15 1 6 24 11 1 11 12 3 18 7 6 18 12 1 19 2 2 23 24 23 23 24 23 23 15 23 18 6 23 10 24 23 23 24 2 23 4 23 19 23 23 24 24 21
19 10 22 23 9 18 23 23 22 17 23 0 21 24 1 9 24 10 24 2 10 20 13 11 3 12 21 1 4 21 13 16 13 5 14 16 23 6 24 15 16 7 16 16 3 3 23 17 9 9 18 20 24 19 7 19 11 23 11 6 20 2 24 5 21 6 13 1 22 11 2 2 23 2 16 16 24 16 24 24 8 0 5 4 5 13 3 9 19 20 5 16 15 23 23 23 24 24 3 24 17 23 4 23 23 22 23 24 23 24 7 24 24 23 20 24 23 23 24 23
17 19 12 0 7 17 15 23 13 7 19 20 13 1 1 13 1 13 20 2 23 11 17 3 11 3 19 12 22 4 21 1 14 5 23 23 19 6 16 15 7 18 24 17 19 8 24 24 23 19 18 9 1 8 10 19 11 21 11 20 0 11 12 24 21 9 13 22 4 5 11 15 23 12 1 10 12 16 24 2 16 10 1 11 7 4 5 17 13 18 3 10 17 23 23 24 23 15 23 11 21 23 22 23 23 24 17 23 23 24 24 15 24 4 23 23 23 23 24 20
17 13 24 19 6 17 0 7 11 10 23 14 19 15 1 14 10 22 2 2 2 0 11 14 3 19 24 12 4 13 24 17 16 5 14 14 6 23 6 15 23 7 23 16 8 8 8 23 3 9 18 23 23 10 19 3 19 11 11 23 20 12 12 21 21 1 22 7 22 4 10 15 23 15 6 15 1 24 10 15 7 15 10 2 0 17 12 15 12 3 4 6 5 23 24 23 14 23 22 23 24 24 24 23 23 23 24 23 23 24 24 23 24 10 24 23 24 20 24 1
9 15 6 15 21 11 24 17 20 8 24 17 8 1 9 1 15 9 24 2 0 0 18 11 3 14 19 12 4 12 18 15 5 24 5 14 20 1 6 15 7 7 16 24 7 8 17 3 5 18 5 18 24 23 23 4 19 11 2 20 20 12 6 0 21 1 7 22 14 22 6 0 15 23 15 1 16 24 5 17 17 2 11 7 13 11 6 17 12 1 21 21 3 23 24 23 24 24 23 23 23 23 23 24 24 23 18 23 2 23 9 24 10 23 23 12 23 24 10 6
23 6 5 0 22 8 8 13 0 14 14 23 13 13 1 15 12 12 22 2 0 15 11 3 11 3 20 0 4 17 16 13 24 5 20 22 18 6 15 19 7 16 6 16 8 22 8 17 9 18 9 4 22 7 19 6 22 11 9 20 24 7 5 21 13 2 5 13 22 10 23 12 23 4 3 16 24 10 24 15 1 2 12 9 5 6 12 12 10 17 8 20 24 23 3 23 12 5 23 22 10 23 3 24 23 5 23 7 23 2 24 23 24 4 24 2 23 23 13 14
7 8 11 21 17 7 14 23 19 12 24 9 18 0 1 0 23 17 20 2 14 15 13 11 3 12 20 18 4 13 13 13 5 17 5 2 2 6 3 15 7 23 7 4 8 8 17 3 1 9 18 23 6 9 19 3 11 24 11 20 3 4 10 21 10 13 3 22 14 14 0 0 23 15 10 2 10 24 4 17 13 17 14 14 17 15 7 19 14 14 14 17 24 23 5 23 6 23 23 23 23 14 23 22 23 0 23 23 24 23 23 23 23 23 23 23 24 23 23 19
17 21 12 7 18 7 11 18 7 16 23 9 17 1 1 9 1 16 2 2 13 16 15 3 20 3 12 4 12 4 14 18 5 1 24 5 6 6 2 18 17 7 16 18 8 22 8 17 8 23 9 22 5 7 8 19 7 7 24 20 12 9 21 22 21 13 6 11 22 7 23 7 8 23 15 10 9 10 24 16 9 10 11 11 2 18 12 3 13 8 13 14 5 23 23 23 23 23 23 23 24 23 23 23 23 23 24 23 23 23 23 23 18 23 11 23 11 24 24 8
21 12 23 5 13 13 11 17 10 9 19 13 8 1 1 1 1 10 2 2 2 20 11 3 18 3 19 22 4 3 4 18 24 5 14 4 15 6 15 15 20 7 16 2 23 8 17 8 19 0 18 20 10 1 22 19 11 11 24 20 11 12 21 21 21 13 11 22 22 23 6 3 23 15 15 12 1 24 8 24 2 0 11 16 3 1 8 17 17 2 19 2 4 23 24 23 0 23 14 23 23 23 23 24 23 23 23 24 23 23 23 23 23 23 5 23 11 24 20 7
0 0 7 19 21 11 21 23 15 14 14 23 14 1 1 15 1 11 10 2 23 17 11 3 1 3 12 13 17 4 13 2 3 5 14 14 6 0 6 6 4 7 16 20 0 8 17 0 17 9 18 21 6 10 19 4 23 0 11 20 0 3 21 8 21 13 7 9 22 7 23 23 14 23 0 1 9 24 16 5 9 17 16 14 11 11 16 18 8 18 13 15 3 23 23 24 22 23 15 23 24 24 24 23 24 23 23 21 23 19 23 24 23 21 23 24 23 17 24 15
11 18 5 21 13 0 13 11 21 9 9 24 24 1 1 1 11 13 2 2 2 10 19 3 21 3 12 3 4 4 13 1 5 5 14 14 16 6 3 15 23 2 7 22 5 3 17 0 7 18 24 20 10 20 19 1 2 11 24 20 7 5 7 21 13 11 4 22 22 22 3 10 7 23 1 15 16 7 24 2 0 11 1 14 18 17 14 14 18 5 13 19 13 24 23 23 23 23 23 23 15 23 7 22 23 19 23 24 23 23 18 23 23 6 24 23 20 23 7 20
9 15 12 0 10 8 13 10 10 13 12 0 20 1 10 1 16 0 2 2 20 2 16 11 3 21 12 13 12 4 14 3 13 5 23 14 1 6 22 15 0 7 23 1 4 17 4 17 23 6 9 23 2 23 19 0 0 11 11 20 11 12 12 21 3 13 9 4 22 24 24 12 1 23 1 16 1 24 6 24 16 2 13 11 3 9 1 4 18 17 4 1 12 23 23 23 23 23 23 24 23 23 23 24 24 24 24 23 23 23 1 24 3 13 23 8 0 23 11 6
9 21 21 0 8 23 23 22 9 10 19 12 14 1 1 1 1 12 22 2 23 23 11 3 14 3 3 12 4 13 4 13 5 4 5 24 6 24 15 16 7 23 6 16 7 8 22 23 18 18 9 18 0 8 1 19 8 23 1 20 12 12 4 21 12 23 23 22 9 10 5 4 23 12 15 1 24 11 24 10 10 5 9 14 9 14 8 12 0 2 4 20 24 23 17 23 23 24 15 23 23 23 23 22 16 23 22 6 23 18 24 22 24 9 24 15 24 6 23 24
