0 19 6 22 23 16 19 20 9 13 23 18 9 12 1 16 9 22 14 2 25 11 19 3 3 15 12 17 4 4 4 13 18 5 25 21 23 6 16 2 16 23 18 7 2 8 17 8 25 9 18 22 20 10 0 19 0 20 20 11 25 12 21 23 13 4 2 22 14 3 10 5 23 9 15 24 24 24 25 14 25 8 25 15 17 18 4 19 12 18 7 6 14 16 17 5 25 24 24 24 24 16 24 9 24 23 22 25 5 24 25 24 24 25 7 24 19 24 2 24 18 14 24 11 11
6 10 13 17 19 17 22 13 7 18 10 15 21 8 1 10 13 23 2 2 2 25 11 3 3 22 1 16 4 12 20 0 5 23 5 25 24 6 20 18 7 22 24 24 8 21 1 17 8 18 25 9 24 10 5 1 19 25 20 6 3 7 13 21 13 8 13 5 22 14 13 12 23 15 8 8 24 24 24 13 2 9 25 3 3 3 10 17 10 13 4 12 19 15 9 3 5 25 24 11 24 6 24 25 25 24 24 25 16 24 25 24 18 3 24 25 24 25 23 24 20 4 24 17 8
18 20 10 14 7 14 6 13 12 0 24 19 13 20 1 10 12 10 13 2 21 15 11 23 3 16 12 4 4 16 25 13 5 16 5 15 6 6 2 15 25 7 0 3 8 2 17 24 6 9 9 18 2 2 19 11 11 7 11 20 6 23 21 7 12 5 13 22 13 14 14 23 8 25 8 10 24 16 25 0 25 7 25 17 3 1 4 13 12 9 18 6 2 16 5 13 7 24 25 24 25 25 19 24 24 22 25 15 19 24 7 24 19 19 25 0 25 21 24 16 24 6 7 3 21
4 24 10 18 6 10 0 24 7 14 8 12 13 16 1 12 18 12 19 2 20 20 19 3 25 0 3 12 4 12 16 19 13 5 21 14 25 6 15 15 2 15 20 24 8 5 17 7 17 18 9 25 8 10 19 24 10 25 11 20 21 0 4 9 21 24 25 9 22 10 23 0 23 24 9 10 15 24 17 16 2 25 12 25 2 2 15 7 17 19 0 8 7 6 18 22 14 20 24 6 24 21 25 24 24 24 25 13 24 19 9 24 15 21 24 24 25 2 8 25 7 0 25 9 1
12 0 5 6 22 22 9 14 17 12 7 0 17 1 1 19 1 25 1 2 15 11 18 3 11 3 14 19 4 25 22 13 5 22 23 21 25 6 15 3 7 16 16 16 5 8 25 24 2 9 8 18 5 8 19 10 1 11 20 20 12 5 7 21 7 13 4 22 8 14 1 8 23 12 10 24 16 24 1 7 13 25 17 16 14 16 14 14 8 6 1 19 18 5 20 0 7 24 25 24 8 24 12 24 21 24 9 24 19 24 24 25 8 24 16 24 24 25 25 24 25 20 25 11 8
0 0 11 24 9 8 14 0 9 0 24 9 8 1 13 1 13 10 19 2 15 15 11 3 11 3 20 16 4 1 4 19 2 5 14 22 17 17 19 15 16 7 20 18 5 1 21 8 23 24 9 18 10 10 19 8 25 11 20 3 11 0 21 0 5 24 22 0 14 11 23 25 23 15 14 24 9 2 8 1 25 14 25 12 9 14 2 19 18 1 1 7 15 18 14 12 24 25 24 24 22 24 1 24 19 24 1 24 22 25 25 24 8 24 2 24 24 24 8 24 20 25 25 16 9
21 21 16 0 15 8 22 16 0 23 11 21 14 1 1 23 1 25 16 2 0 22 11 11 3 21 18 12 4 15 17 22 4 5 14 2 6 15 6 15 7 1 21 25 8 8 17 21 2 18 9 24 24 10 19 10 23 11 11 20 11 24 5 21 12 12 22 22 8 14 14 23 8 15 14 9 24 11 25 17 10 25 9 13 11 14 2 11 16 16 3 17 3 10 20 20 24 24 24 25 6 24 22 24 24 25 25 24 24 12 24 9 4 24 21 25 24 24 24 24 24 25 24 22 17
21 10 20 8 25 12 13 10 7 7 18 18 21 1 8 1 25 14 10 2 2 2 25 3 14 3 19 25 24 4 0 18 22 17 5 5 5 6 15 15 25 7 3 4 18 17 8 1 1 18 9 18 18 1 22 10 24 11 20 20 6 21 21 0 13 10 13 22 14 8 14 23 12 9 6 24 24 24 12 5 2 25 7 1 7 18 14 8 1 5 4 11 0 19 20 9 25 24 24 25 25 24 3 24 22 24 24 25 8 25 8 25 9 25 4 25 11 24 25 25 4 0 17 18 12
22 13 8 14 11 20 22 14 17 20 17 0 9 12 1 14 19 12 12 2 10 18 12 23 3 11 20 18 4 17 4 2 5 1 24 5 6 5 15 24 24 21 7 17 16 23 19 18 18 0 7 18 21 4 20 9 11 22 20 23 10 12 21 21 0 22 11 22 9 14 10 23 6 2 8 11 24 12 13 17 25 0 25 18 14 1 17 11 16 18 0 6 11 15 14 17 25 25 25 24 25 24 6 25 24 24 25 24 25 24 0 24 2 24 19 25 18 24 1 24 1 13 24 13 19
7 22 10 17 15 22 15 24 15 24 15 8 23 1 8 1 16 10 2 18 2 19 21 3 13 12 3 12 4 1 13 2 16 5 16 19 14 6 2 19 15 2 5 17 8 25 19 23 9 9 18 8 10 4 10 25 19 24 11 20 0 9 21 11 4 2 22 22 22 23 15 12 23 15 2 13 24 1 9 25 25 9 25 11 16 3 8 13 3 15 12 21 9 3 6 5 1 24 24 24 24 22 25 9 25 20 25 25 24 23 24 25 24 24 10 25 6 25 25 9 24 24 8 24 13
4 15 11 7 11 22 14 23 13 7 22 10 15 1 1 1 14 23 10 2 1 17 1 3 24 3 12 12 4 20 3 17 14 5 25 14 5 6 19 1 16 7 1 24 22 8 3 6 18 9 1 18 10 21 19 7 25 24 20 11 2 12 25 21 24 3 11 22 14 23 4 23 10 2 12 1 24 12 9 0 4 25 17 14 11 16 6 17 12 17 14 1 3 5 2 13 24 24 24 25 25 24 24 25 24 22 25 25 24 25 12 25 9 25 21 24 1 25 24 24 25 12 19 16 19
12 14 25 5 10 11 22 14 9 7 14 23 23 10 1 9 15 18 14 2 16 11 17 3 3 14 14 23 4 3 4 13 14 5 14 20 0 6 22 15 17 7 7 16 25 8 17 1 8 9 18 24 19 24 3 19 1 11 20 0 12 12 12 21 22 25 7 22 5 13 3 15 23 15 7 0 24 7 15 17 8 8 25 9 11 6 4 14 6 2 18 13 6 2 20 1 12 24 24 25 25 24 7 24 7 25 3 18 25 3 24 24 24 24 25 20 24 18 24 24 14 3 21 21 23
12 12 25 6 17 22 6 23 22 11 7 19 10 25 1 0 10 24 2 2 2 14 20 3 3 12 3 0 4 24 2 20 5 5 5 14 17 6 19 15 7 16 17 22 8 7 25 17 0 2 1 21 9 10 19 19 3 11 20 10 20 11 7 12 4 13 22 12 22 13 23 7 23 2 15 24 16 24 13 25 9 25 25 14 16 16 12 2 14 11 19 14 14 18 18 12 25 25 25 6 24 22 24 24 25 1 24 4 24 8 24 2 19 24 8 24 20 24 3 25 24 22 11 6 17
10 4 9 25 24 13 16 19 0 17 9 12 12 9 1 17 9 14 25 2 11 12 25 12 3 25 25 25 1 18 4 0 5 20 14 1 3 6 17 6 16 7 1 16 8 17 8 7 1 18 6 9 10 20 25 8 25 20 11 11 1 21 12 21 3 25 9 22 6 23 23 25 23 9 12 9 24 11 13 17 25 12 25 14 18 13 6 13 19 6 4 10 2 4 5 0 25 25 25 24 24 24 25 25 25 23 24 21 24 24 25 25 9 25 25 24 19 4 25 20 1 25 24 23 7
10 12 8 12 21 22 22 0 13 25 15 9 25 1 1 16 1 18 14 2 25 12 11 3 0 3 12 17 4 18 17 14 5 5 14 14 6 5 15 15 7 19 4 24 8 17 8 23 22 18 0 24 5 10 19 0 10 11 20 4 23 11 21 5 10 4 13 22 25 24 14 23 15 7 15 12 24 0 16 14 10 25 6 15 18 15 1 3 12 18 4 8 4 18 20 15 25 24 24 13 24 21 24 22 24 24 23 24 24 25 23 24 5 24 3 25 2 24 11 4 24 5 0 24 11
11 7 4 8 10 15 6 9 9 12 0 21 16 24 1 10 22 16 2 25 2 10 25 3 19 3 2 12 4 13 17 21 1 5 2 14 6 5 6 20 5 1 7 16 24 25 17 19 0 7 9 18 10 25 19 19 19 24 23 11 3 12 6 21 21 10 25 22 14 25 13 23 15 23 15 15 8 24 10 13 11 25 2 25 4 19 2 7 12 3 19 13 18 14 13 22 18 12 24 4 24 19 25 7 25 25 24 25 24 24 24 24 5 24 25 20 24 20 16 24 22 25 8 25 12
8 7 0 15 11 23 16 11 14 10 9 16 25 19 1 16 21 16 25 2 10 1 17 20 3 11 3 3 4 15 16 13 13 5 20 21 3 6 17 15 22 7 23 16 18 17 7 21 24 22 18 3 23 25 19 19 20 11 0 24 23 3 12 11 21 5 22 8 11 13 14 15 23 3 24 24 16 24 17 6 17 4 25 1 1 8 3 18 3 14 6 19 3 5 0 12 0 24 12 24 24 25 24 24 23 24 2 24 21 24 24 25 3 24 24 2 25 1 25 24 3 0 25 6 24
25 0 11 0 25 22 22 12 7 8 0 0 8 0 1 19 22 19 17 2 22 18 19 3 3 3 12 18 4 4 3 18 5 5 25 5 24 6 15 23 16 24 7 16 8 3 8 23 4 9 18 1 24 25 19 11 10 11 20 24 25 12 21 4 9 0 0 22 12 14 2 23 15 15 9 11 24 16 16 9 25 15 11 18 10 16 5 5 0 2 14 4 13 0 13 17 25 24 17 25 25 25 14 24 20 24 6 24 24 1 25 7 25 25 24 9 24 14 24 20 25 0 25 25 5
21 8 17 8 16 8 23 12 12 16 24 13 0 9 1 24 9 12 23 2 17 0 13 19 3 2 25 12 4 16 18 15 5 14 16 14 5 6 23 15 24 2 16 7 8 17 8 17 25 20 18 9 10 10 3 19 24 11 20 20 5 1 10 21 22 8 25 22 2 6 8 23 0 15 14 13 24 8 17 17 25 8 25 0 11 11 9 1 15 10 14 4 1 15 8 3 21 24 14 24 22 24 24 24 24 25 24 24 25 25 24 8 25 12 25 10 24 25 24 9 25 22 25 25 19
5 0 11 18 25 10 0 9 13 16 12 0 12 1 1 11 1 14 25 2 10 11 11 22 3 14 17 3 13 4 3 13 0 5 21 14 6 6 24 6 15 7 19 3 25 8 2 17 18 9 18 4 19 10 19 4 9 20 11 20 20 6 21 5 21 3 9 22 0 25 0 3 23 13 16 3 16 24 9 25 17 15 25 16 3 11 8 5 2 3 6 10 13 13 5 14 3 24 24 25 25 24 24 24 24 23 25 25 24 25 24 25 24 4 25 25 25 11 25 25 24 6 13 2 11
16 25 23 8 10 22 7 15 19 0 20 0 21 1 9 1 25 10 25 2 10 11 13 3 3 21 3 14 0 4 17 13 5 14 19 21 6 4 24 15 24 7 6 18 1 17 19 1 2 9 18 24 7 4 19 19 24 11 5 20 3 21 21 10 6 25 7 22 10 10 14 1 23 15 11 9 24 9 7 25 2 25 25 17 13 0 18 14 9 14 4 14 12 0 20 14 25 24 22 24 22 24 24 25 24 24 24 25 24 25 18 25 7 25 24 0 24 6 24 17 11 25 23 5 21
9 21 25 23 25 6 7 13 25 9 11 25 19 1 13 1 10 25 18 2 10 14 12 3 23 3 22 13 4 2 4 4 24 5 14 25 3 6 20 15 24 7 18 16 8 8 8 5 8 3 9 0 23 2 10 19 11 11 20 12 12 12 12 21 12 24 4 9 22 10 1 23 15 13 8 11 10 24 9 11 13 17 25 14 0 2 16 18 5 7 4 1 9 15 8 3 1 25 25 25 24 24 25 7 24 8 23 24 7 24 25 24 24 10 25 24 19 25 24 2 22 24 23 10 9
0 12 13 14 12 14 17 23 7 23 21 22 10 8 1 17 22 17 9 2 15 25 24 11 3 11 17 19 4 17 4 13 5 17 5 20 14 21 0 20 25 7 2 2 17 4 17 22 18 9 18 19 10 3 7 4 20 8 11 20 2 3 6 21 13 11 22 6 14 8 5 23 1 9 16 16 24 12 17 4 17 25 14 14 6 8 7 11 10 15 18 0 6 18 0 2 25 25 25 24 24 24 25 24 24 24 24 24 25 1 24 3 24 4 24 5 24 19 24 0 24 24 9 17 14
12 0 15 21 22 22 17 0 23 8 8 23 10 16 8 1 25 16 25 2 10 10 17 0 3 17 12 16 4 18 16 20 13 5 22 16 14 6 17 16 15 24 7 16 24 8 24 17 9 21 9 23 20 10 19 19 19 20 11 20 3 8 6 21 22 7 3 7 22 25 10 15 23 14 11 13 7 24 12 4 17 13 25 11 18 6 3 5 19 4 4 20 6 20 13 21 0 25 25 25 25 25 25 24 24 24 24 25 25 25 24 9 24 1 25 24 24 2 25 3 25 1 24 4 3
16 24 21 14 13 14 14 11 18 12 0 17 18 1 9 1 10 17 17 2 12 16 21 3 12 3 12 12 12 4 13 15 5 5 21 14 6 24 4 6 5 16 16 18 8 5 8 17 4 9 23 18 3 10 19 22 22 3 20 5 1 24 12 21 0 9 13 22 14 25 12 23 14 7 5 24 12 1 2 17 17 25 10 4 17 11 16 2 7 2 17 11 2 16 6 1 21 24 25 24 14 22 24 16 17 24 21 24 7 24 9 9 24 22 12 25 0 24 6 24 14 5 25 24 0
19 14 19 0 5 16 0 12 0 18 8 16 8 1 24 1 1 15 2 2 23 23 14 3 3 3 0 13 4 15 13 15 19 5 2 0 6 6 24 21 4 7 1 16 18 17 2 1 9 24 25 23 2 10 19 22 4 10 20 20 12 4 21 7 23 25 0 22 12 11 24 23 24 3 11 24 24 9 13 17 25 9 25 2 11 14 15 11 5 14 2 11 10 4 21 5 25 24 1 24 3 25 25 25 25 24 2 24 1 24 12 24 20 25 24 24 18 23 14 25 25 25 9 25 15
21 10 12 12 19 8 17 22 9 19 0 10 0 1 1 24 1 20 21 2 12 21 11 2 3 15 16 14 4 4 13 1 5 5 14 4 6 6 15 24 7 7 16 25 18 8 8 17 9 24 9 2 19 10 3 19 3 11 20 7 11 12 21 5 13 3 13 22 0 5 23 6 23 14 15 24 24 24 10 0 15 25 15 3 15 3 8 14 9 4 2 4 15 19 17 5 24 24 24 25 24 24 24 24 25 25 25 24 24 22 24 19 24 5 25 25 25 24 8 24 9 25 1 25 1
11 23 9 17 15 22 7 7 24 8 19 16 0 8 1 11 18 23 2 21 2 0 11 3 3 11 16 24 4 15 2 18 3 5 14 3 5 6 0 15 7 24 7 2 25 21 2 17 24 8 19 9 10 19 6 8 11 23 10 24 0 0 9 21 13 1 22 0 4 5 12 23 5 8 1 2 24 16 17 6 9 25 16 3 8 0 0 11 16 19 1 4 17 16 19 8 25 25 4 25 11 24 24 24 24 24 5 24 25 25 3 24 24 25 6 24 24 10 24 3 24 15 19 10 16
4 13 18 22 14 20 14 15 23 22 23 16 24 14 1 21 9 12 2 2 2 10 17 3 3 3 14 19 4 21 20 4 5 14 5 2 6 15 6 0 15 7 25 1 18 4 17 8 17 19 9 2 25 21 10 19 11 0 20 25 6 21 21 24 21 13 22 2 22 1 1 14 23 15 11 15 24 11 11 25 8 1 25 7 15 8 16 3 12 16 3 10 20 14 8 5 5 25 24 24 24 25 20 24 0 24 8 25 6 25 17 24 4 24 23 25 24 24 20 24 24 14 24 5 0
10 5 0 22 23 11 6 10 7 25 15 7 9 1 17 1 10 17 24 2 25 24 13 19 3 1 17 0 23 19 4 14 5 1 5 3 6 24 3 15 7 16 18 16 21 8 25 25 9 9 18 4 18 7 19 11 23 11 20 20 5 12 3 21 11 2 2 5 22 14 13 7 23 6 8 24 24 24 15 10 16 10 25 17 13 3 13 2 3 10 11 1 19 0 16 20 10 24 6 24 23 24 24 24 4 25 14 24 24 0 24 9 25 25 12 24 0 0 13 24 8 14 12 25 21
