0 11 5 24 23 26 11 23 0 14 12 11 8 8 1 0 22 15 10 2 15 10 20 19 3 12 12 17 4 25 20 13 5 5 5 14 6 5 6 15 25 7 7 25 26 8 25 17 9 20 9 9 10 10 19 10 11 26 4 20 4 21 9 13 8 25 13 22 7 9 14 23 15 5 24 26 24 16 26 25 10 10 18 18 26 10 26 10 3 16 12 20 16 15 18 22 22 13 22 11 26 25 21 25 15 25 25 25 25 22 25 25 26 25 25 26 25 25 15 26 21 26 22 26 25 25 25 25 14 14
9 9 26 18 14 11 0 19 24 12 10 11 12 1 13 1 26 1 17 2 17 13 1 3 11 3 21 13 4 2 13 15 5 5 22 17 6 6 15 3 7 16 7 16 1 1 17 3 25 23 9 3 19 10 20 19 19 7 20 26 12 6 21 11 11 13 22 7 13 23 11 23 15 3 12 24 7 11 25 1 25 25 17 11 26 2 26 0 4 2 0 2 1 6 3 4 4 3 10 6 18 25 10 25 18 25 19 25 25 26 23 25 25 25 25 25 26 26 10 25 6 25 26 25 15 25 10 26 23 1
9 5 22 7 10 9 17 7 13 25 12 26 18 26 1 11 23 25 26 2 1 11 19 11 3 13 12 14 4 2 21 22 5 5 14 4 6 20 2 15 7 6 5 18 26 8 17 18 18 18 9 18 9 10 20 20 20 11 20 0 10 0 21 26 7 26 3 22 23 14 26 23 0 12 8 24 9 12 25 17 25 12 4 18 2 26 9 8 8 3 20 12 2 13 15 22 5 22 1 21 25 26 25 23 25 7 13 25 8 2 25 17 25 15 26 14 26 5 25 25 26 26 25 21 25 22 23 26 19 22
25 4 8 10 5 21 21 21 17 8 7 23 26 1 13 1 25 15 25 2 19 0 15 16 3 13 22 25 4 14 4 4 5 5 22 1 25 6 17 15 16 7 23 16 18 8 25 26 17 2 9 18 22 23 3 19 11 21 20 20 11 12 9 21 13 13 4 22 3 24 1 23 23 24 25 0 24 1 12 25 3 25 11 13 2 12 26 8 15 14 20 2 20 15 3 0 13 8 5 3 15 15 25 14 25 9 25 23 26 3 25 26 25 25 11 25 26 26 25 25 11 25 8 26 9 21 25 8 15 1
22 22 7 16 6 21 24 24 15 8 11 15 12 15 1 15 18 26 2 2 2 13 11 3 3 12 3 0 4 21 24 13 5 1 18 14 6 6 3 16 7 18 7 23 21 8 17 0 2 9 25 18 10 10 9 10 23 20 4 3 11 11 21 8 2 22 22 22 14 13 6 23 24 3 12 24 14 0 25 0 25 2 0 14 26 13 26 19 16 20 20 3 2 5 13 20 19 5 18 2 25 25 25 25 25 26 26 25 25 8 25 18 25 25 25 18 25 13 6 25 10 4 25 26 16 25 21 25 22 2
22 26 16 0 14 20 24 25 20 26 26 24 8 8 1 25 9 21 11 2 24 18 19 13 3 1 15 12 4 25 13 20 14 5 18 0 19 6 15 5 7 7 26 0 8 17 8 17 23 9 18 0 10 10 19 6 5 11 3 20 3 1 11 9 13 22 12 13 14 1 23 14 12 9 24 12 12 25 25 6 25 26 0 13 16 26 16 8 11 0 7 9 7 1 11 17 5 13 1 2 26 15 25 24 25 16 26 21 25 25 25 25 25 13 25 18 13 25 4 26 25 11 25 14 0 26 8 26 13 26
18 7 24 24 13 19 7 6 11 8 7 8 0 1 1 1 1 20 18 2 22 23 16 26 3 2 17 17 2 4 1 13 5 5 25 23 15 6 15 24 7 26 7 23 8 17 5 2 9 18 25 24 26 19 10 4 20 11 0 8 23 21 10 24 26 22 22 22 13 2 23 24 6 15 2 24 9 11 25 14 25 12 16 18 26 10 5 12 6 0 2 12 20 7 6 15 17 16 16 16 25 26 25 23 25 15 26 26 13 25 24 25 13 25 18 25 24 26 4 26 24 25 25 19 26 14 26 7 24 3
16 15 0 26 18 10 9 21 25 0 13 12 15 1 10 1 26 13 10 2 17 14 18 22 3 13 12 12 4 21 13 22 4 16 14 15 6 16 0 19 1 7 19 22 8 17 8 7 9 18 24 9 10 19 10 7 20 25 11 6 26 21 21 12 12 25 22 3 14 23 7 23 15 11 15 24 6 9 0 25 17 12 26 18 2 26 18 7 12 1 10 6 10 10 4 16 14 6 18 16 25 26 25 2 25 23 25 25 22 25 0 24 25 4 10 25 15 25 19 26 26 25 26 26 12 25 21 26 25 12
17 18 26 23 14 11 23 11 19 7 12 20 26 12 1 18 10 12 26 2 26 11 11 3 11 3 2 12 4 4 1 1 14 5 5 4 15 6 2 1 7 6 20 17 21 8 17 7 2 4 6 1 9 4 19 26 6 11 7 8 10 21 26 23 13 22 22 22 23 10 6 23 15 24 5 24 5 15 12 25 0 1 26 26 18 26 10 13 19 11 5 9 14 19 19 11 0 19 5 8 25 25 25 26 23 25 18 13 25 8 25 25 24 25 4 25 25 26 26 16 25 25 26 19 25 8 26 26 4 16
13 0 22 23 10 9 23 24 24 24 8 8 14 1 1 15 1 15 10 2 0 11 13 11 3 12 24 4 4 19 25 13 5 23 0 14 6 6 15 0 7 7 21 16 25 8 8 26 9 18 9 9 24 10 19 24 10 26 24 21 3 12 21 0 24 22 0 22 8 9 23 24 15 24 24 24 12 15 1 25 1 17 18 7 26 17 11 13 18 4 14 1 18 15 0 13 13 17 0 15 25 26 25 23 25 23 3 25 18 25 25 25 11 25 22 25 6 25 26 26 13 26 2 25 26 23 26 1 26 5
22 20 17 21 22 24 9 11 17 7 25 16 0 22 1 13 9 10 26 2 10 26 12 3 2 3 14 2 22 4 22 14 5 21 14 14 6 6 6 16 0 7 25 16 8 8 25 6 21 9 1 18 10 10 6 10 22 2 20 12 12 21 26 21 2 22 6 13 14 0 23 14 11 0 24 14 24 16 10 1 25 10 13 17 26 16 26 14 17 20 12 8 2 17 12 14 14 5 21 20 0 25 6 25 23 25 25 26 25 25 25 8 25 16 25 1 25 15 25 6 25 25 25 26 25 26 19 26 9 24
11 23 25 7 14 23 24 23 19 0 0 15 14 1 1 9 1 19 2 10 2 13 19 11 3 14 13 20 4 23 1 16 5 14 14 24 15 6 20 22 16 7 16 17 17 26 17 8 18 9 18 22 10 26 19 10 24 11 20 2 12 21 12 4 13 13 22 13 9 14 23 1 10 15 0 24 15 16 1 25 5 3 7 2 18 26 7 6 11 2 14 13 20 4 16 7 20 15 14 14 25 25 25 25 25 25 25 26 26 25 25 25 25 26 25 25 8 26 4 25 25 11 26 24 26 6 26 20 26 13
13 6 8 13 17 13 17 12 26 25 26 18 8 1 21 1 10 14 10 2 10 16 13 3 3 3 23 13 4 13 19 17 5 5 24 14 6 21 21 20 16 7 16 16 6 8 7 5 9 9 18 6 10 7 10 19 22 20 22 21 24 12 22 6 0 5 22 11 13 23 7 23 15 14 9 24 10 25 25 0 25 2 14 5 26 4 19 15 13 2 9 5 1 5 15 13 8 16 6 23 25 26 26 26 26 26 26 26 25 15 25 18 26 25 24 25 20 25 25 25 25 0 25 7 20 25 17 1 25 10
12 16 16 14 22 24 10 26 26 25 19 10 11 12 1 14 0 9 12 2 24 2 22 3 16 3 17 14 4 13 14 4 5 16 15 25 24 6 6 0 25 7 16 19 20 20 17 25 9 18 19 24 19 10 19 3 10 11 2 20 12 21 12 12 22 12 13 7 1 10 23 10 7 15 24 8 16 2 25 16 25 13 9 1 26 2 0 19 13 19 16 16 2 1 21 21 15 9 1 15 25 26 25 23 26 26 23 25 4 26 25 25 26 26 25 26 26 25 25 26 3 26 26 23 25 16 21 25 3 9
26 10 11 19 10 13 23 24 7 0 8 21 20 8 1 25 18 10 24 2 16 0 11 21 3 21 13 23 4 15 21 13 14 5 26 2 25 6 6 15 7 6 16 7 19 25 24 17 9 26 5 9 20 19 19 21 11 20 20 7 24 21 5 8 9 13 22 3 10 10 4 23 10 12 0 24 16 10 4 25 11 4 18 17 26 9 19 0 5 3 1 19 7 17 10 13 19 3 20 15 26 25 25 23 25 8 8 25 24 6 25 18 25 25 26 25 26 25 4 25 12 9 8 25 20 21 26 3 22 20
5 22 18 15 23 8 19 15 25 8 9 8 13 22 1 11 15 11 22 2 10 10 15 23 3 17 12 2 4 23 2 25 19 5 4 25 6 15 25 6 25 16 7 20 3 8 17 24 3 9 18 7 19 19 19 25 11 5 20 7 12 21 11 21 13 5 22 11 14 23 13 23 8 5 3 24 16 6 8 25 11 17 26 16 2 26 10 19 11 5 12 0 4 17 21 4 3 17 10 18 25 26 25 26 26 26 26 26 25 25 26 25 25 25 25 9 25 5 25 26 25 25 25 25 26 25 26 24 26 17
17 9 9 13 0 15 18 7 13 26 11 16 12 24 1 19 15 11 26 2 11 13 11 3 3 12 12 3 4 13 4 13 5 23 20 20 5 6 25 15 20 7 18 1 17 8 26 22 18 9 25 18 5 19 10 19 10 11 20 20 1 8 21 21 7 25 22 3 14 0 26 23 6 12 4 15 24 9 16 25 1 25 12 1 14 26 1 19 13 6 17 19 12 4 16 19 6 11 22 5 26 25 26 25 21 25 14 25 25 26 26 25 26 25 26 25 25 11 25 3 25 5 26 9 26 26 4 26 25 23
22 20 9 18 19 14 23 13 25 0 14 20 15 1 25 1 17 0 1 2 25 15 2 3 15 3 12 23 4 4 26 15 5 5 14 15 23 6 26 6 16 7 21 16 8 8 7 8 20 18 7 23 10 10 19 10 9 9 20 5 11 12 6 2 11 10 22 11 5 12 23 3 15 8 24 5 0 1 15 25 1 9 10 15 26 13 15 13 7 14 3 5 4 6 4 3 1 16 18 0 25 25 25 26 25 21 25 18 16 25 22 25 26 19 25 22 25 25 26 17 26 11 26 26 26 20 26 10 25 7
4 13 4 23 20 15 0 26 12 10 19 13 8 1 12 1 23 11 2 2 16 2 11 3 3 21 26 12 4 12 4 13 5 23 14 16 6 14 25 15 7 6 16 19 8 7 17 17 3 25 20 18 8 10 9 10 8 11 20 4 4 25 21 24 12 5 13 22 14 25 0 23 15 15 6 16 24 2 17 25 13 25 11 26 18 0 26 1 6 9 11 20 9 14 12 0 22 5 4 10 26 25 7 25 25 26 6 25 13 25 10 25 25 25 25 22 25 7 19 26 20 25 8 25 5 10 26 12 7 26
21 16 25 7 6 11 15 0 18 18 15 0 9 1 18 1 9 19 12 2 20 16 11 3 18 3 14 3 22 4 13 13 5 4 17 15 15 6 4 21 2 16 7 16 25 18 26 8 23 9 18 1 24 25 21 6 25 3 20 23 12 21 11 10 8 26 22 24 5 14 23 9 24 7 7 24 16 9 1 16 25 5 1 1 2 26 5 17 12 0 19 13 3 0 16 13 7 8 16 22 26 25 22 25 2 19 25 4 26 25 25 17 25 13 25 5 25 25 8 25 11 25 15 20 25 10 13 25 10 12
8 13 16 20 12 25 11 23 16 12 15 14 9 24 1 0 12 1 22 2 16 0 1 1 3 12 13 12 4 4 17 22 5 26 14 0 6 22 21 16 19 7 16 23 8 8 17 8 18 9 18 18 4 10 1 1 20 10 20 26 24 12 21 0 2 9 22 3 13 14 23 4 8 3 24 9 15 9 16 25 17 4 17 0 26 0 5 16 1 19 20 0 13 17 17 19 4 5 9 24 26 26 26 26 23 25 25 26 25 26 25 25 26 26 21 26 16 26 26 25 26 13 26 10 2 0 12 25 7 26
14 6 16 14 21 10 7 24 8 21 23 12 18 1 1 26 1 16 0 2 10 17 11 3 11 3 24 1 4 0 3 16 5 2 5 22 6 2 15 20 26 7 20 16 24 17 3 8 26 9 18 24 19 26 19 22 11 3 20 25 12 21 12 26 7 26 22 8 6 23 14 23 13 10 10 24 0 10 13 1 25 1 11 2 26 3 6 1 0 20 4 6 12 13 0 17 15 20 8 17 26 25 23 25 3 25 25 26 26 26 26 13 25 7 26 25 25 14 25 1 25 25 11 26 26 2 25 12 11 16
11 20 22 12 25 22 15 24 24 17 18 25 18 1 1 1 1 22 23 2 10 1 2 18 3 2 2 13 4 18 24 17 4 5 14 14 6 15 6 0 22 7 16 6 7 21 8 6 26 18 26 19 10 19 10 5 10 25 20 24 24 0 12 1 2 22 24 24 7 14 23 25 0 24 13 24 16 4 10 25 8 26 16 26 26 26 15 10 14 3 10 13 11 4 13 10 4 15 12 10 25 26 26 21 26 6 26 26 23 25 2 25 7 25 25 25 25 26 26 25 25 25 24 26 12 2 26 15 26 24
4 8 22 13 10 23 17 15 14 12 0 25 10 25 1 16 16 19 10 2 0 16 25 17 3 2 19 12 26 4 20 2 14 5 14 5 6 6 6 15 21 7 5 26 8 20 8 6 18 6 18 4 25 10 2 25 11 20 11 6 9 21 8 21 21 22 4 22 14 9 23 7 15 9 14 24 2 25 17 26 25 26 13 26 2 26 18 17 4 19 2 19 3 2 4 14 11 15 14 0 25 25 25 26 25 11 25 23 26 26 10 25 21 25 6 25 22 26 19 26 11 20 26 18 26 8 18 26 25 12
15 22 21 11 24 23 19 22 12 9 13 10 13 25 1 25 9 10 21 2 26 26 18 3 12 3 17 21 4 21 13 25 5 23 5 14 25 6 15 6 16 7 22 17 25 5 5 25 9 0 18 0 10 7 19 24 20 11 10 11 6 12 21 25 22 23 22 24 14 23 23 23 1 15 24 8 24 0 25 0 25 17 14 26 9 26 26 19 12 18 10 20 16 4 3 0 14 13 8 14 26 25 25 25 25 25 25 25 26 25 25 25 21 25 8 25 3 25 26 26 16 25 18 25 8 25 22 26 25 12
5 23 21 26 24 13 11 21 20 8 12 15 16 1 10 1 0 9 2 2 2 18 1 3 3 25 12 0 4 26 14 4 5 3 5 25 5 15 6 18 25 16 20 0 8 17 8 8 18 9 6 18 25 10 19 20 10 11 20 2 12 21 12 3 2 8 22 4 14 10 23 6 9 15 24 24 24 15 25 7 25 12 4 10 12 26 18 19 8 14 16 13 0 7 19 2 0 5 19 5 25 25 25 26 26 25 26 26 6 25 2 25 26 23 25 19 25 26 25 19 21 25 3 13 25 25 25 25 26 22
18 14 18 7 8 25 22 23 10 17 7 26 9 1 10 1 9 12 26 2 26 18 17 25 3 23 12 19 14 4 0 25 5 21 5 1 6 26 15 3 25 7 16 0 8 8 8 2 18 9 18 8 25 10 25 19 8 11 0 9 12 21 5 12 22 22 6 22 5 23 23 23 15 3 3 24 7 25 25 25 25 5 7 26 18 26 26 19 11 1 13 18 4 2 12 18 7 21 20 15 26 26 26 25 26 5 19 25 11 25 25 26 26 25 24 25 15 25 22 25 25 4 26 13 26 24 20 12 21 16
22 13 7 26 10 8 15 17 0 9 7 8 12 1 9 1 17 15 14 2 17 12 11 3 23 3 1 17 4 13 18 0 5 5 5 14 0 6 15 15 16 7 16 25 17 8 22 1 9 22 4 6 10 19 10 21 10 11 20 5 25 3 21 25 0 22 13 22 11 12 23 23 15 0 26 24 16 12 2 25 8 5 12 26 18 26 26 18 2 4 3 14 15 18 2 8 0 20 20 20 26 26 25 25 26 25 26 25 25 26 25 26 25 22 25 12 3 25 15 5 11 25 8 21 5 25 12 1 25 25
26 13 13 24 13 6 16 13 23 25 26 23 20 9 1 24 10 18 25 2 1 14 11 2 3 12 24 12 12 4 1 21 14 16 5 1 6 17 6 16 7 16 23 7 8 25 17 8 1 18 24 9 19 10 19 8 20 24 9 1 22 12 23 26 13 23 22 13 9 14 23 13 12 8 24 8 15 4 16 25 9 4 10 26 2 26 18 0 7 14 12 16 1 13 0 4 16 4 2 26 25 7 25 15 25 19 25 23 25 12 25 17 25 25 20 26 9 21 26 17 26 26 25 25 25 16 26 11 26 25
13 0 9 26 10 9 0 10 13 18 16 13 9 1 9 1 20 24 10 2 11 1 15 3 3 3 14 17 4 14 4 13 5 21 5 3 15 17 23 20 7 25 3 16 7 8 22 17 9 26 25 18 22 10 19 10 23 25 20 10 9 12 21 23 3 13 4 22 2 23 0 23 14 7 8 10 24 16 10 16 25 8 26 26 10 26 18 12 2 20 18 16 20 15 5 4 14 5 14 23 26 26 1 26 22 25 25 1 25 7 25 1 25 25 26 0 25 25 25 25 16 25 20 25 17 26 25 25 2 18
