26 13 22 16 14 16 20 10 21 17 14 23 13 1 0 1 26 25 0 2 10 27 13 3 3 3 17 12 4 13 13 13 5 5 25 14 6 19 6 2 17 17 7 0 27 8 6 8 25 18 25 25 19 10 19 19 20 4 20 11 27 21 21 23 1 22 22 14 14 14 13 25 15 24 0 15 7 26 25 13 3 1 4 26 11 0 2 27 15 27 6 17 16 10 2 17 2 22 19 0 12 19 5 6 26 27 26 15 26 20 27 27 27 27 26 27 27 26 23 26 5 2 26 12 22 26 16 26 21 27 22 27 18 5 12
11 6 23 19 24 15 9 24 25 9 24 8 20 17 1 20 0 19 2 2 2 19 18 3 15 3 12 1 4 4 13 23 5 5 16 3 27 6 15 4 1 7 16 25 8 2 19 3 9 5 9 27 19 3 10 24 20 4 11 9 12 21 12 11 3 22 26 27 7 23 10 15 15 1 24 11 9 25 17 6 1 17 26 4 11 5 6 2 27 18 19 3 20 18 11 9 4 22 21 5 3 9 10 27 26 26 26 26 11 26 6 26 22 26 9 26 23 26 27 26 22 26 1 26 16 27 16 27 20 27 13 26 23 12 13
27 23 24 26 22 11 19 26 15 24 13 23 16 13 1 26 16 10 19 2 0 20 11 13 3 19 19 0 4 16 13 20 15 5 0 4 15 6 25 0 1 7 20 19 5 17 8 8 18 9 5 19 23 19 10 27 20 11 20 7 21 21 3 9 13 22 22 0 23 14 23 10 8 24 3 15 16 11 25 16 26 26 26 26 1 18 27 0 27 14 5 13 19 19 15 15 1 8 16 10 15 15 18 26 17 26 24 26 27 2 26 25 26 26 26 25 26 26 25 26 12 26 19 26 26 20 26 26 26 11 26 24 15 26 25
15 23 16 12 21 24 9 10 26 11 25 16 12 15 1 10 9 17 13 2 10 0 14 12 17 3 12 12 26 4 13 1 5 26 14 27 22 6 18 16 2 5 16 6 17 8 7 18 1 9 18 19 19 10 27 10 21 4 20 4 12 21 4 2 22 13 5 9 25 14 23 3 9 25 24 25 11 25 7 25 17 2 3 26 5 5 19 15 27 19 1 10 5 18 18 18 12 16 0 5 20 16 6 27 26 24 26 13 27 15 27 13 27 27 26 27 27 27 26 26 26 23 26 14 26 20 26 12 26 20 2 26 10 5 23
14 9 23 24 6 25 20 15 15 20 7 17 0 26 1 9 16 0 27 2 27 11 1 14 3 13 16 18 4 4 13 14 5 5 5 15 6 6 21 27 5 7 16 26 19 8 17 18 9 2 18 24 10 26 19 10 10 0 20 26 12 4 21 24 26 22 13 12 24 23 7 24 26 26 3 24 10 16 0 25 12 26 9 0 26 11 19 13 14 27 20 3 8 5 18 3 2 18 14 3 4 7 21 2 26 27 26 26 26 26 26 26 26 27 26 27 13 26 27 27 26 0 27 4 10 27 26 24 26 26 1 1 27 5 24
0 23 12 12 12 13 19 15 12 9 12 14 20 1 27 1 14 25 13 2 16 27 11 3 26 3 21 18 14 4 18 13 5 5 4 4 6 6 6 27 7 7 25 27 7 17 6 7 18 9 26 25 7 19 25 26 10 26 11 6 8 2 21 0 13 9 13 0 14 23 12 0 15 12 24 15 12 15 25 17 17 26 17 5 26 15 13 4 27 2 2 3 0 1 15 20 16 4 13 9 17 12 9 19 26 27 27 24 26 26 27 21 26 8 26 21 26 17 26 26 27 26 26 26 8 26 27 2 26 22 27 13 27 0 22
21 23 14 15 9 10 7 0 25 27 11 17 14 1 26 1 9 20 2 2 2 14 19 3 3 16 23 12 4 17 16 0 5 5 17 2 6 6 15 24 15 5 18 7 8 24 17 20 18 9 6 1 8 3 19 8 20 11 7 5 25 27 1 11 2 22 13 22 11 3 23 5 15 8 24 12 16 26 25 14 25 1 18 11 26 5 6 10 27 2 27 3 13 5 20 2 17 10 13 12 22 23 17 15 27 8 26 4 14 26 25 11 27 27 27 27 14 27 23 26 27 26 19 26 17 27 6 27 22 26 1 26 22 10 26
26 21 20 6 21 9 9 16 13 13 16 25 14 11 1 17 15 18 2 10 2 15 11 12 3 20 24 14 4 21 4 0 19 5 14 4 27 6 20 20 6 7 20 18 7 8 17 8 7 24 18 18 10 21 5 1 2 20 11 6 24 21 11 13 2 22 6 5 5 14 23 24 24 12 24 14 2 15 25 9 9 10 17 26 9 7 10 19 27 13 17 8 6 10 14 15 15 21 22 15 19 10 5 23 26 27 26 22 26 24 24 26 1 25 26 11 26 26 26 27 26 26 26 16 26 3 9 26 12 26 26 27 8 13 26
9 5 26 6 23 8 15 20 27 21 13 12 8 11 1 26 18 22 2 2 2 19 14 25 3 13 12 14 4 22 20 18 4 5 14 19 22 6 15 26 20 1 7 16 8 22 17 8 9 9 19 6 10 19 1 20 9 11 20 8 21 12 6 10 12 22 27 23 10 2 23 14 9 9 24 5 16 14 25 2 9 14 26 18 26 10 11 19 27 12 14 9 20 2 3 14 19 4 22 4 22 15 21 22 26 26 26 26 27 27 27 26 26 26 26 26 27 26 23 26 22 26 26 26 26 0 26 15 26 24 23 27 6 22 6
6 20 15 18 22 23 26 18 25 10 10 25 20 12 1 15 16 27 10 2 25 14 11 3 11 3 12 13 4 20 16 13 5 14 5 1 6 3 21 23 7 16 7 7 17 25 17 3 8 9 21 26 3 19 10 25 8 1 20 27 4 12 21 27 13 22 27 26 9 23 23 23 24 9 24 24 16 25 15 25 0 26 26 17 26 14 15 2 27 17 13 11 17 1 21 4 20 18 13 15 14 14 5 0 26 27 27 26 27 25 27 22 27 27 27 27 27 27 26 26 26 27 25 27 19 27 26 26 27 5 27 5 27 27 5
6 11 6 9 13 24 23 9 7 27 10 13 8 0 1 18 13 22 11 2 15 11 15 11 3 2 12 4 4 19 4 14 5 26 14 14 24 6 2 15 7 24 27 7 17 8 27 1 22 26 18 20 10 19 22 26 11 11 20 9 11 5 4 27 22 26 3 5 1 14 23 2 15 1 3 24 16 14 25 25 8 26 7 26 26 19 27 19 27 27 14 20 19 0 1 1 15 4 14 18 1 19 13 25 12 27 21 26 26 24 26 27 14 26 25 22 26 6 18 27 17 27 11 27 7 26 12 26 9 26 24 26 9 27 8
8 4 15 10 23 7 11 9 18 25 8 10 25 19 1 26 18 25 17 2 27 11 11 26 3 25 15 12 4 23 13 3 5 16 5 14 6 15 27 19 7 16 25 3 8 17 27 4 27 18 9 26 27 19 10 27 8 20 11 2 21 8 21 8 2 23 22 5 25 14 23 6 1 9 24 15 16 25 4 25 26 17 26 13 26 18 15 27 13 27 27 19 5 7 9 4 18 14 15 15 16 5 22 6 27 26 26 26 27 26 27 26 26 8 27 26 27 26 26 10 27 27 27 26 26 5 26 4 26 26 26 26 15 27 6
5 25 27 24 18 6 18 24 16 12 0 22 18 10 1 26 0 21 12 2 15 27 11 20 3 13 12 23 19 4 0 13 2 5 22 22 6 6 16 26 7 16 16 0 8 27 8 27 9 18 26 9 19 1 10 5 20 2 20 5 21 12 1 22 6 22 22 26 14 23 14 14 25 15 24 16 14 16 25 11 12 1 26 18 26 18 27 12 12 27 18 9 1 18 0 13 3 0 19 0 14 19 20 26 27 26 26 26 26 27 26 26 25 26 9 26 3 5 26 10 26 27 26 26 27 26 27 26 26 11 26 1 26 22 26
8 24 24 23 10 26 17 11 25 12 22 17 24 1 10 1 21 14 2 2 2 11 27 3 3 11 2 22 4 4 25 17 5 14 5 22 6 0 6 15 7 2 23 7 27 17 6 8 8 18 19 3 3 19 19 6 11 26 1 11 26 5 21 12 22 25 11 4 14 0 23 15 4 10 24 3 6 17 17 25 10 11 2 26 4 13 15 15 27 15 27 3 20 15 3 14 12 21 13 20 21 5 22 14 26 26 27 26 6 26 13 27 27 12 27 24 26 19 26 3 26 1 27 11 26 11 26 10 26 5 26 20 22 11 2
7 15 14 14 27 10 17 22 12 20 25 8 0 8 1 11 11 26 19 2 19 11 19 11 3 19 12 24 4 15 13 17 18 5 0 14 1 6 18 4 3 16 7 23 2 8 2 17 21 9 26 20 19 10 19 24 9 1 2 5 7 21 21 12 13 22 13 6 1 23 5 23 0 15 10 24 2 11 10 25 15 16 26 18 26 19 0 19 27 10 6 2 17 4 4 2 15 14 14 14 5 22 24 27 26 12 26 16 15 26 14 22 26 19 27 26 26 26 2 27 27 19 26 0 26 12 26 27 26 24 9 27 22 26 13
4 0 14 9 19 14 24 20 15 7 8 17 10 1 24 1 12 10 12 2 17 26 14 19 3 17 12 18 26 4 0 24 23 5 14 17 25 6 22 15 20 16 16 24 8 8 17 8 9 26 18 26 10 23 19 9 27 11 20 0 23 21 12 26 10 22 22 14 23 14 23 24 5 9 24 1 16 16 25 12 13 27 26 12 26 15 27 0 27 0 15 17 13 15 3 15 13 2 3 23 17 16 0 25 27 21 26 26 27 0 26 23 17 21 26 7 1 26 19 27 2 27 10 27 5 11 26 7 26 7 27 10 26 22 7
16 14 23 21 8 7 24 6 0 14 17 27 10 1 9 1 9 11 2 2 27 2 26 18 3 13 12 14 15 4 19 25 5 15 14 20 18 6 26 26 16 7 16 19 24 8 24 26 5 18 9 1 10 8 19 26 7 20 11 6 12 21 25 5 0 1 22 13 14 10 23 26 15 24 5 15 10 3 25 14 15 9 10 26 18 5 19 27 19 27 27 4 3 15 5 21 5 1 9 16 15 18 4 27 26 18 26 26 27 27 26 26 26 26 26 26 26 18 26 26 27 5 2 26 26 15 26 27 27 26 27 26 27 21 20
6 24 14 11 20 16 15 24 24 22 19 13 15 26 1 26 26 20 10 2 19 19 22 12 3 21 15 21 4 13 16 16 5 5 16 19 6 6 15 16 7 25 7 25 23 17 20 1 9 2 25 4 10 19 10 11 11 7 20 3 10 8 12 11 10 13 22 6 25 23 1 14 15 3 24 9 6 16 25 14 15 0 9 26 6 2 18 27 1 27 13 17 15 9 3 5 13 15 15 20 15 20 1 21 26 27 27 7 27 7 26 10 26 10 23 26 15 8 26 26 27 22 26 14 24 26 27 26 27 13 13 1 26 23 4
23 7 26 7 24 17 14 23 9 17 10 14 12 1 1 17 1 24 20 2 15 11 20 3 18 3 14 17 4 1 17 16 5 14 22 21 26 6 15 17 2 7 0 19 17 17 8 18 25 9 18 27 23 19 10 20 11 8 11 11 6 21 25 12 27 22 25 12 12 14 23 26 7 24 3 8 5 25 15 25 1 1 17 26 12 8 12 14 27 19 3 12 4 19 14 1 13 16 0 19 16 20 18 26 26 26 27 26 27 27 26 26 24 26 9 15 26 15 27 26 22 26 20 26 26 4 26 24 26 5 27 22 22 26 1
22 0 26 22 22 7 27 14 27 21 26 19 10 1 16 1 21 9 10 2 14 2 22 3 3 3 17 20 3 4 21 14 5 21 0 14 22 20 6 27 0 16 7 6 17 0 27 26 8 9 18 1 10 4 19 19 25 20 25 5 26 12 21 25 5 13 22 22 11 14 23 6 15 10 24 15 15 25 7 5 25 16 7 16 26 0 2 7 27 15 27 10 3 11 3 0 10 8 17 5 10 15 24 14 27 26 23 27 26 26 13 26 5 26 26 26 4 26 26 26 27 27 27 15 26 6 24 26 3 20 27 5 16 14 27
24 27 24 25 15 23 8 24 15 8 27 26 15 9 1 15 12 16 10 2 20 11 17 3 11 3 17 4 4 13 4 13 2 5 21 16 1 6 6 16 4 7 20 17 20 21 8 3 24 18 3 26 2 10 19 21 26 20 11 25 6 21 21 2 6 1 22 14 7 10 23 15 1 13 24 15 5 0 25 16 11 7 12 26 1 0 27 6 11 27 3 20 10 3 13 3 12 19 13 2 15 15 1 23 27 26 0 26 1 20 26 26 27 15 27 26 18 26 27 26 26 16 27 20 8 26 27 27 26 0 27 3 26 6 10
9 18 14 10 27 21 7 24 7 24 9 20 25 1 10 1 26 0 2 2 13 20 12 3 0 3 19 12 4 4 20 13 5 5 22 5 6 6 15 24 6 20 20 8 17 8 27 7 25 18 9 23 19 26 10 26 2 11 20 24 1 21 12 1 2 13 22 23 14 23 27 27 13 15 24 11 16 16 25 25 1 5 1 26 18 2 4 2 27 15 17 17 15 3 19 2 18 15 13 17 11 22 8 27 27 24 27 24 26 27 27 27 26 5 26 1 18 26 17 11 26 27 26 11 26 26 26 26 27 16 27 27 9 26 13
12 25 13 27 18 0 10 6 15 7 8 14 25 1 14 1 18 15 2 2 2 13 18 11 3 25 12 20 4 18 4 23 0 23 5 18 15 6 16 1 7 16 22 16 8 8 18 17 8 9 24 19 6 10 21 19 20 11 11 2 12 4 21 6 5 13 22 23 9 27 23 14 9 15 24 15 12 25 8 25 12 14 1 26 15 2 16 17 1 27 2 8 17 0 21 17 7 15 18 15 23 23 15 15 26 26 26 27 26 26 26 26 8 26 26 27 24 26 17 27 26 26 19 16 26 19 15 10 26 21 1 6 26 27 9
13 0 23 21 10 24 6 19 27 25 16 23 18 1 1 21 1 18 15 2 27 15 27 19 3 14 23 22 4 19 14 13 5 5 5 1 15 6 19 4 7 16 18 1 7 5 8 17 9 4 9 2 26 19 10 20 7 11 20 24 21 0 21 26 13 22 13 22 2 2 23 5 0 0 24 11 11 27 25 15 7 17 10 26 18 12 18 12 7 27 6 17 14 4 12 19 6 12 21 10 16 2 10 27 26 24 26 19 26 11 26 7 26 26 26 1 26 6 26 26 27 2 27 15 12 27 26 27 24 27 27 27 27 0 3
8 8 0 5 13 19 12 9 24 8 0 21 0 17 1 20 19 16 16 2 12 25 17 16 3 20 12 26 4 22 13 14 5 18 27 14 16 6 22 16 7 25 24 27 8 17 8 25 3 9 18 2 10 25 10 10 26 20 21 26 3 11 21 5 25 13 22 7 14 23 26 0 10 9 24 8 1 14 25 16 17 16 1 26 18 5 12 15 27 17 13 6 2 15 1 3 17 22 12 14 13 4 10 27 26 17 26 1 5 26 5 8 26 24 27 27 27 27 26 26 27 27 8 26 24 3 26 5 5 26 22 25 3 26 14
5 26 25 22 6 18 25 23 13 7 10 11 14 1 13 1 9 20 15 2 21 17 16 3 18 3 13 14 4 14 4 14 23 5 5 21 0 6 6 6 20 7 16 1 8 17 26 8 19 18 9 20 10 19 10 21 27 25 20 12 22 12 0 4 22 13 22 27 6 23 14 24 9 24 24 25 16 27 16 25 11 14 26 7 26 2 5 27 19 27 9 13 16 10 14 4 18 11 2 16 14 17 22 27 26 3 6 26 19 16 26 0 26 26 8 26 18 9 26 18 2 26 7 26 8 26 26 9 4 2 25 17 1 8 22
9 13 9 17 27 8 8 13 7 15 9 8 25 14 1 9 26 19 14 2 10 13 12 11 3 12 14 16 4 22 22 13 5 5 5 20 15 6 4 0 26 7 16 7 1 0 8 20 24 18 9 18 0 20 26 0 10 20 25 27 12 21 2 21 26 22 4 6 14 23 5 23 24 8 0 7 0 14 17 25 17 8 26 17 26 18 19 27 19 27 19 3 20 14 21 4 13 20 15 2 5 14 2 15 26 26 27 26 26 27 26 26 27 27 26 26 17 26 27 26 7 26 7 26 26 26 21 27 27 1 26 26 27 5 17
7 26 24 12 10 9 11 24 24 10 0 8 24 1 9 1 18 27 10 2 12 0 14 19 3 11 22 24 4 21 16 23 5 23 22 14 6 6 1 15 7 7 7 7 22 3 8 0 18 26 9 6 10 9 19 10 25 11 10 25 5 12 21 9 2 22 23 1 23 4 15 4 15 8 14 24 0 13 25 17 3 26 16 13 26 5 7 19 27 20 27 20 0 3 4 0 3 16 6 5 5 14 15 20 26 27 27 27 27 27 17 26 26 26 26 25 26 4 26 11 26 26 26 26 26 26 27 27 26 12 27 21 27 15 14
12 22 8 13 15 15 24 24 24 7 0 8 9 1 1 18 9 1 2 2 2 2 27 3 3 3 3 19 4 15 16 14 5 0 18 3 6 15 6 16 2 7 4 26 8 8 4 18 24 4 9 2 19 10 19 19 11 20 7 3 6 21 12 9 25 0 22 25 23 27 23 8 15 9 24 10 15 25 11 7 9 16 17 26 1 16 2 4 27 6 12 2 2 0 20 5 4 18 22 10 16 18 4 13 26 24 26 27 26 24 26 24 26 17 26 7 7 26 23 19 26 11 27 27 20 27 5 27 3 26 26 13 26 26 8
7 8 23 23 11 27 27 24 13 14 22 19 8 27 1 26 15 27 2 2 2 10 19 3 22 3 20 23 4 1 13 17 0 5 14 21 22 6 15 24 16 17 7 25 26 23 17 27 20 9 22 26 10 19 10 20 4 8 11 5 8 4 26 13 13 22 12 4 11 14 23 11 27 15 24 14 16 12 25 27 11 1 18 26 18 14 27 19 27 27 3 16 16 6 13 4 0 15 12 13 19 4 12 27 1 26 25 21 26 7 27 26 26 26 26 27 27 27 26 27 26 26 12 26 4 26 6 6 26 4 27 27 6 27 17
