25 6 28 12 24 25 16 24 25 27 19 26 13 1 1 1 1 28 10 2 15 14 0 3 12 3 24 25 4 14 4 23 14 5 15 26 6 4 15 6 4 7 16 1 28 8 19 23 18 9 8 1 19 10 19 11 11 3 11 7 12 12 12 24 28 22 23 28 1 23 23 14 15 26 24 0 0 25 25 16 8 26 9 26 18 1 17 27 15 14 2 20 28 9 17 15 16 18 16 18 4 13 3 0 9 8 11 28 27 27 28 28 27 27 21 27 28 28 27 28 20 28 28 22 27 25 7 27 17 19 27 3 27 27 5 16 28 28 3 23
17 9 22 11 22 24 9 25 22 26 10 13 28 1 20 1 27 15 11 2 15 14 11 15 3 20 17 13 4 19 16 13 5 24 14 4 6 15 16 2 7 17 7 2 6 8 17 8 18 9 27 19 27 10 19 3 8 8 7 11 2 21 12 2 13 27 1 7 23 5 12 11 15 24 7 11 13 25 27 26 27 17 26 2 12 16 27 1 17 20 20 1 28 0 1 11 7 1 21 3 11 17 17 20 1 8 15 28 16 27 16 23 27 6 24 27 15 27 27 28 27 27 9 27 28 27 21 27 10 28 2 28 22 28 27 27 13 27 14 18
27 9 18 5 10 23 27 27 8 25 8 27 20 9 1 0 24 28 10 2 14 11 28 3 3 1 3 17 4 4 14 4 5 5 14 23 6 5 15 21 28 7 27 4 17 8 3 7 1 18 22 4 10 19 10 9 9 11 24 21 11 21 11 12 24 22 23 3 23 14 23 5 15 24 12 8 11 25 8 13 4 5 26 13 18 12 19 27 16 19 2 28 5 28 1 6 21 4 22 4 13 18 3 3 24 2 7 27 28 27 27 27 27 27 28 28 27 27 27 27 27 9 28 27 27 8 27 27 27 28 28 21 28 20 27 28 8 21 9 10
4 11 25 17 27 27 19 6 7 25 8 22 11 19 1 13 13 23 2 10 2 16 20 18 3 15 3 3 4 3 16 13 5 5 5 24 6 5 18 16 7 1 7 2 8 0 8 27 18 9 27 18 19 28 19 2 20 3 25 11 12 21 27 0 22 24 22 14 14 23 25 6 15 24 15 6 5 25 15 5 0 26 9 26 18 18 4 27 2 15 3 28 2 28 14 3 12 22 15 2 2 13 10 14 14 4 6 28 27 0 27 26 27 27 27 28 27 22 27 25 27 25 27 9 27 20 27 28 25 28 4 21 27 15 28 28 15 23 12 15
28 14 13 9 14 8 18 27 19 21 27 13 24 1 1 1 18 1 28 2 24 19 2 3 3 12 12 15 4 15 20 15 5 21 5 25 15 6 0 0 16 7 24 16 25 8 22 17 3 27 9 9 5 10 23 25 20 3 21 12 12 21 21 12 22 13 5 23 23 9 23 27 13 24 14 9 0 2 25 0 27 17 26 6 15 3 17 27 19 2 7 9 28 16 4 14 8 1 1 4 9 3 17 16 20 0 16 28 28 28 28 28 27 27 28 28 5 27 23 27 3 27 3 27 24 9 27 15 7 27 17 16 27 28 12 27 3 19 14 17
10 15 13 14 0 9 26 7 26 27 28 26 26 1 1 1 1 27 2 18 2 11 19 3 12 3 12 23 4 23 13 2 23 5 15 0 6 0 6 4 16 7 27 4 8 27 8 20 23 9 19 19 5 10 28 25 20 28 27 24 12 21 12 8 22 13 8 26 23 8 24 10 10 24 7 25 28 25 16 17 1 26 2 9 1 27 6 27 19 15 28 11 28 19 17 3 3 1 21 17 22 6 2 22 22 8 28 28 6 28 19 27 1 27 8 27 21 27 18 27 3 9 27 0 6 27 14 0 28 10 28 27 27 10 28 27 27 27 17 19
19 12 11 12 24 16 12 18 18 15 23 13 15 1 11 1 9 25 2 2 2 10 22 3 3 3 19 17 4 1 21 0 14 5 21 20 15 6 15 2 26 17 17 20 18 20 8 8 22 9 18 5 9 10 27 1 11 20 8 27 3 21 23 26 12 22 8 14 4 23 14 27 3 15 24 3 27 9 25 13 16 26 17 26 10 1 1 27 14 8 2 20 28 9 11 18 1 17 20 18 10 8 5 12 2 21 16 28 27 27 27 28 27 18 27 26 18 14 27 26 18 27 28 27 9 27 1 27 5 27 27 27 27 27 19 28 8 25 23 24
12 24 10 21 18 15 27 27 27 26 26 9 27 11 1 10 26 15 2 14 2 20 28 3 23 12 3 4 4 17 13 18 5 14 22 0 6 15 17 28 6 7 20 26 3 8 17 18 9 9 25 9 0 19 10 20 20 22 11 21 28 21 1 5 13 22 13 1 28 23 14 8 24 7 24 26 11 25 26 14 15 17 26 15 4 18 19 27 2 2 20 20 28 18 6 3 5 4 20 17 11 14 5 22 22 15 18 28 27 27 28 28 28 27 26 27 25 27 28 6 27 6 27 28 27 28 27 27 20 27 2 21 28 13 3 28 15 26 17 12
10 18 0 15 13 19 28 12 27 8 24 11 13 1 21 1 11 14 28 2 13 21 11 19 3 18 21 12 20 4 22 14 5 23 26 17 2 6 15 27 7 23 6 7 8 17 20 4 18 22 18 9 20 24 10 22 11 24 11 27 8 21 1 12 6 26 12 9 14 14 6 0 24 15 24 15 25 5 13 11 17 11 26 17 4 18 27 12 12 20 10 28 0 16 15 16 2 5 14 18 18 18 12 21 10 0 0 27 28 25 27 0 12 27 26 28 27 4 27 23 28 28 20 27 3 15 27 20 28 8 27 7 26 27 22 27 25 28 15 11
21 0 14 22 12 17 9 25 23 21 10 15 12 1 1 1 27 1 10 2 18 20 12 17 3 12 17 0 4 28 13 17 4 5 2 15 25 6 17 28 18 7 17 28 17 8 3 19 9 1 9 20 19 20 10 28 28 20 10 11 21 21 2 22 13 22 9 10 23 23 5 3 15 24 28 16 9 25 16 28 17 26 26 1 7 16 27 18 19 19 28 11 28 20 0 19 18 15 8 14 11 17 23 23 17 3 24 27 24 27 2 27 28 28 17 28 18 27 28 27 27 23 27 27 27 27 28 28 27 27 28 3 27 27 28 5 23 27 16 21
4 9 12 11 24 28 14 7 23 28 9 16 22 1 28 1 20 24 28 2 17 17 11 17 3 18 0 12 23 4 16 14 16 5 15 15 28 6 17 16 7 16 16 16 17 8 18 21 19 18 18 18 6 9 10 26 8 20 11 12 12 21 12 26 23 22 4 14 23 14 23 1 11 24 3 6 28 25 26 17 7 13 26 4 4 1 18 27 13 19 9 16 28 11 12 18 0 5 22 18 1 4 14 5 6 20 14 27 27 27 27 27 27 28 27 27 27 1 27 19 28 27 6 27 28 28 11 23 28 26 27 4 27 28 1 27 22 14 27 15
22 15 24 13 24 11 16 14 0 27 7 20 8 10 1 12 16 9 18 2 0 22 28 3 3 3 12 13 4 4 28 13 15 5 22 25 15 28 6 6 20 23 27 1 8 17 8 28 9 0 2 24 7 19 10 20 20 11 20 27 0 26 0 13 13 22 11 23 1 23 23 24 15 14 24 6 16 6 25 14 7 26 8 26 1 5 27 27 27 12 20 19 28 11 19 11 17 11 8 6 23 17 23 23 7 21 17 27 27 16 27 28 27 4 24 27 2 28 27 12 27 13 27 26 27 27 28 1 27 27 28 1 28 28 2 27 18 13 28 9
8 4 16 10 19 23 25 25 22 25 9 25 20 1 18 1 16 20 24 2 14 15 15 21 3 25 2 1 4 2 13 28 3 5 0 2 6 0 16 6 16 7 16 22 0 1 23 8 9 18 4 8 19 10 19 27 27 10 20 28 12 25 22 27 22 26 22 1 14 23 14 4 15 24 26 9 16 1 25 26 12 13 26 27 12 27 6 27 17 1 28 0 28 28 8 13 11 22 14 0 10 3 20 10 0 14 14 28 17 27 7 6 27 18 27 27 27 27 27 28 27 28 28 10 27 13 27 7 3 28 12 6 28 24 12 27 1 2 6 12
18 0 24 19 20 25 14 13 17 22 21 25 26 1 12 1 9 25 23 2 16 1 24 3 12 3 12 14 4 13 3 1 5 23 5 14 24 27 6 23 20 7 16 28 8 28 8 8 26 18 7 3 10 19 10 3 5 4 11 27 0 12 22 7 22 12 13 12 12 23 24 0 15 0 7 16 25 16 25 17 0 6 26 1 18 19 27 6 9 17 20 28 13 21 12 20 17 5 20 13 22 1 7 12 9 4 16 27 28 28 28 25 27 0 27 17 27 25 27 12 27 28 28 28 10 27 22 25 27 3 3 27 22 20 27 5 16 27 24 19
13 15 24 13 24 16 13 18 21 27 13 15 27 1 20 1 11 13 2 2 11 2 22 3 3 12 17 22 4 14 4 13 5 5 20 18 6 15 6 15 7 16 4 23 8 19 28 27 9 18 27 28 19 9 28 22 20 11 24 0 21 7 11 3 25 22 28 25 23 14 23 5 24 24 24 10 16 0 25 4 13 26 9 0 4 5 27 19 18 2 3 28 2 1 21 10 21 13 18 14 8 13 5 15 5 4 1 27 28 27 28 28 25 27 7 27 8 27 27 27 27 27 27 27 27 25 27 11 22 27 12 24 27 3 28 28 3 28 10 5
27 0 28 24 7 18 6 21 12 17 21 28 9 17 1 26 14 10 2 2 2 21 17 3 24 3 12 1 4 3 25 0 5 24 16 15 6 19 15 27 7 5 27 7 8 17 0 8 3 9 22 21 19 21 9 2 26 11 2 7 21 6 21 1 13 22 13 26 3 23 13 26 15 24 10 0 14 16 25 17 10 26 9 15 18 27 12 27 18 19 2 28 16 28 3 13 18 1 20 21 14 5 4 5 16 14 17 16 27 6 27 28 27 0 28 7 18 27 24 26 27 17 11 20 28 7 12 28 2 27 27 20 27 12 13 28 21 28 8 23
23 18 27 28 26 9 12 16 26 28 10 8 17 1 9 1 18 15 2 2 2 27 12 22 3 14 13 12 4 16 1 3 5 5 27 3 5 6 25 15 18 28 17 17 8 8 17 8 1 18 3 9 19 9 28 1 11 20 11 21 4 7 22 25 22 25 13 23 5 25 14 24 3 27 24 15 25 16 25 5 17 26 17 1 1 18 27 28 10 20 12 28 8 3 3 19 21 14 9 14 4 21 5 21 1 18 28 28 6 28 17 28 27 0 27 8 3 27 9 27 28 27 27 27 27 28 27 27 8 28 8 27 24 3 27 6 28 28 28 9
27 23 12 17 26 22 13 6 17 13 16 14 26 9 1 27 13 0 2 2 2 20 13 26 3 16 25 20 4 13 14 1 5 27 5 15 26 6 18 22 16 16 0 5 17 8 17 3 9 26 7 5 10 19 24 9 20 11 24 2 21 28 5 22 13 8 8 12 27 23 13 14 24 15 24 28 10 25 25 1 3 17 26 14 2 27 14 27 15 19 28 20 28 5 0 16 18 14 19 20 12 1 2 17 5 1 24 27 27 28 27 27 22 27 6 25 27 23 2 27 27 28 28 16 27 24 7 27 22 9 27 25 3 27 13 27 27 3 27 25
19 10 13 25 16 15 15 13 23 26 15 10 13 26 1 28 13 27 12 2 20 16 15 3 3 3 2 12 4 28 24 0 15 5 15 0 15 6 5 21 16 4 7 25 8 17 8 24 18 24 9 25 27 20 27 28 21 20 23 11 27 12 23 26 8 22 13 11 10 14 2 4 10 24 25 15 16 25 25 13 1 8 26 4 18 27 11 27 10 18 19 28 15 28 9 3 17 10 4 4 2 0 4 11 9 24 10 27 27 28 27 27 7 27 4 27 1 28 3 27 24 27 12 27 1 27 27 28 27 28 27 27 1 27 24 27 27 3 28 16
14 14 14 6 16 15 8 7 18 10 28 24 22 19 1 27 13 13 13 2 11 15 11 3 12 3 25 25 4 19 16 15 14 5 1 26 20 6 15 6 19 7 21 16 6 8 27 23 20 18 23 9 19 9 28 28 11 20 1 7 21 12 10 25 11 22 9 13 24 23 26 1 12 24 14 14 25 1 25 26 16 0 26 18 4 9 27 17 10 11 19 28 18 28 21 8 21 3 4 1 5 10 14 5 17 3 12 28 27 1 27 7 27 27 25 27 27 27 14 27 20 27 5 28 27 27 27 27 28 27 27 12 10 28 5 28 5 27 7 5
5 18 0 15 0 16 13 9 12 25 26 11 8 10 1 19 10 16 0 2 15 16 25 2 3 12 21 22 4 27 4 1 20 5 16 5 6 6 15 3 21 7 22 23 8 17 8 28 19 9 24 2 19 6 20 4 11 20 0 26 2 21 7 13 22 13 13 10 12 23 10 4 0 24 27 4 5 25 13 17 17 26 26 1 1 10 28 27 19 19 11 18 28 9 21 15 21 2 13 22 3 18 10 19 24 15 18 28 28 4 28 26 28 27 27 20 27 4 4 27 22 27 28 27 27 27 27 27 5 27 7 10 27 23 27 11 28 21 13 2
10 19 0 14 25 13 15 10 16 12 22 26 26 1 20 1 18 20 23 2 27 16 15 26 3 21 26 13 12 4 21 0 5 24 5 3 6 16 6 27 27 7 25 17 8 18 17 8 6 18 9 2 19 20 10 22 23 20 6 21 3 21 27 13 10 13 22 24 14 0 23 14 0 24 24 16 15 16 25 9 6 26 10 18 11 27 9 27 12 12 2 28 15 28 7 20 20 12 15 2 23 2 5 2 1 2 25 27 28 27 27 21 27 17 27 28 27 27 27 27 27 28 28 27 28 27 27 28 28 12 28 28 2 3 27 27 2 28 17 16
26 25 10 24 10 22 18 12 28 0 19 15 27 16 1 12 9 0 16 2 20 21 11 16 3 12 23 12 28 4 24 17 5 3 21 14 15 6 18 18 2 7 7 18 3 8 1 18 8 9 20 1 10 19 10 4 10 28 11 0 7 26 26 12 22 23 28 1 26 23 5 15 6 24 7 1 28 16 25 7 8 28 26 4 5 18 18 27 13 0 20 8 28 7 8 12 21 8 2 21 11 20 11 8 10 18 12 10 27 10 27 28 27 25 27 22 27 22 27 4 27 8 17 27 11 27 10 28 7 28 28 21 4 27 22 27 3 28 11 13
27 22 23 26 6 16 0 25 28 8 17 28 27 1 1 1 1 20 2 17 2 11 17 19 3 19 14 16 4 24 15 4 5 2 21 15 6 6 22 17 7 7 16 7 8 3 4 18 8 9 19 9 19 19 10 6 20 11 2 23 12 21 26 8 26 7 13 23 9 23 12 11 7 24 3 9 7 25 13 1 17 26 4 2 9 1 27 3 8 13 16 28 19 19 16 5 10 5 12 4 18 18 21 18 21 23 28 27 6 27 27 28 3 28 8 28 25 27 27 23 28 10 28 27 27 28 28 27 27 12 28 2 27 28 28 3 4 28 28 11
17 12 13 24 6 15 11 14 26 13 19 27 18 0 1 28 22 15 2 2 2 11 11 16 3 21 22 27 4 4 13 21 5 5 26 19 6 6 15 16 7 6 7 27 17 27 28 8 18 9 18 27 22 27 27 28 11 20 11 28 21 11 12 28 7 22 22 23 25 14 12 6 11 24 4 8 16 25 11 27 28 17 26 18 18 18 27 6 6 6 28 20 28 11 19 13 3 22 1 9 13 2 6 5 15 11 11 27 27 27 28 27 27 27 27 27 28 22 27 17 24 27 10 13 27 5 27 27 27 27 21 28 12 28 20 27 28 28 27 27
26 7 17 6 13 14 7 23 25 14 25 14 28 25 1 10 19 16 10 2 17 20 13 3 3 16 12 24 4 13 16 16 14 5 26 2 18 6 15 27 0 7 26 24 27 8 17 2 2 9 26 19 24 23 23 1 11 20 7 11 21 11 2 22 1 13 22 25 23 6 27 14 9 24 28 11 16 13 25 16 8 26 6 18 7 2 27 8 18 10 3 9 28 3 1 2 15 4 11 20 16 17 14 17 20 15 9 28 27 25 27 13 27 27 27 27 27 27 13 27 27 27 27 0 28 0 27 3 27 26 27 4 27 27 28 25 28 25 26 2
23 27 9 7 24 16 16 25 25 21 11 26 8 1 24 1 15 24 2 2 2 0 11 3 11 3 16 2 4 16 13 2 20 5 24 14 25 6 18 27 1 7 0 4 24 8 17 20 18 5 9 8 9 19 10 23 26 20 11 7 21 0 2 26 22 13 24 4 14 9 23 1 24 15 8 11 13 25 25 25 17 14 26 7 18 19 19 27 11 2 2 0 28 7 11 11 21 19 9 0 20 12 13 1 0 17 2 28 27 27 27 27 16 27 12 27 22 27 28 27 1 27 27 27 2 27 9 27 27 28 28 28 10 27 28 3 28 28 28 27
23 28 11 13 25 6 6 28 15 22 16 24 28 1 16 1 11 1 2 2 2 2 11 3 18 3 15 4 4 4 27 13 21 5 28 23 6 0 15 6 25 7 18 7 8 8 18 24 18 9 24 19 28 19 10 20 6 27 20 11 28 12 21 4 22 23 5 11 14 23 25 25 15 24 7 16 25 16 25 11 17 8 26 9 6 13 16 27 1 2 28 15 12 28 9 4 19 2 3 4 22 5 15 4 17 17 8 27 26 28 19 27 27 7 27 7 27 26 27 27 27 27 28 27 27 8 27 20 27 18 28 28 28 13 27 14 27 5 15 19
25 0 26 28 6 16 7 13 14 0 7 20 21 1 26 1 9 9 2 2 2 28 11 20 3 27 21 18 4 19 13 19 5 18 14 4 17 6 25 27 1 7 18 3 28 8 17 18 9 27 9 5 10 10 19 26 11 11 20 6 2 21 21 4 27 13 22 10 10 23 8 5 15 24 13 1 11 16 25 0 4 13 2 26 2 2 27 5 27 1 5 0 28 3 15 2 13 20 12 16 20 3 18 3 24 16 16 27 28 16 28 2 27 24 27 21 28 27 27 28 28 19 27 18 27 26 27 27 11 27 19 27 6 3 27 10 27 12 17 12
7 0 24 9 15 16 16 7 16 15 15 26 26 1 1 27 1 0 11 2 23 28 0 3 12 3 19 13 4 13 4 25 19 5 1 15 2 6 15 22 25 7 27 27 8 22 5 18 9 4 9 8 19 27 28 26 11 20 3 25 21 11 12 27 27 22 4 0 23 27 5 14 24 9 15 16 16 25 16 7 12 26 12 0 7 18 27 14 7 2 2 28 0 3 12 15 12 21 4 13 19 19 17 5 1 7 17 27 27 27 27 28 27 27 27 27 27 27 28 27 27 28 26 27 21 26 27 26 3 27 21 27 27 27 27 27 27 0 28 28
