23 5 8 14 18 27 9 17 13 9 22 20 9 1 28 1 10 28 23 2 10 11 23 3 11 3 2 27 4 15 29 21 22 5 22 1 29 6 3 0 21 7 16 18 19 25 8 18 18 22 9 28 19 2 10 7 11 20 23 12 21 22 12 5 22 22 3 28 3 7 24 11 3 24 1 16 14 25 15 9 5 26 0 16 15 27 6 8 11 28 20 28 3 29 13 7 29 18 13 2 13 18 23 16 16 5 4 9 24 5 29 29 26 29 19 29 28 28 29 28 28 29 28 28 28 29 29 29 13 28 10 2 28 6 12 28 22 28 19 28 26 29 24 17 20
29 6 26 5 15 27 25 11 22 8 10 27 8 14 1 11 13 16 24 2 18 25 11 3 0 3 16 12 4 17 16 26 20 5 3 27 15 3 15 16 7 24 16 7 8 20 8 20 19 9 21 19 19 22 0 4 11 20 28 21 12 12 12 24 4 22 13 3 11 23 4 0 24 26 16 11 25 16 5 3 26 26 26 27 3 27 11 18 12 19 28 15 9 2 11 29 18 22 16 2 14 19 23 16 17 23 21 16 22 10 20 28 29 28 28 28 28 26 28 9 28 10 28 1 29 29 16 28 16 28 20 29 4 28 28 0 20 29 28 26 25 29 29 28 10
0 7 27 25 29 28 28 17 23 0 19 8 28 23 1 24 14 15 10 2 14 25 14 3 3 18 20 20 4 23 15 14 24 5 14 21 6 29 25 6 16 17 16 7 8 18 17 8 28 9 4 2 10 19 9 3 22 11 27 11 12 21 22 6 13 13 6 13 23 4 4 4 7 24 15 11 28 25 29 12 26 17 26 7 9 10 27 18 0 15 28 20 19 17 21 29 4 15 3 20 10 23 19 1 24 19 14 9 26 16 27 29 29 29 29 28 28 1 28 13 28 28 8 28 25 28 29 29 21 29 25 29 27 29 28 3 28 11 5 29 22 5 28 1 25
25 15 12 14 18 9 17 25 18 7 25 12 0 1 15 1 10 23 28 2 19 11 29 18 3 12 28 25 21 28 4 27 17 5 19 15 21 6 17 28 7 16 16 0 17 8 19 5 18 9 22 25 19 2 4 23 11 20 11 8 12 4 8 22 9 12 13 28 23 14 8 8 24 24 8 25 16 25 28 3 26 7 7 5 12 27 13 1 19 28 2 8 17 10 9 29 21 6 6 16 19 2 12 2 4 13 14 1 19 25 29 28 26 28 3 6 28 27 28 29 28 19 28 2 6 28 26 22 28 28 29 28 29 29 21 29 29 28 28 26 29 29 21 13 19
5 27 8 21 16 25 18 17 26 27 7 19 22 1 11 1 22 12 17 2 21 16 11 3 2 3 15 12 4 4 4 1 13 5 5 23 0 6 6 16 7 22 16 16 8 28 4 8 9 18 4 9 19 19 20 3 28 10 28 28 21 12 26 3 22 7 7 14 13 23 10 15 1 24 12 2 29 25 7 15 29 8 18 3 17 27 19 1 6 3 28 8 20 9 29 3 29 3 17 6 4 23 1 0 2 2 12 19 19 2 29 29 18 29 11 29 29 20 28 2 28 18 28 28 29 25 29 29 27 28 28 23 29 12 6 28 22 0 28 4 23 16 19 23 18
4 20 11 29 25 27 25 22 11 26 12 18 26 1 1 1 1 1 10 2 17 21 27 3 12 3 23 4 13 4 13 23 14 5 14 18 24 6 29 20 3 16 17 5 17 8 18 4 9 9 6 29 10 19 5 27 29 11 5 27 21 12 9 28 12 22 13 2 10 23 12 5 15 24 8 13 25 25 25 8 17 26 15 11 28 27 1 19 4 10 2 28 19 1 2 5 29 13 19 2 22 12 7 11 24 5 22 5 24 0 16 28 28 28 28 28 28 29 28 8 28 25 28 24 29 20 28 19 28 11 28 28 28 28 22 8 28 22 29 28 17 29 3 6 15
10 7 26 14 11 17 29 27 7 13 27 27 14 1 27 1 19 11 9 2 24 2 22 3 3 13 3 4 4 13 15 5 5 15 5 0 16 20 6 6 7 7 29 5 4 8 17 18 9 9 6 21 10 19 20 23 11 20 10 25 12 21 12 13 22 13 29 28 23 23 1 0 24 15 25 25 5 25 5 15 16 17 26 7 13 10 27 27 10 1 28 2 0 15 11 29 22 19 22 21 18 19 3 8 3 14 5 22 11 6 12 29 28 26 28 11 29 29 6 29 26 29 0 29 0 28 18 28 11 28 28 29 2 28 21 12 28 22 3 28 13 3 29 6 6
16 27 25 25 25 0 0 24 29 29 0 18 9 1 18 1 16 0 2 2 2 14 27 3 12 3 20 12 27 4 13 29 5 5 20 19 6 5 16 6 7 16 7 5 8 7 18 21 9 29 9 29 19 26 10 9 23 25 21 6 12 12 28 22 12 3 2 23 1 23 14 9 15 14 7 26 25 16 29 17 17 26 3 0 16 27 19 1 19 16 28 2 2 2 10 29 19 13 7 16 22 1 1 3 15 11 3 19 17 5 29 28 19 28 14 6 28 27 23 28 9 18 28 29 28 28 9 28 7 29 21 28 12 9 28 17 4 27 23 28 20 23 5 29 0
23 17 22 12 8 12 7 16 15 13 26 8 10 1 1 15 1 14 2 2 11 2 24 12 3 12 12 24 4 13 21 19 14 5 23 16 17 6 6 16 7 7 16 17 29 8 1 7 9 9 9 19 19 29 10 20 1 9 23 2 12 21 3 24 12 9 25 24 23 8 14 26 15 24 8 12 13 25 17 26 17 26 26 9 12 27 11 9 17 14 28 20 6 20 29 5 29 11 12 13 4 20 4 9 2 5 9 5 17 8 29 28 8 28 26 29 28 28 24 28 28 29 28 28 9 26 28 28 18 28 2 28 28 29 20 28 25 29 29 15 29 25 11 4 9
28 24 10 14 9 6 10 9 17 14 15 17 24 1 29 1 15 10 2 25 2 11 15 19 3 15 21 12 12 4 3 24 5 20 3 5 19 6 3 28 7 7 16 5 2 8 5 1 18 9 22 29 9 10 19 10 21 7 20 12 1 12 22 28 28 22 7 5 23 8 26 14 15 24 24 6 13 25 16 9 11 26 10 17 13 18 27 16 14 18 3 28 20 21 13 12 29 2 21 3 22 0 16 23 0 20 14 17 19 7 11 29 29 27 29 5 29 4 28 18 28 28 25 29 15 24 28 2 28 7 29 29 28 5 28 19 29 28 3 12 13 28 10 8 3
7 12 26 14 27 25 8 26 19 0 15 23 14 1 1 1 1 10 29 2 28 28 29 3 12 3 17 13 4 13 4 17 15 14 5 24 6 20 4 27 7 16 7 4 17 8 29 22 23 9 28 19 28 10 29 20 28 8 11 21 25 12 29 22 28 5 13 9 23 29 27 2 24 11 10 15 25 29 16 26 17 26 13 2 18 27 18 9 19 28 1 13 1 20 29 3 15 3 2 14 11 14 19 22 4 14 23 0 3 19 21 28 7 26 28 21 29 28 4 28 26 28 2 28 28 28 29 29 29 29 29 29 29 28 29 29 28 5 28 10 29 29 12 28 17
23 22 17 9 18 10 26 17 7 11 7 0 27 11 1 16 13 18 29 2 10 14 21 3 3 21 3 17 4 4 29 25 14 5 0 19 6 15 6 16 3 7 17 26 17 8 17 8 26 0 9 9 10 19 0 27 11 28 26 11 29 21 8 6 13 12 5 29 13 23 27 10 24 15 13 25 11 25 17 17 15 17 26 2 27 12 2 7 19 18 4 28 12 17 29 21 10 29 22 11 18 11 20 24 3 10 18 19 6 3 26 28 29 29 29 28 29 28 28 29 28 28 16 28 17 28 4 28 26 28 23 28 29 29 29 28 29 29 28 29 28 16 29 29 10
18 26 7 9 24 16 14 10 28 28 24 21 14 1 1 29 1 15 2 24 2 11 11 3 16 3 18 26 4 0 13 23 22 5 15 28 16 6 15 2 29 7 2 17 17 8 19 24 9 20 9 29 19 5 28 20 20 8 11 1 8 21 7 24 22 22 13 27 23 23 27 8 24 15 28 9 25 26 16 14 17 26 17 9 27 27 27 10 9 6 28 1 13 6 1 29 17 13 22 4 5 21 14 13 23 5 2 1 6 14 29 28 7 28 27 28 28 28 28 29 28 28 28 28 29 13 28 27 28 21 28 29 28 10 28 18 28 9 18 28 18 25 28 14 24
22 6 27 7 22 14 7 0 10 19 17 0 20 20 1 17 9 10 17 2 18 19 22 29 3 0 20 13 4 14 4 20 14 5 14 0 25 6 4 16 5 20 7 2 17 28 8 3 9 8 4 9 10 19 28 5 20 21 11 28 21 28 11 1 13 12 13 13 23 7 13 15 24 15 29 29 25 16 7 29 3 26 17 0 27 10 27 5 3 28 13 20 13 14 10 29 17 1 18 3 16 13 0 18 14 5 14 12 15 21 9 28 26 28 29 28 1 28 27 28 28 29 28 29 28 27 28 24 26 28 19 28 27 21 0 28 13 29 28 28 11 29 10 28 0
15 4 13 17 10 14 24 25 18 25 10 12 10 20 1 29 18 29 2 25 2 11 29 18 3 17 12 12 29 4 18 18 22 5 25 17 6 15 1 27 27 7 24 29 8 17 29 28 18 9 0 19 19 28 23 22 11 20 11 3 1 24 12 9 13 22 11 26 1 27 13 6 9 24 2 2 16 25 8 9 13 26 15 0 18 27 13 12 17 0 28 20 2 16 17 29 4 21 5 16 14 4 17 14 5 5 7 22 8 19 29 15 28 6 12 28 5 29 29 28 4 28 25 29 28 28 28 28 11 28 29 29 28 28 22 28 28 11 22 28 4 28 29 10 10
7 24 16 6 16 23 28 17 17 26 16 20 27 1 13 1 18 22 2 2 2 12 11 3 3 0 23 4 0 4 0 16 5 19 15 20 6 29 26 6 7 27 7 29 17 28 8 20 28 9 1 9 19 28 10 24 26 11 25 3 21 27 6 13 26 27 9 13 23 6 15 15 24 8 15 1 5 25 6 6 28 26 17 9 27 1 27 12 12 17 28 2 2 0 7 29 3 0 14 5 11 16 0 15 9 22 0 6 24 8 29 28 7 28 28 29 26 29 28 28 29 28 28 28 29 28 28 3 5 28 27 8 29 28 28 13 26 29 7 28 5 28 17 15 12
26 8 18 10 25 19 10 26 29 18 20 16 8 1 18 1 16 28 2 2 2 26 28 3 3 3 13 13 4 13 24 0 14 5 15 18 15 18 18 6 16 7 17 27 29 17 19 28 9 5 27 6 19 10 20 2 11 11 11 21 28 24 12 29 29 13 23 25 23 12 29 24 29 5 15 25 25 12 12 10 26 11 11 18 0 27 9 12 28 28 28 6 9 18 29 3 3 2 1 12 4 4 5 16 1 0 20 18 7 0 28 29 28 11 28 27 28 29 28 28 4 28 15 19 28 27 29 4 28 0 3 28 19 4 28 28 22 6 29 8 29 19 29 29 23
11 15 15 7 26 24 25 11 7 14 13 9 27 1 1 1 1 10 2 2 2 14 11 0 3 12 25 24 23 4 1 16 5 19 3 15 6 6 18 16 7 7 16 1 8 23 8 7 29 9 2 9 19 20 29 10 1 20 6 12 29 12 5 9 22 9 13 28 10 23 28 5 24 15 15 8 16 25 15 15 26 11 13 8 27 1 27 19 19 4 28 2 2 4 29 21 21 7 9 0 14 4 15 23 0 23 15 6 10 15 28 28 28 29 15 28 24 26 28 22 29 29 3 28 19 28 28 28 21 28 20 29 28 28 28 29 1 29 0 23 28 23 28 14 24
9 4 16 29 9 16 9 14 21 24 27 27 10 22 1 0 10 19 2 2 2 29 0 3 3 3 14 4 4 4 13 14 5 5 5 20 23 6 15 26 7 7 16 29 28 8 7 8 9 18 21 9 4 19 21 4 10 25 11 21 6 12 8 22 29 22 13 27 1 6 8 29 15 27 6 13 25 16 16 15 1 26 10 18 10 27 18 3 0 19 28 1 5 15 29 11 10 10 22 20 20 10 8 15 15 1 0 21 13 22 29 29 8 29 7 26 28 24 28 14 28 28 28 10 28 18 28 28 28 25 29 18 28 14 28 19 29 28 28 28 28 13 29 29 18
27 6 25 7 26 15 13 9 13 7 23 25 0 1 14 1 0 0 20 2 1 16 11 3 15 27 3 12 4 17 14 2 5 24 4 18 6 0 6 26 7 16 28 0 17 8 17 7 3 18 29 29 6 23 10 27 20 2 7 21 12 21 6 22 13 22 28 8 23 14 14 10 28 24 0 15 7 25 3 17 2 26 26 8 10 18 27 2 7 28 15 28 7 5 9 29 14 3 1 16 16 9 2 4 17 16 16 1 23 7 29 28 27 28 25 29 28 29 29 28 27 29 24 29 9 29 10 29 2 28 11 28 3 29 27 28 13 24 26 28 23 28 15 25 13
28 21 23 25 12 14 6 12 20 21 15 19 29 1 1 1 1 28 27 2 11 24 11 3 15 3 3 4 4 4 13 13 5 15 14 1 6 15 21 6 7 24 2 21 17 8 25 28 9 3 28 28 19 10 7 10 10 29 11 2 11 21 2 22 27 13 11 9 1 23 29 15 15 15 24 1 1 25 25 17 15 17 26 9 10 27 14 16 1 28 17 28 20 14 13 29 9 21 0 1 20 10 10 21 19 21 24 5 6 21 25 0 28 17 28 26 28 28 29 28 28 28 23 29 21 28 23 28 11 29 29 19 28 25 2 28 11 3 28 29 28 3 28 26 28
24 26 12 15 17 0 19 23 8 14 17 8 28 9 1 17 9 18 2 2 2 13 13 12 3 15 13 1 4 13 19 5 5 5 15 22 23 6 2 29 5 7 20 6 18 17 28 18 9 8 9 26 10 10 26 0 20 11 6 24 21 9 11 12 13 23 29 13 23 2 14 10 24 15 26 27 16 25 3 17 26 29 17 27 14 11 27 8 8 11 28 20 17 4 21 29 21 8 5 17 2 17 21 23 5 16 20 22 5 23 28 29 5 28 24 29 29 8 28 21 28 28 29 28 6 28 24 28 13 11 29 7 29 29 3 28 4 28 28 18 28 14 1 3 15
17 13 8 25 6 28 28 8 24 11 11 8 23 1 27 1 16 28 28 2 29 21 11 3 3 14 28 13 4 13 0 14 14 5 14 22 28 6 15 15 26 7 7 28 18 8 8 6 18 9 24 29 19 5 10 9 20 11 6 10 21 10 28 12 22 25 22 5 23 0 9 0 15 24 13 25 25 11 9 10 17 26 14 18 27 9 27 3 4 19 28 12 2 29 15 29 29 0 14 22 6 19 0 7 23 0 22 4 0 22 29 28 7 28 26 28 25 28 28 28 15 28 27 9 28 22 28 29 29 11 28 6 28 7 28 28 28 29 2 28 14 28 28 29 23
22 11 26 26 16 25 21 17 0 26 20 27 24 13 1 9 28 29 21 2 10 23 13 13 3 18 12 19 4 13 24 25 5 16 14 0 19 6 17 1 21 16 7 16 3 17 8 2 18 22 2 9 19 10 1 28 28 27 11 21 26 12 4 22 4 26 22 13 23 14 8 24 25 11 13 15 10 25 6 7 0 26 18 11 27 14 4 27 8 28 19 28 18 0 16 29 21 29 12 7 23 13 17 15 5 19 11 17 6 2 26 28 28 29 29 28 27 28 19 15 28 1 29 28 17 28 19 28 28 28 11 28 26 28 26 29 4 26 28 28 28 28 8 21 10
28 29 21 7 0 16 19 17 13 13 13 9 28 1 18 1 17 28 25 2 19 12 25 3 15 14 28 4 4 4 13 1 5 5 17 3 21 6 22 19 7 16 7 23 18 25 8 28 27 9 1 29 5 19 10 20 10 27 26 27 12 21 2 8 27 22 13 12 26 23 3 25 15 24 5 7 6 25 27 6 8 26 17 27 28 18 27 15 9 15 28 7 15 6 5 29 11 10 13 17 9 1 18 13 17 16 5 15 6 6 29 7 28 19 3 28 27 29 29 22 28 5 28 19 28 4 28 19 28 20 20 28 9 28 8 29 12 29 9 24 12 28 24 16 19
15 5 16 17 0 17 26 23 16 25 17 14 20 27 1 9 18 27 17 2 23 20 11 11 3 12 3 2 4 21 27 14 5 14 29 5 3 15 6 4 22 7 0 17 28 8 18 23 26 26 2 19 10 10 4 21 20 11 7 11 1 21 1 29 22 13 26 9 14 23 12 14 24 26 7 29 16 25 17 11 17 26 3 0 8 27 9 19 0 10 28 12 12 20 12 29 0 11 3 14 8 5 14 3 17 14 11 22 4 9 29 28 0 28 28 29 27 28 18 28 0 28 27 29 28 28 18 0 28 3 24 28 9 29 29 6 28 2 28 5 28 16 0 10 16
24 8 25 12 25 11 20 18 16 12 10 14 0 1 1 1 14 23 13 2 26 11 17 3 22 3 21 16 4 19 29 14 14 5 14 4 21 1 16 0 7 26 16 20 8 8 29 18 29 7 9 4 19 10 4 0 20 27 25 21 11 12 21 8 28 8 13 23 23 24 25 0 24 15 29 10 25 11 17 17 26 28 17 16 27 1 27 14 1 2 28 15 10 11 6 29 6 16 18 0 12 23 23 8 5 7 6 22 14 9 29 11 28 27 28 27 29 5 29 29 29 28 28 29 28 29 24 28 29 29 26 28 11 28 16 29 1 29 5 29 16 28 25 15 7
15 16 6 26 14 16 15 26 10 26 20 23 10 1 1 19 1 14 10 2 26 21 12 0 3 29 12 21 4 22 4 15 5 5 14 15 6 6 1 21 29 28 7 17 8 7 17 21 24 9 18 24 19 10 19 7 20 21 11 4 25 28 10 22 13 22 6 6 14 23 5 24 9 28 7 25 5 1 25 15 11 26 27 1 9 28 27 19 1 2 4 28 6 21 0 29 2 29 18 4 1 20 7 23 6 14 19 9 22 1 4 28 29 29 29 28 29 29 28 28 20 29 3 29 23 28 28 20 28 25 29 22 28 28 7 28 22 28 15 29 14 29 27 14 3
12 7 13 25 7 6 6 17 15 7 17 18 29 27 1 11 29 11 17 2 11 26 29 3 3 3 12 12 0 4 21 14 5 5 0 23 15 6 17 28 23 7 6 17 8 17 8 6 6 9 2 20 28 19 29 10 11 1 11 21 21 21 12 13 13 22 25 28 23 7 13 24 15 7 5 25 0 25 26 7 26 26 26 29 18 29 27 11 28 28 28 28 2 9 29 12 29 5 5 8 0 12 13 5 18 14 22 3 18 2 28 28 3 28 13 18 28 20 28 29 28 25 28 20 28 29 29 6 29 5 29 29 28 5 28 25 28 28 28 5 17 5 28 12 15
6 15 6 25 9 10 11 0 17 8 23 27 17 1 1 1 28 1 2 11 27 2 29 12 3 1 1 13 4 13 0 1 14 5 2 29 15 6 27 16 2 7 25 25 4 8 4 18 9 24 24 9 19 10 24 20 0 11 1 29 21 4 12 29 29 8 3 23 1 29 28 15 24 15 8 25 25 25 11 26 17 26 11 3 17 27 1 1 28 28 28 20 3 11 29 19 18 21 1 13 4 0 16 20 21 24 0 19 26 6 28 29 28 13 28 25 29 28 25 28 23 23 28 9 28 10 28 28 28 28 28 28 12 28 12 29 29 29 28 29 29 29 28 28 29
