21 9 25 11 28 27 6 26 30 0 19 19 0 24 1 24 27 29 2 0 2 11 18 21 3 16 16 16 4 20 4 1 14 18 5 18 6 16 21 21 7 7 26 17 8 18 8 26 28 22 19 20 1 10 21 9 29 11 21 26 22 23 7 22 22 10 13 29 26 24 14 27 15 25 13 25 6 5 9 17 7 17 27 18 27 12 28 28 8 0 29 15 29 9 20 21 30 12 30 3 21 20 12 23 19 11 19 1 22 18 23 8 19 30 9 30 12 5 30 27 10 30 30 19 29 21 29 30 29 23 29 17 29 29 26 30 27 29 29 13 4 16 29 10 24 29 30 12 25 11
25 22 23 23 25 29 23 10 27 16 20 19 19 1 1 11 12 1 2 29 2 30 18 11 3 28 23 2 4 2 4 24 29 5 15 15 18 6 15 15 7 20 7 28 17 8 17 2 7 9 9 4 0 26 20 10 11 30 7 4 21 10 22 10 13 22 13 23 25 10 12 26 14 24 10 14 25 12 30 10 26 18 18 27 18 27 27 16 5 28 7 0 20 2 29 10 14 18 14 30 11 14 15 13 21 17 17 18 7 15 18 21 24 21 30 29 29 29 29 29 30 30 29 30 29 29 17 29 11 29 11 29 30 30 8 29 25 29 0 30 18 29 27 29 29 29 24 28 6 25
12 29 22 17 8 20 6 22 18 14 13 29 30 24 1 22 12 20 15 2 26 18 14 12 3 21 12 15 13 4 13 18 5 14 14 5 6 24 6 19 20 4 7 17 6 8 18 28 2 9 30 19 28 10 19 23 26 11 24 23 21 29 7 12 7 22 13 3 4 27 25 15 24 24 15 27 25 11 6 27 26 9 8 18 18 27 18 5 28 28 28 14 29 14 1 29 7 14 3 30 14 6 0 1 7 20 1 15 21 24 25 6 3 8 30 29 3 29 17 30 8 30 28 30 30 30 15 29 13 29 28 8 30 9 14 30 3 30 29 9 29 27 24 29 11 28 30 11 25 29
28 15 21 7 24 0 15 22 23 21 16 15 23 1 11 1 28 26 18 2 19 20 11 21 3 12 13 1 4 16 24 17 14 5 1 15 25 6 16 16 7 7 16 7 8 29 8 30 18 9 28 26 1 10 10 10 20 3 6 21 12 25 25 10 0 28 23 10 27 14 6 24 4 7 14 25 15 16 0 26 3 30 7 27 13 13 17 8 28 11 20 20 17 29 21 13 20 3 30 14 2 22 10 2 0 1 12 17 5 24 3 24 26 14 29 30 29 1 29 8 29 29 30 29 29 26 29 6 29 22 29 18 29 26 2 29 9 11 29 0 30 30 24 30 2 29 24 28 29 25
8 27 25 26 0 7 12 17 9 7 28 10 9 21 1 13 17 13 2 2 2 27 25 3 12 3 12 25 4 22 28 4 5 14 26 5 6 15 0 24 7 7 16 17 8 17 8 29 19 20 18 29 10 0 19 20 11 21 23 11 12 21 10 12 22 23 4 13 14 9 14 24 14 2 15 25 26 25 9 10 26 26 13 30 27 27 0 18 30 28 0 1 21 29 5 21 13 22 3 30 3 7 5 22 23 5 4 20 2 7 11 26 26 8 30 30 26 30 7 29 29 29 29 8 29 2 29 2 29 30 29 25 29 7 1 29 21 29 29 29 29 17 30 1 30 29 14 29 9 2
16 9 5 11 28 12 7 28 20 10 16 15 23 1 14 1 19 22 15 2 20 14 11 3 3 3 17 4 21 4 17 4 5 14 19 0 6 15 6 4 30 16 7 26 29 8 3 18 3 4 9 7 10 23 10 29 20 4 11 7 6 12 22 23 7 22 23 12 26 14 1 6 24 4 16 16 25 9 8 26 30 16 13 18 4 27 11 9 2 28 9 19 4 7 29 21 21 30 3 13 30 18 13 13 0 3 10 5 20 3 5 19 10 25 30 27 29 18 14 29 21 3 29 30 29 29 29 29 3 29 29 29 29 29 28 10 29 22 30 13 1 30 15 8 16 28 12 24 28 24
0 12 22 7 24 24 21 27 11 16 9 23 9 1 11 1 9 12 22 2 30 12 30 26 3 24 23 12 2 19 2 5 5 2 5 0 5 6 15 2 5 21 1 29 8 17 7 29 0 9 18 4 4 22 5 30 24 11 20 4 7 12 25 12 23 22 13 26 3 14 23 9 24 0 29 16 10 25 16 26 6 3 26 8 28 27 9 14 28 9 28 9 12 20 29 2 16 22 10 2 30 3 12 11 19 8 25 25 16 19 26 22 26 21 0 9 29 27 29 30 29 25 29 4 29 18 29 29 30 29 30 29 29 20 29 13 29 17 29 29 29 27 29 3 9 30 24 28 23 20
12 5 17 15 26 7 13 7 17 0 21 13 15 1 1 17 1 19 23 2 14 0 0 3 12 3 12 0 4 1 2 20 14 5 2 21 15 6 24 16 4 7 16 3 8 29 8 25 18 28 9 23 0 10 10 5 20 11 29 21 12 21 22 2 11 13 29 23 27 4 14 24 11 12 15 10 25 16 7 26 17 26 30 17 27 18 2 5 9 28 6 20 19 29 2 21 11 0 30 22 3 12 22 17 23 5 20 14 9 20 15 22 15 6 29 29 30 29 29 29 24 29 29 29 30 29 29 29 29 25 29 14 29 24 29 18 29 24 9 29 22 29 30 30 30 30 29 27 12 30
26 16 25 16 13 9 7 16 29 7 19 27 18 26 1 27 18 24 2 29 2 15 26 12 3 0 12 2 4 18 29 21 23 5 20 17 6 6 6 30 3 7 17 7 8 19 23 8 8 9 19 29 19 10 19 6 6 20 26 20 29 12 26 13 25 22 13 29 29 0 10 15 24 27 25 29 16 25 26 30 16 26 16 10 0 27 16 12 28 1 28 18 1 3 29 11 14 19 13 30 18 12 3 12 12 22 0 19 21 21 11 25 21 18 30 30 30 25 29 6 29 7 29 17 29 19 29 29 30 30 29 3 29 0 0 12 12 29 30 22 29 26 29 12 29 29 27 27 27 25
6 17 6 26 30 26 18 7 11 27 28 29 9 1 1 1 1 27 18 2 21 11 22 11 3 12 13 1 2 4 1 14 5 5 5 3 15 6 21 16 7 16 23 7 17 8 30 30 18 9 19 9 25 10 20 10 20 11 26 21 12 21 5 12 6 13 23 27 23 14 29 24 10 29 11 4 25 3 26 17 4 26 17 2 27 6 5 9 28 28 28 16 18 18 29 21 18 22 30 18 19 22 1 14 11 9 17 5 5 17 17 15 15 1 30 30 30 29 29 29 29 30 30 30 30 30 29 30 30 20 29 20 29 26 30 30 29 30 29 29 30 30 29 29 29 29 29 10 29 11
25 28 25 26 9 26 19 14 24 21 15 16 30 19 1 9 17 29 2 2 2 26 17 3 3 23 12 4 15 4 2 15 5 14 21 18 3 6 21 21 0 17 7 4 17 8 27 5 5 18 18 26 10 10 25 8 20 3 11 21 10 21 6 3 22 29 23 2 14 23 24 8 3 24 29 25 14 25 5 11 17 26 5 0 27 0 14 12 8 28 19 20 6 16 29 13 20 7 1 30 3 13 4 2 4 2 14 17 18 3 1 3 20 9 30 29 30 29 29 30 29 30 29 29 30 30 30 30 29 9 29 11 28 27 29 18 21 29 29 29 0 29 5 30 11 29 29 4 24 0
30 12 16 19 12 16 0 12 22 18 18 0 0 16 1 21 28 17 10 2 13 11 20 19 3 12 12 22 4 17 18 29 23 5 29 21 6 15 16 6 7 30 7 30 17 8 29 18 21 9 5 4 9 24 1 9 20 11 3 29 3 12 11 8 22 13 23 5 23 14 24 30 24 7 6 16 25 16 10 8 26 7 2 12 27 18 14 3 28 9 10 17 29 20 29 18 21 19 30 4 30 5 16 1 13 2 4 9 14 21 5 6 4 25 30 30 30 30 30 29 29 29 30 21 29 10 29 23 29 6 29 28 29 29 29 2 29 28 25 29 12 29 10 29 27 29 2 30 7 16
11 10 27 28 13 30 29 12 18 14 15 19 8 1 1 1 17 10 2 29 2 16 1 14 3 21 21 18 4 21 13 24 14 5 0 2 15 6 16 30 29 7 23 2 27 0 8 30 9 18 19 20 28 10 29 4 11 22 11 8 21 12 28 26 27 22 23 14 0 10 24 15 15 24 12 28 25 16 28 12 6 8 13 18 27 13 30 8 11 28 2 19 18 2 29 20 18 30 14 30 30 1 7 1 21 24 11 13 5 0 18 5 4 1 15 29 27 29 30 27 29 21 28 29 18 29 29 29 29 29 1 29 15 29 5 29 17 29 29 29 22 30 9 7 20 0 30 2 2 5
29 16 16 14 9 26 30 16 14 18 27 14 9 1 28 1 29 24 18 2 11 20 30 3 3 3 12 0 4 13 4 20 5 2 5 2 30 6 27 16 23 7 29 17 8 23 8 18 30 9 1 19 25 19 10 20 25 26 21 11 21 12 3 22 12 13 10 28 23 4 14 15 24 30 15 29 25 16 5 12 26 9 17 14 8 27 0 6 19 28 1 1 20 7 29 14 13 30 21 18 3 2 0 2 23 20 20 21 2 5 22 24 6 27 29 30 29 29 29 30 30 29 29 29 30 29 28 29 26 29 29 30 0 29 24 27 29 3 28 26 29 3 10 29 24 29 30 30 30 30
8 25 19 23 6 17 22 7 19 20 15 30 9 17 1 26 30 14 15 2 0 15 26 3 3 30 29 3 4 23 15 16 5 21 23 0 6 5 6 30 16 4 7 4 19 8 27 18 18 9 1 27 24 6 10 20 27 11 28 28 12 21 22 26 13 3 6 13 23 14 29 0 6 30 28 5 25 10 9 17 26 15 17 29 27 12 15 30 29 28 19 13 14 14 29 0 0 30 12 30 30 16 5 7 9 14 4 11 2 4 24 25 5 21 30 30 30 30 30 30 29 29 30 29 29 29 27 29 29 29 29 2 29 19 29 7 12 30 29 28 30 13 30 30 8 24 6 0 23 25
6 5 16 7 22 27 14 16 28 9 15 17 22 1 1 1 1 28 10 2 1 30 12 3 18 3 16 4 13 4 3 14 5 0 15 5 6 0 16 17 6 7 24 18 17 3 17 19 9 19 9 23 10 19 22 20 30 11 3 8 21 0 7 30 13 27 8 23 1 29 0 24 27 15 9 9 25 6 26 0 26 7 17 10 27 12 30 8 28 5 11 11 1 29 11 1 16 0 30 16 13 7 13 8 6 16 23 15 13 2 2 6 7 18 29 30 29 6 29 28 29 29 29 29 29 29 26 30 19 26 29 25 20 29 23 26 30 0 30 13 30 23 30 26 0 29 10 27 30 3
15 29 15 17 13 16 12 16 24 27 10 9 25 1 1 9 1 30 30 2 21 23 29 16 3 14 1 19 4 20 4 5 14 5 14 14 20 6 18 18 6 21 16 17 7 8 29 28 21 18 9 1 10 6 26 20 2 27 5 21 12 10 2 2 12 7 23 1 3 23 24 14 24 9 26 25 8 8 15 17 26 12 11 8 27 18 19 15 1 28 29 10 20 17 29 8 11 3 30 3 30 3 17 19 18 3 17 1 24 14 14 20 14 16 26 29 30 30 21 30 2 29 29 29 29 16 29 23 29 11 29 2 13 29 30 29 29 29 9 29 27 14 29 23 4 4 29 7 23 3
16 8 26 13 8 11 26 10 30 10 30 18 17 17 1 25 23 15 14 2 19 19 14 19 3 28 12 14 4 0 21 20 5 22 14 22 18 6 0 16 19 16 7 0 8 27 6 6 18 6 9 5 2 10 20 27 21 20 29 2 12 12 12 29 22 25 30 27 23 14 13 24 12 24 15 16 15 25 16 0 1 26 3 27 11 14 27 12 28 28 20 14 17 29 11 29 21 4 30 11 30 20 23 8 15 19 16 0 24 13 25 6 6 20 6 29 17 29 4 29 29 30 21 29 10 29 21 30 4 29 5 29 9 29 29 30 30 12 30 22 21 30 4 30 20 29 24 30 29 28
4 6 7 7 23 14 23 15 18 25 18 13 24 28 1 20 25 21 2 11 2 13 0 3 24 3 23 23 4 13 13 24 5 22 5 17 6 22 15 6 25 7 20 28 2 17 4 8 9 21 29 28 9 29 10 20 11 5 11 29 29 21 2 0 22 0 13 30 23 23 26 14 2 24 27 3 25 5 9 17 26 26 9 27 8 18 27 0 28 1 15 12 20 29 3 8 12 2 30 1 30 23 6 23 11 13 4 11 15 14 19 26 14 26 18 19 29 12 27 29 27 30 20 29 3 29 12 29 27 29 29 29 29 29 30 29 29 29 30 13 29 29 5 23 29 24 29 29 29 27
22 16 25 25 15 17 12 18 29 19 16 8 29 1 21 1 13 24 10 2 13 19 13 13 3 12 23 4 4 1 14 25 25 5 14 19 6 6 24 20 2 7 0 29 8 8 22 18 9 9 1 8 19 10 2 21 20 11 6 27 22 6 12 22 1 22 8 8 28 14 27 24 15 8 2 25 16 16 26 15 26 2 18 13 27 18 30 13 28 13 9 13 4 18 29 18 2 11 30 0 17 23 17 18 16 1 9 8 0 14 13 10 25 4 30 16 29 27 29 17 29 29 28 30 18 1 29 4 27 29 21 26 30 25 30 16 30 8 30 4 30 13 29 15 29 27 5 29 27 26
30 4 25 16 20 17 26 13 16 29 21 16 8 9 1 20 9 25 25 2 23 0 28 30 3 30 16 20 4 22 18 16 5 5 17 30 25 6 15 4 5 6 7 1 17 0 8 29 9 19 9 21 26 19 29 11 11 11 21 6 4 29 29 12 22 13 27 23 25 23 30 1 24 15 26 25 2 6 16 28 26 13 9 27 18 18 13 7 19 28 8 5 0 7 29 17 2 11 18 30 11 22 22 11 22 13 0 22 24 4 21 25 7 13 29 29 30 29 30 30 0 30 7 30 1 30 29 30 30 29 29 29 11 29 21 29 21 30 28 29 13 27 0 22 29 29 1 3 15 12
27 25 10 12 9 28 10 7 16 20 9 29 9 1 1 1 1 1 2 10 2 21 11 0 3 15 12 13 4 4 2 0 5 15 5 15 6 20 19 6 16 7 17 28 26 8 23 22 0 30 9 24 19 10 6 3 20 24 0 29 12 29 22 0 28 13 28 13 23 10 7 0 24 15 28 25 16 5 16 16 26 17 17 27 8 27 19 15 1 28 20 20 1 15 29 17 14 5 30 2 30 14 15 11 24 18 12 13 6 18 19 10 12 25 29 29 30 29 21 29 28 29 30 29 4 29 1 22 29 20 20 29 28 30 30 24 29 17 29 30 13 4 28 29 6 15 27 28 0 1
13 0 25 7 6 16 17 11 27 12 17 8 17 1 19 1 24 13 0 2 15 18 15 24 18 3 14 2 4 13 1 2 5 5 5 26 0 6 16 3 0 7 16 29 8 8 18 3 9 18 8 27 19 10 29 4 20 0 7 4 12 1 0 0 22 12 27 23 13 13 14 0 4 24 15 0 25 28 16 9 12 26 9 27 30 27 0 12 28 16 28 20 12 19 29 12 13 7 16 30 13 2 1 13 20 7 1 0 15 5 4 9 13 5 22 29 30 15 29 24 29 25 29 27 29 18 30 29 30 30 27 30 22 29 29 15 30 24 29 0 29 28 29 13 8 29 25 8 30 22
6 16 8 6 9 17 29 7 29 22 30 18 15 28 1 19 11 11 20 2 11 22 22 21 3 22 21 26 13 4 24 0 1 5 21 15 3 6 16 29 7 16 7 17 17 8 23 18 9 28 19 0 19 10 3 30 20 1 11 21 12 30 22 22 22 13 28 23 8 8 14 30 24 15 6 25 16 1 16 9 26 29 17 29 27 30 18 13 28 8 12 20 29 20 29 11 4 30 19 30 22 18 4 0 12 23 21 23 5 13 25 15 6 16 29 29 30 29 29 29 29 29 29 29 29 30 30 29 30 29 30 29 26 29 28 17 29 24 29 28 29 4 27 29 8 14 29 29 30 9
15 6 14 15 11 26 13 12 28 8 13 23 22 14 1 26 29 10 2 2 2 25 14 3 3 3 14 18 4 13 20 17 21 5 26 15 24 6 22 20 7 29 7 19 17 26 29 8 9 19 27 7 10 10 30 20 11 29 29 21 5 21 10 9 13 26 9 2 23 14 7 24 13 10 4 25 8 15 29 17 26 8 15 12 27 16 18 17 4 28 19 3 20 29 1 7 18 30 19 30 1 14 21 8 5 1 15 15 18 2 2 7 21 30 29 16 29 29 30 28 29 19 29 28 30 8 30 23 29 29 18 30 4 25 3 29 22 29 26 29 10 30 7 30 30 30 24 2 24 25
16 28 10 9 8 25 26 25 23 27 15 21 12 1 0 1 9 20 16 2 28 22 17 3 3 28 3 22 0 4 18 14 5 2 5 15 1 6 18 16 19 7 20 30 17 8 2 18 8 24 19 5 10 2 20 26 11 20 24 3 12 25 22 22 13 22 6 30 14 9 1 24 14 24 28 16 25 16 4 13 26 4 11 18 27 18 4 3 6 28 12 15 15 16 29 4 3 2 9 30 14 5 12 13 7 5 4 2 16 12 15 4 19 1 30 29 29 30 29 30 29 29 29 29 30 30 30 13 29 27 24 29 20 28 29 28 5 29 15 11 29 4 27 30 21 29 29 29 29 14
6 26 7 26 21 19 13 21 18 19 8 9 9 1 1 9 1 15 2 2 21 2 12 3 3 3 27 19 4 28 14 18 2 5 14 19 18 6 15 2 26 7 22 23 17 8 8 19 3 18 4 19 10 24 19 22 11 23 11 21 21 12 12 22 22 12 6 29 23 14 9 15 24 15 25 15 25 7 13 15 26 12 30 9 9 27 30 19 14 28 7 20 29 2 29 21 2 9 4 30 20 20 14 11 13 3 0 20 4 13 19 21 19 25 30 29 30 29 29 30 26 29 19 30 30 9 30 30 10 29 24 29 2 29 30 29 12 29 30 4 29 19 29 29 29 30 26 1 30 25
9 16 30 12 27 14 23 10 19 0 13 26 17 1 1 30 1 28 13 2 14 11 19 13 3 22 17 17 13 4 18 19 14 5 14 18 25 6 2 16 7 29 17 30 20 8 18 29 9 18 6 28 10 2 24 23 20 11 21 8 21 21 12 22 4 27 28 23 23 14 30 24 30 24 25 4 25 5 29 29 26 17 16 15 27 13 14 1 15 28 12 1 20 29 2 11 14 19 30 0 22 15 20 17 21 17 24 4 16 11 13 20 6 6 27 29 17 29 30 29 27 30 5 30 17 30 29 29 29 29 0 29 10 29 1 22 29 27 24 29 17 30 30 3 30 18 30 2 29 15
21 10 21 5 9 10 17 11 14 30 27 20 17 1 9 1 26 9 2 2 2 15 19 16 3 22 1 13 4 17 1 22 5 22 14 14 17 6 20 6 3 23 7 30 29 17 8 18 26 28 19 9 10 20 30 6 11 11 30 21 30 21 8 22 13 13 29 28 14 23 6 13 15 7 15 25 11 26 12 17 1 26 0 7 27 27 8 19 1 28 9 13 29 2 2 15 17 2 30 17 1 13 16 18 4 23 20 23 5 14 0 11 3 20 30 27 29 27 30 30 6 30 29 9 29 19 29 30 27 29 7 24 29 9 29 30 17 30 11 30 16 30 6 29 9 29 4 30 25 9
16 6 12 20 21 22 12 18 10 0 0 8 10 12 1 16 25 14 2 10 2 12 16 22 3 18 26 23 4 13 4 14 5 1 5 2 6 6 6 16 5 7 6 27 21 28 18 23 29 9 29 19 29 10 28 20 30 8 11 9 12 3 12 27 22 23 8 10 2 4 14 15 24 6 25 16 9 16 5 26 8 26 17 18 27 18 17 16 2 28 9 20 13 14 29 2 16 8 22 30 11 18 23 9 11 17 14 18 20 13 25 19 22 8 30 29 29 20 29 28 29 24 30 24 30 21 30 25 29 29 20 30 3 4 30 2 29 29 16 29 15 25 29 0 18 17 29 5 4 23
