23 31 30 17 31 14 30 23 7 18 21 18 24 29 1 22 23 11 10 2 18 19 23 12 3 18 2 22 23 4 17 3 28 5 3 0 15 6 2 0 16 7 5 30 27 8 21 18 30 9 8 19 5 10 26 29 20 11 8 21 12 2 22 31 23 13 25 23 23 28 26 24 15 5 4 25 30 16 8 26 17 10 27 0 30 16 6 28 14 19 10 29 20 17 18 8 30 18 4 0 16 31 22 1 8 9 10 12 19 0 23 7 26 18 1 6 18 30 31 3 31 28 31 21 30 27 31 24 31 25 30 30 8 30 6 30 28 31 30 30 31 31 9 30 6 28 30 11 24 30 12 31 19 30 21
10 6 30 17 22 7 29 30 27 27 15 15 24 30 1 10 30 21 16 2 14 22 19 13 3 17 23 15 25 4 19 14 5 26 21 25 6 6 6 2 28 7 28 26 6 8 2 4 18 9 25 2 10 19 20 23 11 30 31 23 21 12 8 22 28 27 5 23 31 14 2 24 30 15 5 4 25 6 9 26 7 8 27 9 27 27 4 30 28 5 15 0 29 19 10 7 21 30 13 20 14 31 4 31 9 22 16 5 17 21 20 18 12 23 27 20 21 31 30 14 30 30 31 29 30 18 30 27 10 30 23 30 24 30 2 30 18 31 30 31 30 2 30 2 6 23 30 22 28 30 7 8 28 8 13
27 21 25 14 12 25 16 31 29 30 15 15 31 1 29 1 17 28 24 2 18 25 18 25 3 23 12 25 4 27 2 24 5 14 5 29 17 6 15 3 26 23 7 4 8 19 4 18 1 9 20 5 0 19 31 10 20 11 1 21 2 30 31 12 9 6 23 6 23 9 14 15 24 11 10 25 13 16 5 26 14 28 11 6 27 6 19 5 29 28 9 20 1 29 9 21 21 11 30 9 16 13 19 31 16 22 20 16 8 4 18 21 15 18 6 9 28 21 29 30 29 31 31 21 31 31 30 31 31 31 30 30 30 2 30 11 31 10 30 31 19 30 12 30 14 0 31 7 14 30 24 8 19 15 0
7 0 10 23 6 8 12 21 12 18 20 17 28 1 12 1 27 12 23 2 10 28 11 3 29 14 21 4 4 4 4 24 5 26 26 5 6 31 3 16 28 7 30 0 17 7 8 26 1 18 19 4 29 10 4 20 7 20 20 6 21 12 4 13 13 24 1 23 14 25 29 12 24 31 25 16 15 25 16 30 26 13 17 29 27 12 9 17 28 18 12 16 1 29 21 21 30 4 30 15 22 12 13 31 19 23 4 18 25 20 7 1 0 16 20 22 9 25 31 30 22 30 18 30 30 30 30 31 28 30 4 30 6 30 29 30 2 11 30 2 13 30 19 13 31 23 13 30 15 8 22 16 1 25 19
25 26 24 21 6 31 12 9 7 18 7 29 20 27 1 27 14 14 30 2 20 24 21 3 12 3 22 15 30 4 25 29 5 5 15 27 15 6 1 16 26 4 7 17 8 3 17 4 9 25 9 22 19 10 8 20 20 11 10 21 21 30 26 13 22 6 13 23 12 8 12 9 24 15 25 13 14 25 16 26 6 6 9 18 27 18 28 16 15 28 9 1 29 16 21 17 2 21 30 10 31 16 2 31 19 24 0 16 5 20 5 16 5 5 5 25 16 15 30 30 31 30 14 30 11 30 31 30 14 30 17 30 5 31 31 30 31 31 31 31 31 10 31 13 30 29 31 6 0 31 4 24 15 28 25
17 31 0 17 31 9 7 0 15 16 0 19 27 1 23 1 30 25 20 2 14 0 22 21 3 20 20 17 17 4 0 14 5 14 15 14 6 6 25 15 30 7 18 2 8 8 0 27 18 19 9 10 10 10 20 10 26 11 21 21 7 28 22 12 22 22 26 8 28 31 0 14 15 7 15 25 1 3 6 26 26 5 18 7 27 14 5 28 19 28 1 1 29 30 21 2 21 30 16 13 31 23 2 31 21 4 2 0 10 8 3 23 18 25 21 25 22 30 31 19 30 17 28 30 15 28 4 30 29 12 23 30 6 29 5 30 29 19 30 22 13 30 16 30 1 23 31 20 24 31 11 31 31 8 28
18 26 20 6 18 7 19 9 19 9 28 8 26 1 1 23 1 22 13 2 27 11 11 3 17 3 16 3 4 29 20 14 5 5 18 15 6 15 6 6 7 31 7 17 7 29 8 20 30 9 19 7 19 26 31 20 11 20 28 27 21 12 27 22 13 25 12 23 3 30 28 24 15 10 0 25 16 9 26 31 12 1 17 27 30 13 3 28 28 10 19 16 29 30 1 17 30 30 30 20 14 22 31 19 3 24 0 1 0 17 22 10 6 26 15 23 13 31 31 31 30 31 30 30 30 28 30 30 26 31 26 31 30 30 30 31 30 30 30 30 30 30 30 2 30 26 30 24 30 9 6 30 6 2 21
0 29 30 9 29 13 14 27 22 15 19 9 22 20 1 20 13 28 2 2 2 11 12 31 3 12 13 22 4 17 22 22 5 31 5 4 19 6 16 20 16 7 0 25 17 8 21 22 31 19 9 26 10 26 10 20 29 11 29 21 12 4 26 22 13 22 25 3 0 8 14 24 13 12 25 16 25 5 26 17 29 5 27 18 27 2 18 18 28 2 0 29 19 18 13 9 10 30 11 12 19 11 31 23 1 8 23 16 22 13 5 25 26 10 12 20 7 22 31 30 31 17 31 22 31 31 30 30 28 30 24 25 30 8 31 30 1 30 25 31 12 30 22 30 11 1 31 13 21 31 21 31 11 26 0
26 19 12 17 29 8 18 14 25 9 8 29 0 1 13 1 10 18 19 2 0 2 11 14 3 26 12 15 4 13 25 13 5 5 27 31 3 6 5 2 18 7 0 18 22 29 1 18 9 31 9 20 19 3 28 24 27 10 11 21 25 6 22 31 13 22 23 3 23 11 14 15 0 25 26 25 15 4 4 26 31 30 7 18 27 9 0 28 8 19 29 0 5 29 1 10 18 30 2 1 19 5 31 7 11 14 5 3 13 25 21 12 0 26 21 15 2 31 30 2 30 6 31 31 31 31 28 31 6 30 30 31 30 2 30 30 31 17 30 22 12 30 15 30 4 31 30 17 30 2 10 30 7 5 22
7 26 24 15 8 23 31 23 10 30 27 8 18 1 1 18 1 0 2 2 2 22 14 11 3 23 12 24 4 13 14 24 20 5 16 31 25 17 17 6 16 7 20 29 17 26 0 18 8 9 18 0 1 7 10 20 8 30 3 21 12 12 22 28 22 23 10 14 3 5 14 27 24 25 5 15 5 10 2 8 26 29 16 27 0 14 13 8 28 9 20 10 29 2 0 9 30 6 30 2 21 31 23 31 2 22 6 22 19 22 5 8 14 18 20 1 21 31 31 9 31 20 30 21 30 22 30 9 30 8 19 30 28 16 9 27 31 30 4 30 2 6 30 29 30 3 31 30 30 27 16 30 5 14 17
8 14 16 27 24 14 18 17 17 31 28 28 12 1 29 1 10 31 30 2 19 11 0 3 14 14 26 4 3 4 2 23 14 5 25 3 2 28 29 6 7 17 21 17 28 8 29 18 30 29 25 30 10 20 10 1 11 11 9 11 5 27 22 1 30 4 0 23 14 13 24 11 31 15 25 26 16 8 26 9 14 12 27 18 31 9 19 28 10 19 10 29 20 18 0 30 1 21 2 12 3 31 21 0 4 1 24 16 20 15 5 11 18 7 2 4 30 31 27 4 30 28 23 29 30 28 19 30 30 30 30 30 31 31 29 31 11 30 30 22 31 23 31 31 31 31 6 31 7 31 31 30 26 30 26
17 28 29 14 23 30 0 10 14 24 20 16 20 1 1 1 1 29 2 2 26 16 20 3 3 12 12 12 4 13 26 22 5 3 18 28 6 16 6 25 3 7 7 17 2 8 26 31 8 9 29 28 19 29 10 2 25 11 30 30 21 30 30 22 13 23 0 23 31 2 24 15 14 15 31 6 25 14 26 26 17 13 17 0 27 18 10 28 28 28 2 11 29 6 13 20 21 30 17 21 4 31 20 31 31 24 21 17 19 18 4 7 21 3 2 18 19 30 31 17 30 1 30 29 31 31 24 31 29 31 30 30 17 30 24 30 21 31 30 31 8 31 25 0 30 12 30 23 14 0 7 31 28 25 0
27 25 12 31 23 11 21 27 19 14 30 11 14 9 1 11 20 10 13 2 12 30 12 1 3 30 12 23 4 29 25 14 5 14 5 15 24 6 2 16 16 7 19 17 3 8 7 31 31 26 19 25 19 10 29 9 30 0 11 1 21 12 25 28 0 13 30 13 23 28 24 30 15 0 25 10 25 31 17 26 17 27 29 31 27 3 8 28 19 28 1 29 13 4 2 8 10 30 21 16 10 7 31 20 14 4 23 21 18 23 16 2 12 22 21 16 3 9 31 30 30 5 30 29 30 31 30 18 30 8 30 4 30 29 30 30 31 21 30 6 30 4 30 30 31 31 31 30 27 30 20 30 26 30 21
24 14 11 21 15 29 16 13 31 19 12 30 9 0 1 12 23 10 13 2 20 20 18 2 3 25 12 15 4 21 21 16 5 5 15 27 6 1 6 25 29 7 4 17 8 20 8 5 0 9 9 19 28 30 20 30 20 11 31 2 4 12 22 8 13 23 29 10 30 31 24 12 24 15 13 25 16 5 26 0 30 15 11 27 4 13 18 28 15 15 20 29 10 18 19 30 21 30 7 0 22 31 18 12 8 1 6 16 1 8 18 15 11 0 5 4 17 31 28 30 0 29 30 4 31 30 13 30 1 31 31 21 30 28 30 31 30 30 31 30 30 30 30 30 31 30 31 30 30 31 12 30 21 18 7
21 16 18 25 11 14 17 20 19 18 28 12 10 1 27 1 15 10 2 2 2 16 13 3 23 3 12 4 4 4 2 4 14 5 14 3 6 27 4 16 7 7 19 17 8 21 8 28 18 9 28 19 29 10 28 20 23 7 11 30 1 22 12 30 22 0 7 11 14 14 24 2 15 15 25 14 30 12 16 31 26 6 18 27 18 0 15 28 13 28 2 16 29 15 16 11 2 30 4 22 4 8 31 4 9 4 20 4 21 14 5 6 2 6 8 24 25 18 30 28 30 31 30 22 28 30 18 28 30 21 31 31 31 30 30 31 30 31 30 12 30 12 31 8 31 11 24 31 31 16 17 31 25 28 0
11 0 8 12 18 17 7 9 28 25 16 28 30 1 29 1 10 26 2 11 2 15 17 12 3 27 12 13 4 14 1 20 5 31 5 2 6 23 3 22 6 7 20 17 8 30 8 5 6 9 21 19 27 10 9 3 7 26 11 21 26 22 2 22 23 13 9 30 26 26 6 24 15 2 15 25 11 2 26 26 9 17 27 27 1 17 18 28 9 13 18 29 5 14 14 21 30 14 17 16 31 3 21 15 16 4 20 7 11 5 3 3 22 13 7 3 6 30 30 29 31 8 31 28 30 23 28 31 14 16 31 29 31 30 27 30 19 20 30 4 13 30 27 30 30 0 30 6 24 30 2 5 31 1 31
12 18 19 31 30 14 16 16 22 19 15 30 28 14 1 14 29 24 18 2 11 1 27 3 3 19 3 13 4 1 14 20 5 15 28 15 6 0 6 6 7 16 27 7 8 25 8 18 3 9 22 19 19 10 9 30 20 7 11 25 12 22 22 12 8 13 11 23 27 11 14 24 0 30 4 16 25 12 26 5 15 17 5 0 27 9 11 19 28 18 29 31 29 29 21 10 21 30 8 6 13 31 7 31 6 13 17 4 17 5 2 11 1 8 5 17 12 31 30 30 30 30 30 30 6 30 6 27 30 9 30 20 31 30 30 2 30 27 30 0 30 18 3 30 29 4 3 30 7 19 30 4 20 30 0
14 24 9 14 14 9 20 7 23 30 18 11 14 1 29 1 12 12 16 2 24 2 21 12 3 12 17 13 4 0 1 17 14 5 14 29 15 6 2 5 30 7 27 17 8 6 19 30 9 9 5 19 10 8 2 20 11 20 11 31 29 2 12 22 1 2 13 23 23 8 3 31 24 31 2 16 11 6 8 26 16 17 9 27 7 9 18 28 0 10 17 29 20 29 10 2 30 18 30 18 8 20 31 0 23 24 24 14 17 25 6 21 14 9 4 0 26 30 30 30 31 31 31 30 30 28 30 5 10 30 10 30 30 30 30 31 31 31 12 30 19 10 30 19 30 31 27 31 10 30 17 31 16 6 12
16 15 26 7 16 7 27 17 0 9 8 17 15 20 1 31 10 21 30 2 31 18 22 3 3 3 13 30 4 28 20 27 5 1 5 15 28 6 25 16 2 7 30 28 23 17 8 27 30 9 24 19 29 10 7 20 11 26 11 27 12 22 31 13 2 13 23 31 31 31 14 24 9 2 25 31 25 16 30 26 13 16 14 27 17 0 28 16 10 13 20 20 29 11 21 14 30 14 0 22 13 31 20 13 23 15 16 4 11 5 25 5 3 6 26 25 22 31 30 30 30 30 18 30 27 30 29 30 30 30 30 31 30 30 30 30 30 30 31 31 13 30 28 30 26 31 31 31 30 30 30 30 31 31 31
14 27 31 14 27 16 23 27 16 16 9 29 10 1 16 1 11 14 10 2 2 24 30 3 3 3 12 29 4 21 0 14 5 25 5 21 6 4 1 22 16 7 19 23 8 8 24 18 30 9 31 9 19 10 30 21 6 30 21 30 21 12 22 7 5 13 30 23 12 14 24 3 15 10 29 25 0 1 31 26 17 27 8 27 18 1 16 28 19 16 1 29 11 29 20 21 0 30 17 19 3 12 31 23 11 12 7 1 5 5 25 3 22 1 24 26 17 31 30 30 30 30 19 31 23 31 18 30 30 9 30 27 30 3 31 27 30 21 30 14 31 30 10 30 12 23 30 24 1 15 30 17 26 30 5
14 21 25 21 11 14 20 16 30 31 21 0 31 9 1 13 30 16 12 2 22 28 12 24 3 12 16 20 4 4 4 14 5 14 5 5 6 5 6 23 16 17 16 29 8 7 8 22 23 9 30 19 10 19 7 4 20 10 11 28 12 27 12 22 3 13 31 23 5 6 24 25 6 15 25 0 25 16 26 9 26 6 31 12 27 6 31 28 1 16 2 2 29 21 21 12 30 16 19 22 12 3 31 21 1 23 4 3 14 7 14 6 1 6 16 27 17 6 30 10 30 5 30 31 30 28 30 30 30 30 30 30 9 30 30 30 30 30 30 29 30 6 30 31 31 5 31 16 31 6 31 29 30 30 24
0 15 11 17 29 18 17 7 12 21 0 10 10 1 1 19 20 1 19 2 20 21 21 3 17 3 24 28 13 4 15 13 1 5 0 27 15 6 1 26 7 7 7 31 17 30 18 20 9 18 1 23 9 31 10 20 21 2 11 31 5 11 10 22 23 31 23 25 23 14 2 1 24 3 30 9 8 0 0 26 31 9 27 18 11 18 19 28 28 28 9 20 29 29 3 2 16 30 11 5 3 31 22 10 9 24 8 22 4 15 18 17 16 5 4 1 6 26 30 31 30 28 30 18 30 30 30 31 31 2 31 27 31 22 31 31 30 2 30 23 25 30 11 30 14 30 0 10 30 22 14 30 17 31 30
14 5 16 29 15 13 20 8 28 14 8 28 24 1 9 1 20 31 17 2 31 16 23 25 3 12 28 28 4 4 4 18 5 28 16 20 6 15 21 19 18 6 7 7 17 8 7 29 4 9 24 0 19 20 30 7 11 6 29 21 12 12 12 7 22 13 13 23 2 29 24 15 12 25 15 9 25 25 6 26 26 11 28 18 27 17 28 19 29 28 19 9 14 29 16 21 8 30 18 20 16 3 31 9 3 19 15 15 13 19 5 2 20 16 9 12 7 31 30 30 31 29 30 27 30 30 30 20 30 19 16 30 5 30 27 31 31 30 31 30 15 30 10 29 30 2 11 11 30 11 24 15 30 18 31
12 17 5 8 27 27 27 22 13 29 24 24 24 20 1 29 11 23 14 2 17 31 29 3 12 3 19 17 4 19 18 19 5 14 25 17 23 6 16 6 16 7 22 19 18 8 2 18 20 9 27 3 10 20 10 20 30 11 30 21 27 12 28 22 23 12 11 30 23 14 24 14 24 3 25 15 28 16 26 31 26 5 27 27 27 18 19 12 28 6 14 20 29 29 31 20 2 30 18 3 14 31 5 31 7 1 1 21 8 24 14 25 15 6 22 10 23 31 30 16 30 8 30 3 30 21 30 27 30 25 30 2 30 24 30 24 31 31 29 12 30 27 6 24 30 25 29 8 30 4 30 25 31 12 23
8 17 11 26 30 12 19 27 31 26 16 18 17 1 30 1 14 17 12 2 18 29 26 3 23 31 13 14 4 3 0 22 5 16 2 19 6 15 6 6 0 7 29 29 31 7 8 18 1 9 24 6 27 19 23 11 30 11 21 22 30 12 12 26 22 5 26 1 7 23 12 15 12 24 15 25 13 16 0 2 26 8 8 17 27 31 6 19 29 28 15 20 20 7 29 16 30 20 30 19 17 11 5 31 12 17 18 23 11 25 16 0 3 7 21 10 6 0 31 30 30 31 30 31 30 15 30 21 21 30 14 31 30 14 30 22 3 9 30 2 20 30 29 30 12 30 28 8 30 26 30 9 30 30 2
14 13 23 24 28 22 27 27 8 20 17 11 18 29 1 9 14 10 12 2 18 15 2 3 2 3 27 14 4 16 25 14 5 14 5 26 25 6 16 26 25 7 30 27 17 8 24 23 2 27 9 30 10 19 10 28 4 11 6 21 25 31 12 22 13 27 9 23 14 7 5 24 15 3 5 15 25 14 2 16 26 9 27 9 27 27 28 12 19 28 19 29 20 29 16 16 7 21 30 22 20 31 12 12 2 20 22 3 14 5 14 10 20 5 6 13 19 28 30 19 30 31 30 30 30 30 4 30 25 27 30 22 30 25 31 15 11 30 23 30 3 31 26 31 28 31 1 31 29 31 31 31 31 30 8
5 8 27 27 26 11 14 9 25 23 31 17 30 1 1 1 1 28 2 26 2 17 14 25 3 12 23 2 2 4 19 14 20 5 29 15 16 6 0 26 31 7 17 31 8 23 18 5 18 9 8 5 10 10 10 20 3 4 22 21 12 25 31 12 11 6 8 23 14 1 14 9 24 14 7 16 16 8 26 17 26 17 2 14 27 27 16 28 29 28 9 20 20 29 2 2 18 30 17 14 31 14 22 31 5 3 5 24 3 16 5 19 21 16 23 2 22 31 30 17 30 28 31 7 31 18 31 30 30 30 22 31 17 31 30 31 19 29 31 31 20 30 1 30 25 31 30 12 31 8 19 30 5 20 16
16 12 18 28 14 6 7 0 22 15 16 19 12 1 14 1 16 10 11 2 20 31 11 20 3 12 31 4 4 0 4 14 14 5 14 4 6 22 6 16 28 7 18 21 17 8 1 19 24 30 5 19 10 24 24 30 20 11 7 6 6 10 27 22 13 25 5 13 28 8 14 8 24 15 7 16 25 1 26 1 13 31 15 18 27 8 18 28 9 5 12 20 29 15 19 2 30 21 12 5 11 31 15 31 22 14 0 21 24 14 25 23 11 1 7 14 1 31 30 19 13 30 17 11 30 24 31 27 30 10 30 24 30 20 30 8 30 24 30 5 22 30 2 29 7 30 26 31 30 1 30 18 30 5 23
19 9 11 23 25 18 27 15 16 7 8 17 16 1 11 1 20 27 22 2 12 11 16 18 3 1 25 20 13 4 1 15 27 16 5 16 26 6 31 19 7 16 7 4 28 8 21 18 9 18 30 7 10 27 10 20 20 21 5 21 12 9 22 8 10 6 23 2 23 14 7 0 24 14 10 1 25 16 28 14 16 10 11 27 12 7 19 28 14 28 6 20 29 13 20 21 30 12 30 20 12 31 1 31 0 24 12 2 0 4 8 3 1 20 6 17 20 14 30 30 30 31 30 30 30 30 24 30 28 31 31 23 30 5 30 5 30 30 31 22 30 29 24 30 13 1 30 2 0 30 21 6 10 12 1
16 31 25 6 26 29 14 31 18 13 17 8 21 1 1 1 1 30 18 2 13 22 13 3 31 18 31 4 13 4 14 14 5 5 5 15 6 23 6 16 27 7 16 18 17 8 3 30 9 26 9 9 19 10 20 29 20 11 4 28 12 4 22 25 27 13 23 13 7 12 24 4 24 24 30 14 11 16 12 26 13 16 28 13 27 18 12 6 28 20 16 29 1 29 20 18 30 12 30 1 3 16 31 19 4 13 4 1 5 0 9 15 7 19 5 17 21 27 30 30 30 30 31 30 8 30 30 30 31 31 28 30 29 3 30 12 11 30 2 30 24 30 12 23 30 11 19 28 30 8 3 30 16 31 0
