7 11 20 20 13 7 17 30 9 14 28 30 9 9 1 22 16 19 2 2 2 15 21 12 3 13 12 12 17 4 29 14 30 5 21 17 15 6 15 20 18 25 21 22 8 7 8 8 18 4 9 25 20 26 2 10 11 9 31 11 25 12 2 22 23 29 3 9 14 30 14 2 4 25 15 0 16 8 26 16 26 27 18 27 7 0 8 28 19 9 9 29 5 16 12 30 14 30 22 31 10 9 17 2 32 19 32 24 16 21 24 6 26 22 4 14 26 20 25 4 21 32 31 28 8 31 27 30 0 31 1 22 32 29 32 7 32 22 31 31 32 32 31 22 31 11 24 31 15 31 11 31 25 4 31 20 13 31 21 6
28 25 11 6 10 29 10 18 14 20 10 28 30 1 1 9 1 11 16 2 30 12 28 3 24 3 0 21 21 4 18 32 26 5 19 29 5 6 3 16 29 7 17 1 17 8 0 18 27 23 9 4 3 26 10 5 20 28 11 21 12 22 1 26 13 0 23 4 14 29 9 24 6 1 6 11 29 16 12 26 15 17 27 27 14 15 6 29 28 10 11 20 2 12 32 13 30 20 18 8 17 31 8 8 0 3 32 24 21 15 14 11 10 13 1 19 27 3 14 22 6 32 31 31 31 19 31 18 30 31 2 31 31 31 31 31 20 31 9 3 32 31 31 11 25 12 31 11 5 4 31 19 23 31 12 6 25 19 26 2
32 26 29 26 7 8 20 32 13 22 8 32 22 11 1 13 9 29 25 2 22 11 26 20 3 18 25 1 4 31 22 3 5 25 15 26 15 6 16 0 29 7 21 7 32 17 8 1 18 9 21 23 19 20 28 10 11 20 32 11 21 0 11 13 22 13 13 8 12 14 12 6 6 1 25 4 15 16 11 26 31 31 27 17 3 18 11 28 7 9 12 9 29 11 17 30 22 30 2 7 17 31 14 12 3 12 32 15 25 8 5 20 10 15 10 5 5 21 14 14 25 32 31 32 32 18 31 29 31 5 31 31 31 31 31 31 4 31 26 13 31 28 0 11 31 11 30 11 31 21 12 15 6 31 25 10 20 7 17 2
21 6 13 27 6 6 14 24 12 10 10 24 16 29 1 13 16 26 2 2 2 13 17 23 3 24 28 21 4 25 23 14 5 14 5 15 6 27 6 16 2 7 17 3 17 8 18 28 21 21 19 7 10 27 3 20 5 11 4 21 12 0 31 25 1 13 23 23 32 14 25 24 0 12 25 0 25 16 29 26 17 27 4 27 27 0 28 16 4 19 6 29 15 19 20 3 30 14 21 31 9 31 8 23 8 3 32 16 3 22 23 16 13 16 22 15 26 2 6 26 27 31 31 32 31 31 31 31 31 31 31 20 31 18 14 31 27 11 31 30 31 7 31 10 31 15 32 20 32 32 32 31 31 10 24 3 0 31 4 17
27 31 19 12 7 26 13 17 28 30 0 32 14 1 20 1 30 27 18 2 11 11 26 23 3 24 22 2 4 4 15 1 5 5 1 15 27 6 27 1 7 29 7 21 17 8 18 27 31 9 27 1 19 1 10 2 31 11 21 8 6 8 0 22 13 12 30 13 29 7 24 15 29 25 15 30 7 1 16 26 32 31 27 15 18 28 28 28 18 13 19 29 15 11 30 4 17 22 22 18 31 5 16 23 32 0 17 2 3 4 13 19 14 5 23 18 27 6 16 24 32 32 7 32 1 32 32 31 31 31 31 31 28 31 22 31 31 32 31 32 10 32 21 32 19 32 31 31 0 14 31 28 14 4 31 30 12 32 19 28
7 0 20 27 0 27 8 28 18 19 23 20 14 20 1 30 20 26 12 2 32 18 23 15 3 17 20 1 13 4 19 4 31 5 21 28 2 6 16 2 16 7 7 17 0 26 8 20 9 19 25 1 20 10 27 31 20 21 31 23 12 22 12 28 29 13 23 32 8 31 25 24 25 11 1 11 16 26 5 26 6 17 29 27 32 9 11 28 15 12 20 29 3 20 12 30 7 7 19 2 31 11 16 9 32 19 21 16 3 7 19 12 5 12 21 21 9 23 25 0 32 31 29 32 17 32 11 20 32 26 31 31 28 31 31 1 31 21 31 15 13 31 30 30 31 5 31 31 23 31 24 24 31 25 8 20 31 13 6 7
17 27 26 6 18 25 24 19 8 8 23 9 27 1 1 20 1 22 2 2 11 2 11 19 3 20 16 14 4 13 17 13 5 5 15 1 5 6 15 2 7 19 0 18 17 8 8 1 9 8 9 19 22 27 7 20 6 11 1 21 10 31 11 24 22 13 3 25 23 9 10 24 28 5 25 13 11 9 26 15 2 6 18 27 18 5 32 28 8 8 15 20 29 16 31 32 30 21 22 2 31 23 31 14 11 32 32 32 18 13 18 25 24 7 19 4 4 6 24 27 21 32 31 31 31 31 31 4 31 2 30 31 25 32 32 31 22 31 22 31 24 31 10 31 29 32 32 12 31 7 15 31 13 22 31 28 11 31 5 24
9 9 27 8 0 28 28 21 27 21 23 21 30 1 23 1 14 11 31 2 18 1 20 23 3 2 12 17 4 24 4 0 5 5 5 27 26 6 26 29 16 7 29 6 8 25 8 2 3 18 9 32 29 30 10 24 20 3 11 12 12 10 12 22 22 23 29 12 14 32 24 32 24 12 14 3 25 16 15 16 4 11 27 16 17 32 7 18 28 11 16 29 2 30 21 18 21 30 6 2 31 6 9 11 4 6 32 15 13 4 15 23 20 0 5 3 2 14 2 25 16 28 31 32 31 23 31 1 6 31 11 31 21 32 31 31 22 31 0 31 31 29 31 18 31 26 31 24 14 31 28 1 32 8 13 32 13 12 32 31
13 11 27 21 29 18 28 28 21 29 9 8 8 21 1 21 32 30 2 11 2 23 11 15 3 15 29 13 4 25 13 15 5 32 5 23 27 2 6 25 17 7 18 31 17 24 18 3 9 18 9 31 32 10 20 30 1 11 4 25 24 12 12 22 7 9 31 14 30 14 24 25 24 10 15 25 31 31 31 26 31 11 18 27 18 18 16 8 28 15 20 15 29 5 21 30 21 30 22 2 31 21 23 11 3 24 32 24 0 4 13 8 1 18 4 26 14 27 28 15 15 31 32 31 31 32 31 31 31 31 30 31 9 31 20 32 32 27 31 0 32 32 14 31 22 31 8 32 14 31 31 9 32 25 20 32 28 32 31 16
27 18 27 12 31 7 9 21 0 10 29 27 10 1 17 1 30 14 12 2 24 16 21 3 12 3 1 27 4 14 13 21 26 5 28 24 15 6 3 23 27 32 7 32 32 25 8 31 9 3 19 6 5 2 10 4 31 21 11 21 32 3 12 3 22 31 13 2 3 31 24 7 15 25 15 25 31 16 26 26 5 0 27 18 11 10 28 2 12 32 29 29 19 15 19 10 30 21 12 2 31 13 5 3 32 23 23 21 9 14 13 11 26 3 0 18 6 6 20 24 27 32 31 32 32 24 31 3 31 29 31 17 27 31 4 20 31 8 32 31 32 32 25 31 32 31 31 32 32 31 30 31 16 31 15 31 15 32 0 26
30 18 31 27 6 0 0 10 10 25 23 20 0 30 1 29 17 10 13 2 27 19 12 2 3 12 12 14 4 26 14 20 15 14 5 3 19 6 24 16 27 16 7 3 8 5 8 32 2 9 31 19 22 10 4 20 1 20 3 1 29 12 9 22 1 13 23 32 5 7 7 24 28 10 25 16 25 8 16 26 10 32 17 27 18 14 1 28 6 14 17 9 29 18 20 17 30 21 0 3 0 31 16 1 13 32 10 32 25 10 19 15 1 2 18 19 19 5 21 27 20 31 31 31 32 31 31 32 32 29 22 28 20 31 6 27 31 23 31 31 31 19 31 22 2 32 31 31 20 8 27 12 31 26 8 31 32 4 13 26
29 28 15 32 27 19 30 31 31 13 13 11 29 1 13 1 18 26 31 2 23 11 22 23 3 19 30 13 4 27 4 3 5 4 5 26 15 6 26 24 7 7 31 17 8 17 31 18 9 9 29 9 3 30 20 21 11 7 0 32 3 12 23 0 22 13 1 3 28 14 2 24 31 8 25 3 25 13 14 26 29 30 18 27 18 13 13 28 9 19 1 11 29 5 30 32 30 30 17 22 12 31 10 17 23 32 21 32 1 19 25 19 22 22 6 3 12 18 0 17 15 31 31 31 32 31 31 31 32 31 31 32 21 31 8 18 31 20 26 31 31 32 22 31 29 31 13 31 12 11 31 31 25 7 22 16 21 12 26 18
0 15 32 17 6 10 23 18 27 26 26 30 13 11 1 10 12 15 2 32 2 16 11 32 3 30 12 17 4 25 29 2 5 21 5 20 15 6 2 19 3 7 27 7 29 8 18 27 18 9 32 19 4 19 10 5 20 11 30 31 22 12 7 12 10 23 30 31 26 14 31 24 15 9 3 25 28 16 26 3 27 16 27 12 27 18 11 8 28 11 20 20 29 29 21 30 19 30 2 7 3 31 13 3 3 32 24 32 13 13 10 25 24 14 20 18 18 21 3 28 15 31 32 31 31 26 31 2 31 21 31 9 31 19 31 31 32 32 31 31 32 31 3 31 23 31 15 1 8 25 31 27 25 32 25 13 31 16 4 17
10 5 26 13 7 18 10 19 17 20 22 9 19 1 9 1 15 16 2 32 2 11 22 20 3 16 23 24 1 4 14 1 14 5 2 20 15 6 25 19 21 7 26 17 2 8 22 18 32 28 9 19 0 10 20 6 11 31 11 1 0 12 22 31 13 13 23 23 23 14 2 24 9 15 25 1 31 16 7 26 14 27 2 0 12 9 28 19 32 10 32 29 20 3 30 8 1 20 16 22 6 31 22 32 3 14 1 4 12 25 22 25 14 5 15 25 20 18 27 27 22 31 32 29 31 26 31 28 32 8 31 31 30 31 28 31 11 31 31 22 31 29 32 31 31 29 32 31 31 31 4 31 20 31 18 32 32 31 31 32
9 19 17 27 11 19 28 28 32 18 14 29 28 1 22 1 0 15 25 2 25 26 11 24 3 12 25 16 4 27 4 25 5 26 5 4 15 21 6 6 7 7 31 1 30 8 2 18 20 24 9 9 3 26 3 20 30 11 30 12 12 22 11 4 23 12 32 23 14 0 27 31 27 25 0 6 16 29 26 10 32 0 1 27 11 10 18 28 19 7 6 29 8 1 16 30 16 9 1 2 31 17 11 23 11 32 14 4 13 17 5 25 23 17 14 8 7 22 26 27 32 31 25 31 25 29 31 18 5 30 31 20 3 4 31 3 31 30 31 11 30 31 27 3 31 26 2 32 23 32 25 4 3 31 15 6 17 7 19 12
0 9 24 29 7 19 31 15 30 21 16 16 21 14 1 0 20 15 2 27 2 32 32 3 32 3 3 13 4 4 1 28 14 5 21 3 1 6 24 28 0 7 25 30 17 8 1 27 9 9 20 32 19 10 26 24 4 11 3 21 23 9 22 6 13 13 23 31 23 14 24 31 15 25 27 25 11 16 29 26 31 15 17 27 0 9 15 28 19 8 10 7 29 14 13 8 30 1 2 31 14 31 7 3 3 20 32 23 16 21 25 16 16 25 15 26 3 4 24 5 2 31 32 31 0 31 20 0 31 30 31 31 31 31 31 31 28 31 21 31 23 32 31 6 31 26 31 24 32 31 8 31 9 0 9 31 20 24 11 12
7 10 20 22 30 7 13 25 14 24 19 23 28 1 1 26 31 10 2 1 2 32 24 3 32 3 30 4 3 4 21 22 5 14 1 15 6 6 24 32 28 7 17 7 8 7 8 18 4 9 31 32 10 22 29 21 20 11 10 22 29 32 1 12 32 11 23 2 14 24 14 4 26 0 25 31 16 4 26 30 27 0 17 27 5 7 4 28 29 29 29 32 8 20 19 30 6 2 11 31 22 20 23 17 32 3 32 24 3 10 21 2 0 6 2 14 6 20 15 28 32 31 2 31 12 31 29 31 0 31 31 32 32 29 31 1 19 31 9 0 31 14 22 31 30 19 31 30 18 31 13 23 31 27 3 31 15 27 31 23
30 12 31 8 31 10 0 0 12 14 11 19 30 1 31 1 19 12 2 10 10 2 21 32 3 12 17 20 4 14 15 18 14 20 5 2 6 23 19 3 21 16 7 28 1 18 8 19 28 2 0 19 9 10 22 26 20 29 21 12 12 5 12 5 22 13 24 4 7 8 24 9 5 0 2 25 16 31 26 4 26 27 18 7 18 30 15 28 12 29 11 3 29 20 17 16 30 12 22 22 16 31 2 6 24 24 32 21 4 14 24 15 1 26 12 16 8 23 19 0 4 32 31 31 0 31 1 31 30 31 31 31 32 31 31 0 25 31 7 12 31 31 31 31 15 32 24 32 31 31 24 31 30 32 31 25 31 31 15 32
14 8 0 27 18 13 28 28 14 29 29 23 9 20 1 17 16 29 16 2 22 23 0 3 32 3 22 23 4 22 25 14 5 14 1 5 6 6 16 6 7 4 7 17 30 8 4 24 4 24 9 19 10 3 20 25 21 11 2 29 29 12 5 22 13 28 13 0 4 29 24 4 29 15 25 31 30 16 26 31 26 9 0 27 18 13 28 28 28 15 29 9 29 20 17 30 8 19 22 2 22 31 4 22 32 4 22 23 23 1 25 25 25 4 0 5 6 26 3 6 7 31 32 31 31 31 31 31 32 30 31 5 31 26 31 31 31 31 4 31 29 31 24 31 31 13 32 27 27 32 24 32 32 32 31 31 14 31 26 31
7 11 15 27 10 13 24 20 7 7 15 14 0 14 1 9 15 20 10 2 31 18 13 3 28 3 12 22 13 4 19 14 15 5 18 24 6 6 6 21 22 2 7 3 21 8 18 19 26 4 9 4 31 10 29 2 8 11 21 31 12 22 12 22 22 13 13 14 14 29 27 24 15 0 26 26 5 32 26 17 30 8 18 27 18 11 32 28 18 29 15 20 29 20 1 30 12 20 2 14 31 5 7 3 3 32 23 4 22 4 25 8 18 13 19 19 25 13 22 24 6 32 31 28 31 6 27 31 30 32 31 28 31 10 31 31 31 31 31 31 31 31 32 31 31 32 31 23 31 19 31 31 32 30 31 31 4 32 26 32
4 9 15 14 9 18 18 28 32 28 15 18 9 1 10 1 18 16 10 2 23 2 12 3 3 21 18 4 19 4 3 14 5 14 0 19 6 22 6 27 7 17 7 21 23 31 8 26 18 23 19 1 10 20 21 29 10 31 11 21 31 5 22 31 25 23 5 23 14 4 31 24 25 15 30 5 32 5 4 26 17 3 2 27 31 13 18 28 14 15 12 29 20 4 7 30 4 19 0 17 31 0 11 32 5 2 32 24 5 10 1 12 23 14 20 21 15 19 1 28 6 31 32 32 32 32 32 31 31 16 31 29 32 31 31 32 31 31 32 32 31 12 31 31 32 20 31 31 14 31 31 32 31 13 32 13 32 10 31 14
32 11 10 27 18 20 0 31 17 15 11 24 9 1 9 1 18 11 24 2 24 31 1 3 32 3 31 12 4 14 3 29 5 28 2 15 5 6 32 16 27 7 17 25 0 8 32 18 18 20 25 19 7 10 31 4 10 11 11 31 21 30 12 22 6 31 13 14 13 14 25 24 15 11 12 25 9 26 4 17 26 30 27 27 27 18 15 28 17 12 7 29 15 20 14 15 30 6 31 22 14 31 0 12 18 32 13 32 15 12 3 0 15 15 12 16 15 26 16 13 1 31 31 31 32 32 32 31 32 31 31 31 32 31 14 31 0 31 32 31 32 18 31 31 25 31 19 31 7 24 32 14 13 32 11 5 23 31 21 17
11 0 27 11 8 7 8 17 12 15 22 19 0 15 1 11 14 20 25 2 13 11 11 11 3 29 27 24 2 4 29 22 14 5 23 15 16 29 6 16 7 30 7 26 20 8 32 18 19 8 9 22 31 31 20 31 11 11 11 21 1 12 5 2 7 31 23 31 14 7 24 25 15 1 30 25 26 26 16 17 31 32 27 10 1 7 28 19 16 29 13 29 2 20 30 21 17 14 18 21 31 4 14 14 23 32 14 24 18 22 23 19 0 5 21 21 27 1 15 25 17 32 31 32 29 32 18 25 31 29 31 6 31 10 32 32 32 31 31 31 31 12 31 30 28 31 23 31 32 32 32 18 31 1 31 19 31 31 16 32
15 17 12 27 7 22 31 18 8 31 13 19 29 1 14 1 16 14 21 2 31 11 2 18 25 3 1 0 4 32 18 2 20 5 15 30 25 21 5 16 7 22 7 17 31 8 8 18 5 25 9 20 30 5 29 10 20 21 11 3 21 12 3 22 32 13 5 23 14 31 14 24 24 25 30 25 16 5 2 26 17 6 12 27 14 11 28 16 13 6 29 31 29 32 18 30 17 31 21 31 14 31 13 23 32 0 32 23 15 20 5 17 18 0 15 22 27 5 10 25 32 31 22 31 31 32 32 29 31 5 15 31 5 32 32 31 31 32 31 5 31 23 18 31 21 31 31 32 31 24 31 21 25 24 31 15 24 32 2 6
27 0 7 30 24 13 20 8 9 9 14 29 9 1 21 1 10 11 32 2 24 26 11 3 3 3 12 29 4 28 25 15 5 14 5 3 17 6 16 25 27 7 6 32 17 8 32 18 24 9 21 26 21 10 31 2 32 0 11 21 5 8 24 22 13 8 23 23 31 14 24 2 30 15 25 31 25 28 26 17 11 17 11 27 18 14 1 28 19 3 29 7 12 29 6 10 21 9 21 2 1 31 23 11 32 3 24 32 15 20 25 11 2 25 2 3 17 0 23 24 6 31 32 31 32 32 32 31 31 31 32 32 31 32 32 31 32 32 32 31 30 31 16 30 31 8 3 31 3 31 32 32 2 32 22 5 31 1 28 7
28 6 14 19 15 7 26 14 22 17 17 18 28 29 1 24 30 14 20 2 22 24 13 3 24 3 13 27 4 13 22 22 16 5 16 4 6 29 16 17 7 16 7 24 22 8 1 32 18 9 2 27 10 30 10 4 22 11 5 21 31 12 27 24 22 28 23 13 11 14 24 31 24 7 15 9 25 10 8 26 14 6 14 27 18 11 9 28 0 32 29 1 18 30 0 20 30 18 7 2 22 31 8 3 20 1 32 24 4 12 21 26 0 24 18 24 27 4 15 8 6 32 31 7 31 18 31 31 32 31 31 32 32 29 32 27 32 31 31 31 32 31 18 31 26 31 32 32 7 32 24 31 24 31 0 2 32 19 16 30
25 9 30 21 7 28 16 31 9 20 10 8 20 11 1 23 14 17 19 2 30 31 17 23 3 16 15 24 4 18 25 15 5 15 5 15 18 6 18 0 16 32 7 30 22 8 18 19 18 9 21 6 19 10 31 10 22 11 21 12 12 23 22 23 4 13 23 0 14 14 7 24 15 3 25 26 15 10 7 26 14 17 30 27 31 6 28 28 11 18 10 29 20 8 1 30 17 3 31 21 0 31 22 32 23 3 32 0 21 18 16 12 5 10 24 25 4 24 18 7 31 31 31 30 32 29 32 31 31 31 32 32 31 31 31 31 32 28 32 12 31 31 22 31 32 32 31 31 10 31 13 31 31 24 32 31 32 26 32 30
20 13 27 21 26 16 15 29 10 8 30 22 10 18 1 25 25 32 12 2 11 11 31 3 23 3 0 30 4 14 16 19 21 5 21 15 4 6 15 16 32 7 18 27 0 8 18 8 25 7 21 9 25 10 20 31 11 1 0 6 21 12 32 22 12 30 7 23 13 14 24 14 24 15 25 15 15 26 17 26 10 17 27 18 7 7 18 28 1 16 18 29 20 1 19 30 30 30 31 2 22 31 14 32 0 5 32 18 24 14 23 22 7 23 3 2 1 20 15 20 20 31 32 31 31 31 31 29 31 15 31 19 31 12 31 31 32 9 19 31 18 7 31 22 22 31 20 31 30 31 24 19 31 13 9 31 3 29 32 26
6 16 12 15 9 9 17 28 12 0 9 8 18 1 1 21 1 24 2 18 2 11 19 3 13 21 17 26 4 17 4 23 5 15 5 15 6 15 6 30 25 7 17 26 17 31 8 24 1 9 31 32 19 6 0 5 11 31 11 21 26 1 27 29 12 13 23 25 31 25 9 24 3 15 13 11 25 26 32 7 27 17 27 27 14 7 16 28 7 3 29 18 29 20 13 21 30 8 6 4 3 31 1 3 17 32 0 7 3 15 18 0 15 17 24 6 16 19 6 7 28 32 23 31 30 31 21 32 7 31 31 20 31 10 30 31 20 30 31 21 31 6 31 32 9 31 18 29 31 27 31 24 31 18 26 31 26 32 6 27
15 5 20 27 6 32 18 12 8 10 16 23 30 1 14 1 12 31 2 10 2 28 11 21 3 24 14 25 4 13 19 18 5 3 5 26 6 20 17 1 16 7 28 22 7 17 24 24 9 18 26 9 20 10 8 5 5 32 30 32 12 31 12 22 26 13 29 7 14 23 6 0 24 30 25 10 25 11 9 16 4 13 3 27 6 19 18 19 28 10 19 29 29 29 8 20 30 7 0 9 5 31 3 2 32 4 20 0 25 18 19 12 5 1 26 19 6 16 2 1 29 32 21 31 8 12 32 31 31 18 28 31 31 31 31 6 31 9 31 18 31 21 0 31 16 23 31 30 32 11 31 4 31 6 8 32 16 18 24 0
