n,sample_index,max_fidelity,ttime,cpu_time,generations
8,0,0.9909079321990869,36.00000000,11.82260156,12
8,1,0.9918975063912909,35.00000000,8.08610487,10
8,2,0.9905321383331598,35.00000000,8.83452249,11
8,3,0.9913115817236308,36.00000000,8.04188657,10
8,4,0.9907408970225356,35.00000000,9.64632344,12
8,5,0.9907067099051462,38.00000000,9.73006463,12
8,6,0.9909244691120379,35.00000000,8.05412316,10
8,7,0.9903515978041358,35.00000000,8.90611005,11
8,8,0.9965499396696824,35.00000000,7.27946186,9
8,9,0.9943895242600626,35.00000000,8.90099120,11
8,10,0.9948107624499257,35.00000000,7.26733971,9
8,11,0.9962022246799636,35.00000000,8.08671093,10
8,12,0.9910439963969879,38.00000000,9.79530764,12
8,13,0.9906728125633143,35.00000000,7.24253917,9
8,14,0.9901356913899011,36.00000000,8.90348625,11
8,15,0.9936249829863628,38.00000000,8.08599091,10
8,16,0.9903205610266295,38.00000000,8.89777040,11
8,17,0.9914670645597261,35.00000000,9.79295611,11
8,18,0.9919619909493024,35.00000000,9.22961044,11
8,19,0.9943073250672569,35.00000000,7.21906614,9
8,20,0.990304932984591,35.00000000,8.02556133,10
8,21,0.991565830902599,36.00000000,8.14418793,10
8,22,0.9936015082363829,35.00000000,8.96270990,11
8,23,0.9905310225101897,35.00000000,9.75143099,12
8,24,0.9917083198456675,36.00000000,8.11106586,10
8,25,0.9910755077591061,37.00000000,8.86425018,11
8,26,0.9934104178186518,37.00000000,9.75811815,12
8,27,0.9938237025333562,35.00000000,7.24731374,9
8,28,0.9944095743582623,35.00000000,7.25933218,9
8,29,0.9911536978113753,35.00000000,9.74642515,12
9,0,0.9908007697352209,39.00000000,8.41271591,10
9,1,0.9930961941526673,39.00000000,9.94532681,12
9,2,0.9925715769381132,40.00000000,9.13917375,11
9,3,0.9945518984305913,39.00000000,10.04914927,12
9,4,0.9900300254425611,39.00000000,8.25499177,10
9,5,0.9900720301052005,39.00000000,9.24810004,11
9,6,0.9913425796578993,40.00000000,10.85470223,13
9,7,0.9912888365204406,41.00000000,10.22426510,12
9,8,0.9913410202440621,39.00000000,10.20018983,12
9,9,0.9911917168104611,40.00000000,10.14349079,12
9,10,0.9921031681614473,45.00000000,10.17987609,12
9,11,0.9917305623324513,39.00000000,10.23909116,12
9,12,0.991207813217391,39.00000000,7.65227914,9
9,13,0.994599048790308,39.00000000,10.24003100,12
9,14,0.9903837995269673,39.00000000,9.31921625,11
9,15,0.9902120245807158,39.00000000,10.19234252,12
9,16,0.9915818212963119,42.00000000,10.17148709,12
9,17,0.9901851366470752,39.00000000,11.96178198,14
9,18,0.9927876905250457,39.00000000,9.32091570,11
9,19,0.992860107225163,41.00000000,10.24502420,12
9,20,0.9913306931702585,40.00000000,12.08521223,14
9,21,0.9900993998078534,39.00000000,6.77841449,8
9,22,0.9906817332257754,43.00000000,9.30162859,11
9,23,0.9929306206725689,40.00000000,10.20169449,12
9,24,0.992215002560869,40.00000000,11.95321178,14
9,25,0.9919511476056292,40.00000000,10.30786991,12
9,26,0.9926183939347218,40.00000000,8.48461413,10
9,27,0.9917301756311419,39.00000000,9.39253950,11
9,28,0.9927902875962414,39.00000000,9.34215140,11
9,29,0.9904759199781564,39.00000000,8.52336693,10
10,0,0.9925403129503167,50.00000000,12.72597694,15
10,1,0.9903480137673095,43.00000000,9.30483174,11
10,2,0.9907974275593091,43.00000000,11.06619310,13
10,3,0.9916415198706677,44.00000000,10.23542523,12
10,4,0.992450437953886,44.00000000,11.03754616,13
10,5,0.9907490529183328,43.00000000,11.01890135,13
10,6,0.9904356312563346,42.00000000,11.92545915,14
10,7,0.9916553776083613,44.00000000,10.13892412,12
10,8,0.9914948156135408,46.00000000,11.01416993,13
10,9,0.9906530083928836,43.00000000,8.47725320,10
10,10,0.9902890368625774,43.00000000,9.35184288,11
10,11,0.9928265108476232,46.00000000,12.90166712,15
10,12,0.9904445898539864,43.00000000,10.98801088,13
10,13,0.9913765977686572,43.00000000,11.02289224,13
10,14,0.9910835183147799,43.00000000,11.09292531,13
10,15,0.9920813494159203,43.00000000,11.07492685,13
10,16,0.9901691189481939,43.00000000,11.17103219,13
10,17,0.990626055587058,45.00000000,13.66373515,16
10,18,0.9902178688337435,44.00000000,9.41208267,11
10,19,0.9945795380242616,45.00000000,10.22271109,12
10,20,0.9905744509943054,42.00000000,11.01777029,13
10,21,0.9914438026859159,43.00000000,11.05541873,13
10,22,0.9914424597890013,43.00000000,11.10820770,13
10,23,0.9903166973082673,46.00000000,10.20731187,12
10,24,0.9905044699353907,45.00000000,12.80534148,15
10,25,0.9905700680842434,46.00000000,9.29492640,11
10,26,0.9912260620717654,43.00000000,10.16387200,12
10,27,0.9922689159110933,42.00000000,12.05106258,14
10,28,0.9923478507892067,44.00000000,12.79813886,15
10,29,0.9912353269958527,44.00000000,10.16184855,12
11,0,0.9905945925162813,46.00000000,12.61275268,14
11,1,0.9908887728737221,46.00000000,12.82129383,14
11,2,0.9904289001380181,52.00000000,13.57761598,15
11,3,0.9921121056919148,47.00000000,13.68506241,15
11,4,0.9900399901434034,46.00000000,11.72101355,13
11,5,0.9908001294901878,50.00000000,13.53987908,15
11,6,0.9903582439663214,46.00000000,13.60057998,15
11,7,0.9908203861086352,47.00000000,11.67607236,13
11,8,0.9931404430649012,46.00000000,12.64817834,14
11,9,0.9905857076963029,48.00000000,13.55626917,15
11,10,0.9901686634747789,53.00000000,12.53034210,14
11,11,0.9924206040322274,49.00000000,14.36623764,16
11,12,0.9929921710361234,54.00000000,14.37164927,16
11,13,0.9900017707221376,48.00000000,12.53326392,14
11,14,0.9904495171363047,46.00000000,11.63339567,13
11,15,0.9901610922074525,47.00000000,12.58004117,14
11,16,0.9911521232444086,47.00000000,13.53124666,15
11,17,0.9911652978149416,46.00000000,10.78406477,12
11,18,0.9927254886746477,46.00000000,15.44549298,17
11,19,0.9903295713602143,47.00000000,11.81620502,13
11,20,0.9905931913801101,46.00000000,12.67618704,14
11,21,0.991699086686255,47.00000000,14.56109858,16
11,22,0.9908616889270185,46.00000000,10.85037279,12
11,23,0.9907757681722301,46.00000000,12.71582437,14
11,24,0.9914031348799377,46.00000000,13.77995443,15
11,25,0.9916904173224939,55.00000000,16.48936558,18
11,26,0.9910753249475889,49.00000000,13.64409471,15
11,27,0.9906863858525905,48.00000000,12.73802233,14
11,28,0.9913150580716619,47.00000000,11.00223446,12
11,29,0.9931237217780152,46.00000000,12.86869597,14
12,0,0.9909748166746972,52.00000000,12.00598216,13
12,1,0.9925883860637399,50.00000000,15.84455419,17
12,2,0.9943362136443126,52.00000000,15.81925797,17
12,3,0.9914222985159888,52.00000000,13.92467022,15
12,4,0.9905960194070038,50.00000000,13.89492583,15
12,5,0.9911658324492213,50.00000000,12.14119148,13
12,6,0.9908031921552385,51.00000000,13.84183073,15
12,7,0.9907464376846341,50.00000000,14.09164572,15
12,8,0.9936901410614412,52.00000000,14.76772094,16
12,9,0.9930032843285954,54.00000000,13.92564559,15
12,10,0.9905098405153181,59.00000000,13.01723194,14
12,11,0.990255066467552,50.00000000,13.97867632,15
12,12,0.9915056933746298,54.00000000,14.85160685,16
12,13,0.990137520299848,50.00000000,11.13465810,12
12,14,0.9905993675491507,51.00000000,16.74596882,18
12,15,0.991338355320649,50.00000000,13.91983247,15
12,16,0.991243585415584,50.00000000,13.98285389,15
12,17,0.9912912058414591,50.00000000,15.97959113,17
12,18,0.9930522052425534,50.00000000,13.09157872,14
12,19,0.9916084116999074,51.00000000,14.96715856,16
12,20,0.9919709476122219,50.00000000,15.85699487,17
12,21,0.9944568293937409,51.00000000,14.97093606,16
12,22,0.991201481137346,59.00000000,13.89421606,15
12,23,0.9911507828275589,57.00000000,12.11949825,13
12,24,0.9919363450399156,50.00000000,14.88139725,16
12,25,0.9921710513009507,51.00000000,13.96356869,15
12,26,0.9900562562341098,51.00000000,13.09906507,14
12,27,0.9909533775650042,50.00000000,15.76291203,17
12,28,0.9913120076666014,50.00000000,15.82628942,17
12,29,0.9911880849604306,51.00000000,16.92902422,18
13,0,0.9910214304976825,56.00000000,17.36577678,18
13,1,0.9908151395111138,55.00000000,14.40311384,15
13,2,0.9900000162055798,54.00000000,18.17782879,19
13,3,0.9907283451522064,54.00000000,15.20983434,16
13,4,0.9900404331856532,61.00000000,21.05837488,22
13,5,0.9910657834642929,59.00000000,23.14782953,24
13,6,0.9909978591193215,54.00000000,14.06324768,15
13,7,0.9918694346481525,54.00000000,17.89427304,19
13,8,0.9905653817843353,56.00000000,15.95143747,17
13,9,0.9914197467537079,63.00000000,21.80403614,23
13,10,0.9901291887498229,56.00000000,16.02559638,17
13,11,0.9916709758092759,62.00000000,15.79930115,17
13,12,0.9912486814684627,59.00000000,19.63383460,21
13,13,0.9915816977973069,54.00000000,14.87777090,16
13,14,0.9932836578714139,64.00000000,18.70436502,20
13,15,0.9909813212938575,59.00000000,15.82010198,17
13,16,0.9917870496727795,54.00000000,17.97509599,19
13,17,0.9910494458878077,55.00000000,13.03915310,14
13,18,0.9902933453093568,54.00000000,18.56583214,20
13,19,0.9905613404154026,54.00000000,16.76796269,18
13,20,0.9914847147619729,54.00000000,15.90583158,17
13,21,0.9917848077017666,64.00000000,19.74863386,21
13,22,0.9914008340595152,56.00000000,13.99692750,15
13,23,0.9910891537317099,59.00000000,13.93389273,15
13,24,0.993636689092099,55.00000000,15.76412821,17
13,25,0.9904334226935023,64.00000000,16.72757483,18
13,26,0.9920898165798921,63.00000000,18.61062074,20
13,27,0.9900433289790614,56.00000000,18.67321372,20
13,28,0.9925867616260825,56.00000000,16.79312634,18
13,29,0.9927386560231422,55.00000000,17.75205541,19
14,0,0.9903197451760689,59.00000000,18.82076144,20
14,1,0.9927377697804515,60.00000000,18.90243745,20
14,2,0.9918304433791411,61.00000000,19.74177980,21
14,3,0.9916251423348892,64.00000000,19.01622200,20
14,4,0.99155794988476,57.00000000,18.03638792,19
14,5,0.9901322392987759,58.00000000,20.00790215,21
14,6,0.9913857639583022,58.00000000,20.85946679,22
14,7,0.990120682995723,58.00000000,19.04081750,20
14,8,0.9915648577344399,57.00000000,18.20973587,19
14,9,0.9903808822691524,65.00000000,19.88422585,21
14,10,0.9919983788391481,70.00000000,16.13534164,17
14,11,0.9906972644939452,63.00000000,19.29865766,20
14,12,0.9915751851253262,57.00000000,19.67640305,19
14,13,0.9910877586108335,58.00000000,15.40765738,16
14,14,0.99261195139176,59.00000000,19.18787336,20
14,15,0.9922078001092054,59.00000000,20.91927099,22
14,16,0.9906653889774147,57.00000000,18.95163321,20
14,17,0.9916236190560082,59.00000000,18.04973388,19
14,18,0.9900262129509774,57.00000000,16.20769143,17
14,19,0.9914580683262766,57.00000000,16.24856091,17
14,20,0.9914154730450154,70.00000000,18.06839705,19
14,21,0.9916762464024548,67.00000000,17.20175529,18
14,22,0.9909136209104941,57.00000000,19.07995963,20
14,23,0.9903443207692968,59.00000000,18.03970647,19
14,24,0.9912253582310533,59.00000000,20.91440177,22
14,25,0.9904641178892613,57.00000000,18.01176739,19
14,26,0.9900988825181524,57.00000000,18.11108065,19
14,27,0.9908004253187378,59.00000000,20.99150586,22
14,28,0.9914521648840359,61.00000000,20.86872911,22
14,29,0.9916080845661119,64.00000000,17.21993399,18
15,0,0.9903181686742287,62.00000000,15.42646885,16
15,1,0.9926488862531011,65.00000000,21.55034566,22
15,2,0.9920441977721913,61.00000000,21.23868418,22
15,3,0.9909411231225681,62.00000000,19.24335217,20
15,4,0.9904029169743017,62.00000000,18.30627751,19
15,5,0.991450957161776,62.00000000,23.17139769,24
15,6,0.9919885103250198,63.00000000,19.34803176,20
15,7,0.9920660305254793,61.00000000,15.43810081,16
15,8,0.9915639099572829,62.00000000,21.16485405,22
15,9,0.9900835851643844,61.00000000,19.23787379,20
15,10,0.9908889395411989,62.00000000,17.37430978,18
15,11,0.9929350638754061,62.00000000,17.33368158,18
15,12,0.9918010526191235,64.00000000,18.30997181,19
15,13,0.9900466632663881,61.00000000,17.41461849,18
15,14,0.9916221592307284,65.00000000,17.44987154,18
15,15,0.9922347638641297,62.00000000,18.42564678,19
15,16,0.9913530014557395,62.00000000,19.31128526,20
15,17,0.9908231485345892,61.00000000,19.46322894,20
15,18,0.9901787961630208,61.00000000,18.40894914,19
15,19,0.9923305700691029,62.00000000,19.35409427,20
15,20,0.9930021995423469,72.00000000,18.28265095,19
15,21,0.9902183589465757,63.00000000,15.43160939,16
15,22,0.9902061570537506,63.00000000,20.41193795,21
15,23,0.9902884789927019,66.00000000,21.37846231,22
15,24,0.9912986157111772,61.00000000,22.27200842,23
15,25,0.991195254017536,62.00000000,23.99371290,25
15,26,0.9907303306753578,61.00000000,20.26097465,21
15,27,0.9904343241390798,61.00000000,19.32316279,20
15,28,0.9901589245858571,63.00000000,21.36673832,22
15,29,0.9900605494874871,63.00000000,18.22886276,19
16,0,0.9904390977222373,69.00000000,22.90015364,23
16,1,0.990099755565338,65.00000000,17.93417120,18
16,2,0.9905599748013303,71.00000000,24.52917361,24
16,3,0.9907060205535043,73.00000000,26.89160037,26
16,4,0.9903720481456066,73.00000000,23.38188648,23
16,5,0.991871974624026,65.00000000,22.01828885,22
16,6,0.9900122722616396,80.00000000,22.89219904,22
16,7,0.9914955580170559,73.00000000,25.03529048,23
16,8,0.9919763873563541,71.00000000,20.20366311,19
16,9,0.9906921948374973,68.00000000,23.13488984,22
16,10,0.9901202525236368,72.00000000,18.98424840,19
16,11,0.9910786302605842,65.00000000,21.12267256,21
16,12,0.9904966619932623,66.00000000,20.13386798,20
16,13,0.9918006928646228,70.00000000,25.00270486,25
16,14,0.9913612409343413,74.00000000,23.12317657,23
16,15,0.9912800009761067,70.00000000,25.90315437,26
16,16,0.9900192291407657,75.00000000,23.04536510,23
16,17,0.9907552851224105,67.00000000,17.90618253,18
16,18,0.9901303106091599,70.00000000,24.05711937,24
16,19,0.9901548826354473,67.00000000,21.27184820,21
16,20,0.9924754141923112,67.00000000,20.94890261,21
16,21,0.9906770104635668,65.00000000,23.01628137,23
16,22,0.990427818592065,77.00000000,26.08996797,26
16,23,0.9909240209244352,74.00000000,22.97948909,23
16,24,0.9901389324398558,65.00000000,19.05612755,19
16,25,0.990326740961205,72.00000000,24.11139774,24
16,26,0.9908329289879098,76.00000000,25.17305017,25
16,27,0.9900565446094284,75.00000000,22.14500737,22
16,28,0.9902324831994485,69.00000000,26.10537839,26
16,29,0.9917092716474062,70.00000000,23.12797856,23
17,0,0.9915610485383823,72.00000000,24.29081035,24
17,1,0.9902017131353902,69.00000000,27.21878958,27
17,2,0.9901054400473743,68.00000000,25.27645183,25
17,3,0.9904991723984129,71.00000000,22.31032991,22
17,4,0.9902315607827287,77.00000000,23.50650787,23
17,5,0.9911050982570326,68.00000000,23.45136833,23
17,6,0.9910904559210414,83.00000000,22.33429670,22
17,7,0.9906458914441993,72.00000000,20.47044992,20
17,8,0.9901299591211266,72.00000000,21.42514849,21
17,9,0.9921310161081931,75.00000000,25.67933726,25
17,10,0.9910154337965562,74.00000000,23.48614120,23
17,11,0.9903158777581589,68.00000000,26.55478835,26
17,12,0.9908789503842876,69.00000000,26.58867550,26
17,13,0.9904685687433246,69.00000000,22.41620564,22
17,14,0.9902429722827711,83.00000000,24.75278759,24
17,15,0.9900117609410644,68.00000000,24.71881652,24
17,16,0.9907311361916452,68.00000000,22.47952580,22
17,17,0.9900523678295394,68.00000000,24.40430617,24
17,18,0.9901799397801747,68.00000000,24.55146337,24
17,19,0.9912903684360955,71.00000000,27.84176350,27
17,20,0.9903379996919753,68.00000000,19.33236241,19
17,21,0.9911004443068098,69.00000000,21.44467902,21
17,22,0.990996372902196,69.00000000,24.51465535,24
17,23,0.9906881232778109,68.00000000,25.69056916,25
17,24,0.9911015589557819,68.00000000,22.60023761,22
17,25,0.9916908345014319,68.00000000,24.75612807,24
17,26,0.9914816514733209,81.00000000,31.62614250,31
17,27,0.9903489978120786,68.00000000,24.68009186,24
17,28,0.9902175305104786,72.00000000,20.53787184,20
17,29,0.9912660265832569,72.00000000,23.59743619,23
18,0,0.9916691654332525,73.00000000,26.89592409,26
18,1,0.9905070839622874,81.00000000,26.81283641,26
18,2,0.9904122172152416,75.00000000,22.78346586,22
18,3,0.9904527176356345,74.00000000,22.67189288,22
18,4,0.9906525687757766,73.00000000,23.76721263,23
18,5,0.9908151360317091,89.00000000,24.76698685,24
18,6,0.99055160004017,73.00000000,25.66534233,25
18,7,0.9901098956208053,72.00000000,26.90514207,26
18,8,0.99055492635304,80.00000000,24.71879196,24
18,9,0.9902257763759849,72.00000000,28.97037792,28
18,10,0.9902594930647279,75.00000000,23.71058249,23
18,11,0.9900382395812668,88.00000000,25.91731262,25
18,12,0.9917181439184345,73.00000000,24.99592090,24
18,13,0.9914679433936378,73.00000000,26.97286248,26
18,14,0.9921908676969317,78.00000000,23.82407546,23
18,15,0.9902089266079126,79.00000000,25.87329316,25
18,16,0.990492224332412,72.00000000,22.78399587,22
18,17,0.9903092617945131,76.00000000,24.78453231,24
18,18,0.9903204923393287,86.00000000,22.66747284,22
18,19,0.9901884196817393,72.00000000,22.79292250,22
18,20,0.9901886626356098,87.00000000,27.89810014,27
18,21,0.9900402107649083,79.00000000,31.05117536,30
18,22,0.9908747478519135,73.00000000,22.72497201,22
18,23,0.9902283458417773,74.00000000,23.68113613,23
18,24,0.9910012785970116,76.00000000,24.75866985,24
18,25,0.9904009951794863,72.00000000,20.60170221,20
18,26,0.9929592295750109,82.00000000,25.83097124,25
18,27,0.9902990755393833,72.00000000,24.93524790,24
18,28,0.9911355901113161,74.00000000,24.91114926,24
18,29,0.9916276839797689,83.00000000,28.95307255,28
19,0,0.9901209247515579,95.00000000,34.65531921,33
19,1,0.9914627945751806,82.00000000,28.53526926,27
19,2,0.9910596997108234,91.00000000,28.50551414,27
19,3,0.9910487417191396,84.00000000,24.20455456,23
19,4,0.9905211487911842,80.00000000,26.19915986,25
19,5,0.9914212331049231,79.00000000,27.49744081,26
19,6,0.990722908684271,78.00000000,29.48246884,28
19,7,0.9902132001499032,76.00000000,26.50777292,25
19,8,0.990239753309279,75.00000000,28.40841937,27
19,9,0.9900777797325355,80.00000000,27.48135352,26
19,10,0.990318974780251,85.00000000,27.52122450,26
19,11,0.9903513182315032,75.00000000,29.03968954,27
19,12,0.9901814884229743,82.00000000,27.69289494,26
19,13,0.990966719420703,83.00000000,27.66820741,26
19,14,0.9901374873200469,84.00000000,26.54708743,25
19,15,0.9903464651298339,90.00000000,33.00676084,31
19,16,0.9902489278755822,94.00000000,28.76916027,27
19,17,0.9900268613424861,76.00000000,29.83681631,28
19,18,0.9900947271669222,90.00000000,39.83573008,37
19,19,0.9910275566018389,82.00000000,29.94103122,28
19,20,0.99073630641885,82.00000000,29.79127645,28
19,21,0.9913679106087865,91.00000000,30.95182538,29
19,22,0.9915198024768344,86.00000000,27.73086095,26
19,23,0.991365474390131,87.00000000,29.25529885,27
19,24,0.9904816847004629,82.00000000,29.93849421,28
19,25,0.9904761520323084,88.00000000,29.01052094,27
19,26,0.9908434471945867,81.00000000,33.38168645,31
19,27,0.9900521132702316,84.00000000,31.91363931,30
19,28,0.9911461828808885,83.00000000,27.73544049,26
19,29,0.9916386222500043,82.00000000,32.13516784,30
20,0,0.9902274829003765,84.00000000,26.59322906,25
20,1,0.9901863358350974,79.00000000,31.43611097,30
20,2,0.9900346515182754,93.00000000,25.01535988,24
20,3,0.9903608674932097,96.00000000,27.05500484,26
20,4,0.9917552569981146,79.00000000,26.17073750,25
20,5,0.9903726209965558,93.00000000,28.92283821,28
20,6,0.9903739260383289,91.00000000,38.21033955,37
20,7,0.9902051499012132,80.00000000,22.63499308,22
20,8,0.990907824293572,79.00000000,24.72019601,24
20,9,0.9908524285933586,79.00000000,29.84930515,29
20,10,0.9916259090079279,80.00000000,29.05335689,28
20,11,0.9902396913272788,80.00000000,25.88332629,25
20,12,0.9911144316220666,79.00000000,22.76888275,22
20,13,0.9901555033699153,80.00000000,26.85644078,26
20,14,0.9907126284502364,79.00000000,25.84632683,25
20,15,0.9904562844243859,88.00000000,27.96274114,27
20,16,0.9917180749251586,79.00000000,28.11947823,27
20,17,0.9911022987504653,89.00000000,30.24326015,29
20,18,0.9909488224794271,91.00000000,22.75234199,22
20,19,0.9905035397677386,80.00000000,25.93861771,25
20,20,0.9900641457196245,90.00000000,31.16617751,30
20,21,0.9902181072241533,79.00000000,23.74693203,23
20,22,0.9928548544610708,89.00000000,35.50035787,34
20,23,0.9906689350602169,94.00000000,29.10508704,28
20,24,0.9901360532086042,80.00000000,32.28318667,31
20,25,0.9900798791867602,80.00000000,29.15215302,28
20,26,0.9904066337294097,81.00000000,30.12036800,29
20,27,0.9919744288663536,79.00000000,22.83946586,22
20,28,0.9904980060316321,84.00000000,25.93535089,25
20,29,0.9902758615933872,79.00000000,27.06037617,26
21,0,0.9909189865066227,104.00000000,30.03004980,28
21,1,0.9901161935997712,93.00000000,33.73612452,31
21,2,0.9909539425874269,88.00000000,27.81614757,26
21,3,0.9903435024650197,88.00000000,33.36708236,31
21,4,0.9903880511498029,104.00000000,36.08576918,34
21,5,0.9907490394293819,96.00000000,31.81325698,30
21,6,0.9909288810433003,90.00000000,29.48915768,28
21,7,0.9922162378347896,89.00000000,28.51353526,27
21,8,0.990801374390407,91.00000000,27.76555181,26
21,9,0.9909353225808605,100.00000000,37.56396770,35
21,10,0.9907698500290044,98.00000000,34.84846950,33
21,11,0.9907679944361678,92.00000000,28.59947586,27
21,12,0.990314885607231,89.00000000,25.43987083,24
21,13,0.9901324930886783,87.00000000,32.06909561,30
21,14,0.9903006005376577,98.00000000,30.73282027,29
21,15,0.9914305877479229,87.00000000,26.55623770,25
21,16,0.9900691691873811,91.00000000,26.52789712,25
21,17,0.9902754159108551,90.00000000,33.09860086,31
21,18,0.9902223130770706,85.00000000,38.25365996,36
21,19,0.9904077997962786,94.00000000,28.77713132,27
21,20,0.9905098335354149,93.00000000,33.09807539,31
21,21,0.9907603640936483,85.00000000,29.72398925,28
21,22,0.9906846888164761,102.00000000,34.15229988,32
21,23,0.9907653517382399,83.00000000,31.07047915,29
21,24,0.9910058066639981,88.00000000,38.58038020,36
21,25,0.9905982834199994,83.00000000,31.10323024,29
21,26,0.9901008320978807,87.00000000,32.40870404,30
21,27,0.9902113414304756,86.00000000,28.79631758,27
21,28,0.9920809351909226,102.00000000,35.07532907,33
21,29,0.9904903882648479,100.00000000,33.10151625,31
22,0,0.9902577880376163,90.00000000,31.56466699,29
22,1,0.9913267630093636,95.00000000,31.72492623,29
22,2,0.9919602954030737,87.00000000,31.54707980,29
22,3,0.9902220352370754,88.00000000,27.05011201,25
22,4,0.990214999511119,86.00000000,34.94382453,32
22,5,0.990582412210284,90.00000000,30.59504604,28
22,6,0.9903190656390544,95.00000000,39.78583884,36
22,7,0.9902314065263764,86.00000000,31.63670611,29
22,8,0.9907001562139456,97.00000000,31.89419508,29
22,9,0.9903862622515316,87.00000000,33.06839538,30
22,10,0.9909028693045283,87.00000000,32.87097168,30
22,11,0.9906789973265167,102.00000000,36.43188357,33
22,12,0.9925191366724585,94.00000000,31.76045251,29
22,13,0.9912637167354889,108.00000000,36.00652695,33
22,14,0.990908123839307,86.00000000,31.75314808,29
22,15,0.9909130246077501,92.00000000,35.82293105,33
22,16,0.990129188741175,107.00000000,33.81415892,31
22,17,0.9901549586311347,86.00000000,32.88568044,30
22,18,0.9900958867908045,86.00000000,40.61783433,37
22,19,0.9913017592039587,87.00000000,33.92695975,31
22,20,0.9907158470206856,91.00000000,33.89694667,31
22,21,0.9912186274188038,86.00000000,31.51310539,29
22,22,0.9905936450496093,102.00000000,29.15433717,27
22,23,0.9914328816234721,92.00000000,30.25248551,28
22,24,0.9904215880818683,100.00000000,38.91552687,36
22,25,0.9906768873185611,86.00000000,32.46771765,30
22,26,0.9902256059612126,99.00000000,31.16719079,29
22,27,0.9916379854200646,87.00000000,35.44786859,33
22,28,0.990251025250354,98.00000000,30.24433017,28
22,29,0.9906855198402185,88.00000000,29.12223077,27
23,0,0.990628569503252,96.00000000,39.61856151,35
23,1,0.9909590868629523,108.00000000,34.80888844,31
23,2,0.9906564299886969,101.00000000,39.27712369,35
23,3,0.9907674072606022,90.00000000,36.05322409,32
23,4,0.9911765551493251,102.00000000,35.10757303,31
23,5,0.9901457234079853,101.00000000,40.26921725,36
23,6,0.9915194491530201,91.00000000,39.02717638,35
23,7,0.9901972919264843,104.00000000,35.73248672,32
23,8,0.9921258132557981,91.00000000,32.25835609,29
23,9,0.9905484635948031,104.00000000,37.00702286,33
23,10,0.9902559371674448,100.00000000,33.54845524,30
23,11,0.9909114962609956,101.00000000,41.60332274,37
23,12,0.9901861051278211,91.00000000,25.87851620,23
23,13,0.9924958163872742,100.00000000,33.90102696,30
23,14,0.9912023848077733,105.00000000,45.35636282,40
23,15,0.9913340580391736,102.00000000,39.48285580,35
23,16,0.9901198800655401,98.00000000,34.77460766,31
23,17,0.9911262089783411,108.00000000,35.01599526,31
23,18,0.990336393604915,96.00000000,32.82929206,29
23,19,0.9915564031865535,91.00000000,29.22082376,26
23,20,0.9900846797571652,98.00000000,35.11288714,31
23,21,0.9915210067812257,94.00000000,35.03406501,31
23,22,0.990170381367223,102.00000000,34.65330815,31
23,23,0.9903368448848564,97.00000000,40.75939703,36
23,24,0.9914066633553655,110.00000000,38.59026337,34
23,25,0.99035651309251,96.00000000,42.87853765,38
23,26,0.9906799875112007,95.00000000,33.91309309,30
23,27,0.9900977818503545,103.00000000,38.50509477,34
23,28,0.9907669325501105,105.00000000,37.34722400,33
23,29,0.9909710736252361,110.00000000,36.17141771,32
24,0,0.991027548392512,102.00000000,30.69644690,27
24,1,0.9900825472615673,95.00000000,35.45635128,31
24,2,0.9900390501470517,101.00000000,41.45999575,36
24,3,0.9910118671869395,104.00000000,40.61222625,35
24,4,0.9902250371658534,114.00000000,38.96820402,34
24,5,0.9916504405683558,94.00000000,30.78843284,27
24,6,0.9904302288060649,94.00000000,40.09896541,35
24,7,0.9900335767951576,104.00000000,55.11560965,48
24,8,0.9919338150050521,106.00000000,32.37706184,28
24,9,0.9907781456181239,96.00000000,36.21342182,31
24,10,0.9900123447660264,112.00000000,49.51142097,43
24,11,0.990210932984307,118.00000000,48.53409553,42
24,12,0.9937476760689832,101.00000000,36.82420468,32
24,13,0.9905904907860376,112.00000000,40.38433027,35
24,14,0.9902008644553445,97.00000000,39.35575747,34
24,15,0.9912643855455832,110.00000000,39.01827574,34
24,16,0.9921796435641757,104.00000000,35.62691498,31
24,17,0.9900082770294396,95.00000000,38.99670029,34
24,18,0.9903767565807796,96.00000000,41.72913837,36
24,19,0.9903510866527903,104.00000000,40.46403956,35
24,20,0.9900189985458615,111.00000000,45.34229422,39
24,21,0.9900182882078119,115.00000000,46.54749131,40
24,22,0.9907084880319471,105.00000000,34.59399104,30
24,23,0.9900966045045085,108.00000000,50.94772887,44
24,24,0.990110010272987,94.00000000,44.08721423,38
24,25,0.9906580949661694,108.00000000,42.82810116,37
24,26,0.9904768373823142,112.00000000,40.20147824,35
24,27,0.9900893444520797,110.00000000,39.99769497,35
24,28,0.9901347588385392,105.00000000,38.21869588,33
24,29,0.9902489874130818,110.00000000,50.84679389,44
25,0,0.9906021061323905,106.00000000,37.00735188,32
25,1,0.9908375898324148,104.00000000,38.54191613,33
25,2,0.9913549466673168,117.00000000,37.06551909,32
25,3,0.9915727952062159,97.00000000,34.62125897,30
25,4,0.9903000214061145,121.00000000,41.75140572,36
25,5,0.9917453497250117,123.00000000,42.83937645,37
25,6,0.990208557972224,116.00000000,40.59035897,35
25,7,0.9914005260384329,117.00000000,33.70438242,29
25,8,0.9907125253514185,123.00000000,39.83236957,34
25,9,0.9901337857878322,118.00000000,36.89180660,31
25,10,0.9900258212485504,116.00000000,38.63328314,33
25,11,0.9901359767973983,101.00000000,35.12804604,30
25,12,0.9908234515269643,104.00000000,40.15154696,34
25,13,0.9901737993993365,109.00000000,38.82035446,33
25,14,0.9902437154071443,114.00000000,43.59749818,37
25,15,0.9900002206857035,97.00000000,36.58840609,31
25,16,0.9902084881424374,98.00000000,35.11526775,30
25,17,0.9902572192555454,111.00000000,54.59956479,46
25,18,0.9901419044519351,111.00000000,44.86700916,38
25,19,0.9918618456973719,101.00000000,38.79661107,33
25,20,0.9900368964692232,110.00000000,40.81009698,35
25,21,0.9902523093931486,97.00000000,35.04504800,30
25,22,0.9915657906452409,115.00000000,43.16970229,37
25,23,0.9904067380672843,111.00000000,39.89863777,34
25,24,0.9912126019856735,123.00000000,36.56013656,31
25,25,0.9902709510745183,118.00000000,36.26602030,31
25,26,0.9906758424324976,105.00000000,46.66501188,39
25,27,0.9901800575146652,105.00000000,36.25586891,31
25,28,0.9900659924868549,108.00000000,44.76747704,38
25,29,0.990536874077241,98.00000000,32.73141122,28
26,0,0.9914981101058798,119.00000000,48.67539954,41
26,1,0.9915712420837158,124.00000000,40.13331890,34
26,2,0.9903979504761264,121.00000000,39.39533424,33
26,3,0.9908237867855773,101.00000000,35.62445831,30
26,4,0.9900905422273537,103.00000000,39.33933330,33
26,5,0.9903526772569262,121.00000000,37.98338771,32
26,6,0.9903283303067587,121.00000000,43.23786139,36
26,7,0.9905974927165364,122.00000000,44.55879831,37
26,8,0.9910748627757715,116.00000000,42.80951905,36
26,9,0.9902052708463245,123.00000000,45.62014747,38
26,10,0.990152338035597,109.00000000,43.32348371,36
26,11,0.9902931375981519,101.00000000,66.85615659,56
26,12,0.9900431922239257,119.00000000,48.02220106,40
26,13,0.9909678362095431,119.00000000,44.30689430,37
26,14,0.9913755108137658,117.00000000,43.23697162,36
26,15,0.990239398781492,122.00000000,54.30216074,45
26,16,0.9908599075606678,112.00000000,42.07414532,35
26,17,0.9907575014432352,125.00000000,42.26443768,35
26,18,0.9907194932946009,113.00000000,45.72062993,38
26,19,0.9905299466715675,117.00000000,40.99652147,34
26,20,0.9904398477936521,120.00000000,48.52297783,40
26,21,0.9902567300802657,119.00000000,43.54384494,36
26,22,0.990140006292912,129.00000000,47.13219833,39
26,23,0.9906989096291912,121.00000000,43.58941269,36
26,24,0.9904447065543668,109.00000000,43.70196366,36
26,25,0.9900509732634442,101.00000000,42.35796070,35
26,26,0.9900667215305269,105.00000000,38.48659706,32
26,27,0.9903826684893299,113.00000000,48.69001961,40
26,28,0.9901345392544014,125.00000000,44.65294909,37
26,29,0.9907497511208988,115.00000000,38.63230824,32
27,0,0.9902123726633129,133.00000000,42.55074525,35
27,1,0.9900978217665763,130.00000000,48.57779980,40
27,2,0.9901269397361947,123.00000000,54.78995848,44
27,3,0.9901803709574266,120.00000000,43.77080154,36
27,4,0.991019629812757,111.00000000,44.79645848,37
27,5,0.9904805722134776,115.00000000,51.16246510,42
27,6,0.9917799651596025,104.00000000,40.19621992,33
27,7,0.9908622060819168,122.00000000,46.72855282,38
27,8,0.9900794348645051,122.00000000,52.72313857,43
27,9,0.9907237165574666,117.00000000,49.18385220,40
27,10,0.9909568090269574,124.00000000,49.00559139,40
27,11,0.9912356607894539,122.00000000,45.27278447,37
27,12,0.9900809648751159,123.00000000,63.15735531,51
27,13,0.9900432342966942,106.00000000,44.76825857,36
27,14,0.9909701345965,116.00000000,41.68591928,34
27,15,0.990217394860156,125.00000000,47.70571542,39
27,16,0.991004596869568,114.00000000,49.26971602,40
27,17,0.9905112912778078,123.00000000,40.48469591,33
27,18,0.9900541386128885,123.00000000,47.78611636,39
27,19,0.9907279460317037,104.00000000,35.76338983,29
27,20,0.9901000703077733,115.00000000,45.44293714,37
27,21,0.9915325794329405,108.00000000,45.54516292,37
27,22,0.990381838068656,105.00000000,50.65608048,41
27,23,0.9915497051535831,114.00000000,39.45925045,32
27,24,0.990294207819415,120.00000000,40.38730597,33
27,25,0.9901128375487241,112.00000000,38.10331106,31
27,26,0.9903376272268523,123.00000000,53.52151775,43
27,27,0.9913865645424758,108.00000000,48.00016236,39
27,28,0.990215591893732,122.00000000,43.09051776,35
27,29,0.9930937807537397,127.00000000,45.72747469,37
28,0,0.9907604777421862,111.00000000,51.65747213,41
28,1,0.9903644273263061,128.00000000,42.48742723,34
28,2,0.9904691329015384,115.00000000,45.27530694,36
28,3,0.991033492540434,121.00000000,46.39033794,37
28,4,0.990614547836326,122.00000000,44.80109024,36
28,5,0.9901994217793738,112.00000000,54.44149876,43
28,6,0.9902040942352248,125.00000000,45.93158412,37
28,7,0.990027755865318,126.00000000,46.14924884,37
28,8,0.9900070999976974,125.00000000,45.14009833,36
28,9,0.9901516871521197,139.00000000,57.41346860,46
28,10,0.990286229420665,117.00000000,47.32740068,38
28,11,0.9904450732051072,123.00000000,50.08117294,40
28,12,0.9906797553541836,128.00000000,43.87551928,35
28,13,0.9902435654663326,130.00000000,53.77505660,43
28,14,0.9909121426564862,131.00000000,55.23033667,44
28,15,0.9909172163044472,129.00000000,50.35704494,40
28,16,0.9906818577897237,116.00000000,49.52188540,39
28,17,0.9907572483556875,129.00000000,47.96902752,38
28,18,0.9904425735307716,135.00000000,57.13474846,45
28,19,0.991584194387907,133.00000000,44.98854184,36
28,20,0.9905197628841732,127.00000000,47.64496803,38
28,21,0.9900657024692381,126.00000000,49.08867288,39
28,22,0.9911902388123653,131.00000000,42.65421438,34
28,23,0.9902001302733066,126.00000000,47.87849498,38
28,24,0.9906494150787061,135.00000000,66.99780560,53
28,25,0.9910138946127538,130.00000000,52.75481272,42
28,26,0.9904851658657168,117.00000000,49.02206588,39
28,27,0.9903138306308189,124.00000000,45.25480533,36
28,28,0.9901405029068694,133.00000000,45.33131599,36
28,29,0.983969516873828,114.00000000,212.69892764,144
29,0,0.9902161386253072,127.00000000,44.72597957,35
29,1,0.9903481079690484,129.00000000,49.76200891,39
29,2,0.9910314886538347,121.00000000,56.22798133,44
29,3,0.9905064569892603,130.00000000,48.44931960,38
29,4,0.9910796031800482,125.00000000,43.82102084,34
29,5,0.9906944710398542,131.00000000,47.13244605,37
29,6,0.9910979494857791,124.00000000,48.93635201,38
29,7,0.9902360763242758,121.00000000,46.21997571,36
29,8,0.9908915446377949,123.00000000,46.10326576,36
29,9,0.9906243335302293,111.00000000,42.51880431,33
29,10,0.9900836273612812,139.00000000,82.87486172,64
29,11,0.9901679286798625,113.00000000,67.06896210,52
29,12,0.9900102716127058,125.00000000,58.12559843,45
29,13,0.990210785570401,132.00000000,57.99588799,45
29,14,0.9908116139207175,136.00000000,46.26842141,36
29,15,0.9902518581412543,128.00000000,56.46968579,44
29,16,0.9900839804660965,133.00000000,55.26141310,43
29,17,0.9905348492964549,131.00000000,60.61599255,47
29,18,0.9901881403683456,138.00000000,50.24956799,39
29,19,0.9902875910878934,124.00000000,46.12367749,36
29,20,0.9903444410127776,138.00000000,55.06697917,43
29,21,0.9901500452407336,124.00000000,47.40896344,37
29,22,0.9904948671766546,134.00000000,51.16167474,40
29,23,0.9902792683707603,112.00000000,51.13215590,40
29,24,0.9901682823188745,118.00000000,41.02673435,32
29,25,0.9902530270442989,133.00000000,45.84739017,36
29,26,0.9909169099364901,122.00000000,55.15735912,43
29,27,0.9902252174169802,115.00000000,47.48850894,37
29,28,0.9906314388835723,131.00000000,53.86849952,42
29,29,0.9852915393152505,144.00000000,240.30333066,150
30,0,0.9910827924090828,134.00000000,46.82557273,36
30,1,0.9900652887930589,126.00000000,50.48187709,39
30,2,0.9906019157838791,124.00000000,49.24756408,38
30,3,0.9901434894499657,142.00000000,57.02534032,44
30,4,0.991240070562493,146.00000000,58.78064752,45
30,5,0.9907201124626139,133.00000000,44.18878031,34
30,6,0.9904923066687287,129.00000000,46.45833826,36
30,7,0.9907493122914479,149.00000000,69.14788890,53
30,8,0.9908233265095008,121.00000000,50.36076760,39
30,9,0.9894118772741627,147.00000000,226.29238915,156
30,10,0.9902959638408875,123.00000000,54.52204657,42
30,11,0.9903189248741622,142.00000000,63.93977976,49
30,12,0.9904499341054944,125.00000000,41.63670897,32
30,13,0.9886662371761926,149.00000000,212.48882198,146
30,14,0.9912741528866298,133.00000000,46.94771171,36
30,15,0.9901133430620601,143.00000000,54.56104589,42
30,16,0.9902742386497576,125.00000000,41.98725581,32
30,17,0.9901066505503738,133.00000000,56.77566552,43
30,18,0.9917136622809397,141.00000000,62.48090339,48
30,19,0.9907012937356048,140.00000000,52.28855753,40
30,20,0.9912066417563814,128.00000000,44.05331898,34
30,21,0.9905216693650482,139.00000000,47.85945702,37
30,22,0.9906863299332864,133.00000000,52.44871759,40
30,23,0.987393993444261,128.00000000,282.32079720,161
30,24,0.9900393037692158,132.00000000,51.70022869,40
30,25,0.9901049187397017,118.00000000,51.90332770,40
30,26,0.9910365641298069,132.00000000,49.15948653,38
30,27,0.9903917338873753,150.00000000,58.16734719,45
30,28,0.9910872524366301,148.00000000,54.60055947,42
30,29,0.9901454611136288,130.00000000,49.83927870,38
31,0,0.9904971808196238,141.00000000,62.24611616,47
31,1,0.9916950927286784,137.00000000,43.76392245,33
31,2,0.9900331491597922,128.00000000,48.91346979,37
31,3,0.9904018092666707,128.00000000,48.76923490,37
31,4,0.9904342500621086,139.00000000,53.17550397,40
31,5,0.9904508289351648,152.00000000,46.50861359,35
31,6,0.9922364598737283,148.00000000,59.45567346,45
31,7,0.9904201186305808,139.00000000,53.27275538,40
31,8,0.9902530069160964,140.00000000,46.58634686,35
31,9,0.9905994576676321,123.00000000,46.47810125,35
31,10,0.9905375188265639,144.00000000,62.78775525,47
31,11,0.9900841355764722,136.00000000,52.97868013,40
31,12,0.9909816591558306,145.00000000,58.12782001,44
31,13,0.990188196791417,140.00000000,64.82591414,48
31,14,0.9910347184875323,138.00000000,55.67716885,42
31,15,0.9911700395679407,143.00000000,60.00866890,45
31,16,0.9905017221280656,152.00000000,55.89909840,42
31,17,0.9927312619177212,136.00000000,55.90443802,42
31,18,0.9881735945276058,155.00000000,251.47248650,164
31,19,0.9912209918932116,148.00000000,59.09646773,44
31,20,0.9905252786715055,148.00000000,78.49565196,59
31,21,0.9901100672661295,144.00000000,65.38438487,49
31,22,0.9902007596239149,140.00000000,51.76086974,39
31,23,0.9903447468526706,154.00000000,54.31707001,41
31,24,0.9902580122994296,123.00000000,49.08403826,37
31,25,0.9908795079864497,145.00000000,64.77192903,48
31,26,0.9905091819304295,126.00000000,47.78169346,36
31,27,0.9904631603017285,152.00000000,53.29169106,40
31,28,0.9902858143679033,148.00000000,59.69713259,45
31,29,0.9901274764149272,146.00000000,69.38751459,52
32,0,0.9900873135911414,141.00000000,62.44126129,46
32,1,0.990416794885334,132.00000000,51.07267570,38
32,2,0.9908610247492979,134.00000000,52.20852470,39
32,3,0.990140153030797,154.00000000,64.53086162,48
32,4,0.9902652437030792,146.00000000,65.42220902,49
32,5,0.990388013851821,154.00000000,65.65656114,49
32,6,0.9906294968826584,146.00000000,59.64997721,44
32,7,0.9902543152790223,139.00000000,49.55727220,37
32,8,0.9901168653444663,154.00000000,64.71550465,48
32,9,0.9901364917607877,153.00000000,74.93927526,55
32,10,0.9907374573888308,129.00000000,55.01769447,41
32,11,0.9907490282323812,127.00000000,48.15195918,36
32,12,0.9906331005483441,141.00000000,56.25651455,42
32,13,0.9905824339992056,155.00000000,94.29946327,70
32,14,0.9903628547822203,133.00000000,47.11870956,35
32,15,0.9901296758109032,143.00000000,59.48711753,44
32,16,0.9900433285377092,154.00000000,58.04578209,43
32,17,0.9904189103123529,147.00000000,65.97465372,49
32,18,0.9877128911798553,155.00000000,307.76149583,171
32,19,0.9900133312623929,147.00000000,74.58298850,55
32,20,0.9902755188496183,148.00000000,61.71833491,46
32,21,0.9904065733220231,133.00000000,52.38295007,39
32,22,0.9900799751807673,143.00000000,65.34124756,49
32,23,0.990097122529264,142.00000000,57.88696980,43
32,24,0.9904530701291722,149.00000000,63.71138072,47
32,25,0.9903091220398037,141.00000000,60.70172405,45
32,26,0.9914114410274499,152.00000000,72.78583097,54
32,27,0.990394899988978,138.00000000,57.65447068,43
32,28,0.9906618193557217,144.00000000,56.40551376,42
32,29,0.9900072184246376,149.00000000,57.72627211,43
