13 14 14 13 14 14 13 13 13 13 14 14 14 14 14 14 14 14 3 14 14 13 13 7 13 13 6 6 13 6 6 6 6 3 10 10 10 0 5 5 3 2 2 2 2 2 2 2 2 2 2 7 7 7 7 7 15 15 6 10 11 15 14 10 5 8 9 0 0 9 9 9 6 3 0 11 11 15 9 11
13 11 11 11 11 11 8 8 8 8 8 8 8 8 8 8 0 2 0 2 0 8 15 4 4 4 1 1 1 1 1 1 1 1 1 0 0 0 1 1 1 0 0 0 0 7 4 4 4 4 4 7 7 7 7 7 7 7 7 7 14 10 10 0 10 0 0 0 9 9 0 0 10 10 0 0 0 10 0 0
6 14 14 14 14 14 0 12 0 12 12 10 10 1 10 1 9 9 9 2 9 13 13 13 6 5 10 8 10 10 10 7 3 10 10 10 7 7 1 7 7 2 7 7 7 7 1 1 1 1 1 1 1 1 1 4 4 4 4 4 4 15 11 6 10 4 3 3 3 9 8 5 10 5 10 10 10 0 0 0
11 13 10 10 13 13 12 12 12 12 12 11 11 11 1 11 11 11 11 3 3 15 11 11 7 11 8 8 8 8 8 9 9 9 9 9 5 5 13 11 11 11 5 5 6 6 6 6 6 6 6 7 6 6 5 1 1 1 1 1 1 10 10 10 14 15 15 11 15 5 15 1 10 8 8 8 11 11 9 5
0 8 8 8 8 8 8 8 8 8 8 12 12 12 1 10 1 13 13 13 13 13 13 7 0 7 14 14 14 14 14 4 14 14 14 4 4 2 7 7 7 7 7 7 7 3 2 3 3 3 3 5 5 5 5 5 5 4 4 15 11 6 10 3 3 3 3 9 9 9 9 10 7 10 10 10 10 5 8 10
8 13 13 13 13 13 13 13 13 13 13 13 13 13 13 1 11 12 12 3 12 12 12 12 12 4 15 4 9 9 9 12 12 12 7 7 1 1 1 1 0 0 0 0 0 0 0 0 0 0 0 0 0 3 0 0 3 3 3 3 10 10 10 2 10 10 4 8 8 0 10 8 7 10 4 10 4 10 10 0
3 11 10 10 10 11 11 10 10 10 10 10 10 1 10 1 9 9 8 8 8 11 11 5 7 5 5 11 6 11 11 3 3 3 10 3 5 1 1 1 1 0 0 0 0 0 7 7 0 7 7 7 7 7 7 7 7 4 4 4 11 5 10 5 5 5 5 9 5 8 10 10 6 11 1 1 7 10 7 10
14 8 8 8 15 8 12 12 12 12 12 8 8 1 8 13 13 13 3 12 8 8 0 4 4 8 8 8 8 8 9 4 8 4 8 8 5 5 5 5 5 5 0 0 0 0 7 7 7 7 7 5 5 5 5 5 3 5 5 11 3 5 10 4 3 4 4 4 4 4 9 9 10 10 7 7 6 9 7 10
9 9 9 9 9 9 14 14 14 14 14 14 1 10 14 1 14 12 10 10 10 3 12 6 6 6 4 4 4 14 14 6 6 12 12 6 6 6 6 6 6 6 6 6 6 6 4 4 4 7 7 1 1 7 7 7 7 7 7 11 10 14 6 6 10 10 1 10 1 14 9 9 6 6 11 5 5 11 8 11
10 8 8 0 0 0 13 12 11 11 11 12 12 12 1 12 12 12 12 12 12 5 5 5 7 5 4 15 14 14 14 6 10 10 10 0 6 1 1 1 1 3 3 3 3 3 3 3 3 3 0 0 0 4 4 4 3 0 0 0 11 1 10 1 1 1 7 13 15 9 15 15 15 15 15 9 13 7 15 15
