7 7 7 7 7 7 11 0 0 0 7 11 1 15 15 1 1 9 15 15 15 3 3 16 16 16 14 16 16 16 16 16 16 5 5 5 5 3 3 3 3 3 6 16 8 8 9 3 3 8 3 0 3 3 3 8 9 9 15 14 13 16 9 1 1 1 1 1 15 15 1 1 15 7 7 15 1 1 15 1
11 13 11 5 5 5 5 11 11 11 11 8 1 1 16 16 16 16 2 2 2 11 15 3 14 11 11 4 14 15 14 5 14 14 14 14 6 16 16 16 7 0 0 8 8 8 8 8 8 8 8 8 8 8 6 6 0 0 0 0 12 0 14 0 13 16 13 13 13 15 15 13 6 15 6 15 13 15 6 15
14 13 13 13 13 14 9 9 13 13 9 15 15 0 1 0 9 2 2 11 11 15 15 14 14 14 14 14 14 4 3 5 5 5 5 5 3 3 6 6 6 6 3 3 2 3 2 2 2 2 2 1 1 1 1 2 11 11 9 15 14 13 16 13 11 11 11 11 11 15 11 11 15 11 15 11 11 15 11 11
9 6 4 4 13 13 9 9 16 16 13 13 1 1 11 11 11 11 2 10 10 14 1 3 16 13 16 4 4 16 16 16 16 14 14 6 14 14 6 1 7 7 7 7 7 9 9 9 0 0 0 0 0 0 0 0 0 5 5 5 6 6 14 0 16 13 6 6 15 14 14 15 6 9 13 15 7 9 15 15
3 11 4 4 4 4 4 9 6 6 7 10 10 10 1 15 15 15 2 10 10 1 11 3 11 16 16 16 16 16 0 0 5 0 14 14 0 6 16 16 16 16 0 0 8 8 8 8 8 8 8 8 8 8 8 0 1 1 1 1 1 15 14 9 16 3 3 3 3 3 15 3 15 3 15 7 15 2 15 1
7 14 8 8 8 9 5 0 13 10 10 10 10 1 9 9 9 13 13 0 0 0 0 0 3 0 0 4 4 16 16 16 16 3 3 3 16 6 16 7 7 16 2 16 2 6 6 6 3 9 3 3 3 3 3 5 6 1 6 3 13 9 9 14 0 0 16 8 5 6 5 15 15 0 15 0 15 15 15 15
13 13 13 6 13 13 6 6 6 13 13 1 1 8 13 15 9 9 2 10 10 10 10 10 10 13 4 4 2 2 2 4 4 4 0 6 0 0 16 0 0 0 0 0 0 0 0 0 0 0 0 0 0 0 0 0 4 4 4 4 15 14 16 13 13 16 16 8 0 0 16 4 4 15 4 15 8 15 8 8
10 15 15 15 15 15 15 15 15 12 15 15 15 15 1 12 12 12 12 2 12 12 12 13 13 13 13 4 4 4 4 5 5 5 5 5 3 3 3 6 16 16 8 8 8 16 1 1 1 1 1 1 1 1 1 1 1 1 1 15 14 13 16 8 7 7 7 7 15 15 7 15 15 15 15 15 15 15 13 15
3 9 9 9 9 9 9 10 10 9 10 10 1 1 9 9 9 9 9 2 2 14 14 11 11 11 0 4 4 4 13 5 5 5 3 3 15 16 16 7 3 3 7 7 0 0 0 5 5 3 3 4 9 10 10 1 1 1 3 3 3 10 10 10 14 12 5 16 10 10 10 5 5 15 15 5 15 15 15 15
9 12 15 15 9 15 9 12 12 12 12 9 9 9 1 10 14 2 2 2 2 2 3 3 3 3 4 4 14 14 14 14 14 5 3 3 6 15 4 3 4 6 6 6 6 6 6 6 6 0 0 0 0 0 0 0 0 0 5 5 0 1 0 0 14 8 4 4 16 9 0 4 4 4 15 4 15 1 15 4
