10 14 14 14 14 14 0 0 0 14 0 1 1 10 10 11 10 14 14 14 10 10 6 5 6 10 10 3 10 10 10 2 8 8 8 8 8 2 7 6 2 2 2 2 2 2 2 2 2 2 9 7 7 7 7 7 7 7 7 7 7 7 7 7 7 7 7 7 7 7 7 3 0 0 0 0 7 7 7 7 7 0 0 0 7 7 0 15 7 10 10 7 7 10 10 7 10 7 15 12 13 7 9 4 2 10 9 6 6 9 6 9 6 8 9 10 10 10 6 6
10 13 13 13 13 13 13 13 13 13 13 13 13 13 13 13 13 3 0 0 0 6 8 8 8 8 7 6 15 15 1 1 1 1 1 1 1 1 8 8 8 8 8 1 1 1 3 3 3 3 3 3 3 3 3 3 3 3 3 0 0 15 15 4 4 4 4 4 4 15 15 6 6 4 4 4 0 0 0 0 0 2 2 2 0 0 0 5 10 10 10 10 10 4 1 2 10 1 9 9 1 2 2 11 11 4 10 2 2 11 9 2 2 9 9 2 9 4 9 4
0 0 0 0 0 0 0 0 0 0 0 10 10 1 1 1 10 10 10 10 5 6 13 13 13 13 13 13 13 13 13 3 3 3 3 3 13 13 13 3 3 0 0 0 0 0 9 9 9 7 6 6 6 6 13 13 5 5 10 10 9 9 9 9 6 6 5 1 5 5 5 5 5 5 7 5 7 7 7 7 7 7 2 7 7 7 7 7 13 2 10 15 15 2 10 9 15 3 10 10 11 15 2 10 4 4 6 9 9 9 9 9 4 9 4 9 5 9 9 9
8 8 8 8 8 8 10 10 10 10 10 1 1 1 1 1 1 1 1 1 5 6 9 9 9 9 9 9 9 2 2 2 8 8 8 14 8 4 4 4 4 4 8 8 8 8 11 11 11 11 11 11 11 11 7 7 14 14 14 14 14 14 14 14 14 4 6 4 4 4 4 4 4 6 6 6 6 6 6 6 6 6 6 6 6 6 5 0 0 10 10 11 11 15 5 10 10 7 7 2 9 13 11 15 7 9 4 9 4 9 9 9 9 9 9 9 5 9 5 10
12 0 0 0 0 0 9 8 10 9 9 0 0 0 0 0 0 2 13 3 13 13 13 0 6 13 13 13 13 2 2 2 2 2 2 2 2 2 2 2 2 2 2 7 11 11 8 8 8 8 8 8 8 14 14 14 14 14 11 14 5 3 3 3 3 3 2 2 2 2 3 3 3 3 3 3 3 3 4 4 4 4 4 4 3 3 3 3 3 10 10 10 10 10 4 3 14 7 9 7 7 9 9 4 4 9 10 2 10 2 9 2 9 12 12 6 9 9 9 9
11 11 12 12 12 12 12 12 12 12 12 1 1 11 11 11 0 0 0 9 9 0 10 6 0 0 0 0 0 0 0 0 0 0 5 5 9 9 9 9 5 0 0 0 0 10 10 10 10 10 10 10 10 10 10 10 10 10 10 10 5 3 3 3 7 4 0 0 0 0 15 0 0 0 0 0 0 0 0 0 0 0 0 0 0 0 7 7 7 10 10 10 4 10 10 4 7 7 9 9 9 9 9 9 9 9 9 9 8 9 9 9 9 9 9 9 9 9 9 9
12 12 12 12 12 0 11 11 11 12 12 11 8 11 11 11 11 11 11 11 11 6 12 5 4 12 12 12 12 12 12 12 12 12 10 12 10 10 10 10 10 5 12 12 5 5 0 0 0 0 10 5 5 5 5 5 5 5 0 5 5 5 5 5 5 7 7 4 4 4 4 4 4 4 3 4 3 3 3 3 4 6 6 6 6 4 6 5 5 10 10 3 3 10 4 4 15 10 10 7 7 3 9 3 3 3 10 4 4 3 3 9 2 9 9 9 9 9 9 9
12 12 12 12 12 12 12 12 12 12 12 9 1 1 12 12 14 14 14 14 14 14 14 14 14 14 15 15 15 2 2 1 1 1 1 11 11 15 15 11 11 12 12 12 12 12 12 12 12 12 5 12 12 12 12 12 12 12 12 3 3 13 3 3 3 3 3 3 3 3 3 3 3 3 3 6 7 7 7 6 6 2 2 2 2 2 3 6 6 10 10 10 10 10 4 4 15 10 10 9 3 9 5 10 7 10 10 10 10 10 10 10 4 9 8 1 1 9 1 1
10 9 9 9 9 9 14 14 14 14 14 11 11 11 11 11 8 8 3 8 8 8 4 4 13 13 13 13 13 13 11 3 4 4 4 4 4 13 13 13 13 13 13 6 13 13 4 13 4 4 4 4 4 3 4 4 4 4 4 4 4 4 4 4 4 4 3 3 3 3 15 4 2 2 2 2 2 2 2 2 7 2 2 2 2 2 3 2 10 10 0 0 10 10 10 4 4 4 10 9 9 9 9 6 10 10 10 6 10 3 10 10 6 6 10 6 9 6 9 6
11 11 11 11 11 11 13 11 11 11 13 13 13 13 13 13 8 2 2 12 12 13 6 8 5 6 14 10 10 10 10 11 11 11 11 11 14 14 14 14 14 2 14 14 14 14 13 13 13 5 5 1 1 1 1 5 5 5 5 5 5 5 5 5 5 5 4 4 4 4 4 0 0 0 0 3 3 3 3 0 0 0 0 0 0 0 5 5 10 10 15 7 10 4 10 10 4 5 5 5 7 9 3 3 3 9 3 3 10 3 3 9 10 9 10 5 10 10 7 10
