8 8 8 8 8 13 13 13 13 13 13 13 13 1 1 11 13 15 10 3 10 11 11 6 6 6 11 6 6 6 6 6 6 2 2 2 2 2 6 6 6 6 6 2 11 2 10 2 2 2 2 2 0 0 0 0 0 0 0 0
0 9 9 9 9 12 12 12 12 12 14 14 0 1 1 1 1 1 1 2 2 15 1 6 1 1 6 6 5 5 5 5 5 5 2 2 2 2 2 2 2 2 2 2 2 11 2 10 2 2 2 2 2 10 2 10 2 0 0 0
11 11 8 8 8 8 10 14 14 14 14 11 1 1 1 1 1 11 9 15 12 12 7 7 7 7 7 7 7 7 5 5 5 5 5 5 5 5 5 5 5 5 5 2 2 2 14 10 10 2 10 2 2 10 10 2 2 0 0 0
13 13 13 12 12 12 12 12 12 12 12 12 12 12 1 11 12 12 12 1 2 15 11 11 5 5 5 5 5 7 2 2 2 2 2 4 4 4 4 4 4 4 1 4 4 11 10 5 5 5 7 10 7 10 7 10 5 10 10 5
8 8 8 8 8 9 9 9 9 9 0 10 10 10 1 10 12 12 12 3 12 2 15 2 4 2 2 2 4 4 4 0 0 0 0 0 0 0 0 0 0 0 0 3 11 0 10 0 0 0 0 0 0 0 0 0 0 0 0 0
0 0 9 13 14 14 12 14 11 11 11 11 14 1 1 1 1 1 13 15 13 11 5 11 7 1 5 2 0 0 1 0 0 0 0 0 0 0 0 0 0 0 0 0 0 11 6 10 0 0 0 0 0 10 10 10 10 6 10 6
11 12 12 10 10 10 10 9 14 14 11 11 11 1 1 1 1 11 2 2 2 5 5 5 2 11 2 2 2 2 2 2 2 2 2 2 2 2 2 0 0 0 0 0 11 15 10 3 3 3 3 3 0 0 0 0 0 0 0 0
4 10 14 14 14 14 14 14 14 14 14 14 0 14 1 1 14 14 2 2 11 1 2 15 7 2 2 2 2 2 2 2 2 2 2 2 3 3 3 4 3 2 7 7 11 1 10 1 1 1 1 1 0 0 0 0 0 0 0 0
9 14 9 9 9 9 9 9 9 11 14 14 1 1 1 1 9 10 3 10 3 3 6 6 6 6 6 5 5 5 5 5 5 5 5 5 5 0 0 0 0 0 0 0 11 15 10 6 6 6 6 6 0 0 0 0 0 0 0 0
9 9 9 9 9 9 9 9 9 9 9 9 9 9 1 9 9 0 15 9 9 9 1 11 7 11 3 1 1 1 1 1 1 3 1 1 1 1 1 1 1 1 1 3 11 3 10 3 3 3 3 3 0 0 0 0 0 0 0 0
