13 13 13 13 12 9 15 13 10 12 11 1 1 1 15 3 2 2 2 3 3 11 2 13 1 0 9 11 6 9 13 5 9 4 13 6 9 7 9 13 13 13 13 15 3 1 15 11 2 2 11 1 5 0 15 3 2 2 2 3 3 11 11 10 10 14 6 11 10 0 10 11 11 10 9 11 9 9 10 11
4 14 12 9 15 0 7 15 0 9 13 0 1 10 12 1 0 12 1 3 15 3 14 15 14 9 8 4 8 7 0 10 12 4 4 9 3 6 12 3 3 8 6 0 13 13 13 5 9 4 13 11 3 6 1 3 5 6 7 4 1 4 4 2 3 1 5 0 13 5 6 5 8 0 13 8 7 15 14 9
11 11 11 11 0 0 0 10 0 14 0 14 8 14 12 14 8 8 0 14 2 2 12 2 14 0 2 2 9 2 13 2 15 2 11 11 11 15 11 11 11 11 11 4 0 0 15 0 0 15 7 7 0 1 5 15 15 15 0 15 2 2 14 14 10 10 11 10 11 11 2 3 11 9 9 11 11 9 12 11
15 15 15 15 0 15 11 12 15 15 0 0 15 13 0 15 15 0 9 15 15 13 15 13 9 15 13 4 9 9 9 13 13 9 9 9 7 7 1 15 15 2 15 3 15 0 3 15 3 15 0 1 4 5 5 15 5 0 1 4 15 6 10 11 14 7 11 14 10 4 7 10 11 10 11 1 11 9 9 10
0 10 0 0 8 0 13 0 10 8 0 1 1 1 1 13 1 15 1 9 6 7 6 13 13 7 6 9 11 15 1 1 5 6 6 1 7 8 8 4 5 1 0 0 15 5 5 0 1 15 0 1 15 0 1 1 1 15 1 0 2 0 1 13 11 10 10 10 11 7 1 1 11 10 10 11 7 10 11 10
0 0 11 15 15 8 15 0 12 9 9 9 8 1 1 1 1 1 1 8 3 15 2 11 3 2 3 0 2 1 3 3 2 3 3 2 3 3 3 2 2 2 2 3 0 2 15 2 15 3 2 0 3 1 3 1 1 1 1 15 3 15 2 1 3 2 15 11 11 10 10 3 11 9 3 10 11 9 10 11
0 15 0 13 14 0 11 14 15 0 11 0 1 1 1 13 1 1 15 6 7 1 6 1 9 7 6 9 2 13 13 3 13 0 13 13 9 9 1 3 0 1 0 1 15 0 5 5 1 1 0 0 3 1 1 5 6 1 0 6 0 14 11 10 11 10 6 10 11 0 11 9 9 9 10 11 9 9 11 11
10 0 15 11 15 13 15 9 15 12 9 1 9 1 2 2 3 2 3 8 3 3 0 8 5 6 5 10 5 10 10 12 8 11 1 11 11 10 10 2 10 1 0 3 0 13 2 9 15 3 1 3 15 15 2 15 2 15 3 3 3 3 2 11 11 11 10 10 10 2 10 12 12 12 11 9 11 10 12 12
15 15 14 0 11 0 0 9 12 13 15 13 8 8 0 8 15 15 15 1 11 8 2 2 3 3 3 8 3 1 3 15 2 13 11 2 9 2 3 3 15 2 2 2 2 0 15 2 1 3 15 0 3 2 0 5 15 15 15 1 3 1 2 2 11 10 10 11 14 15 10 10 10 11 11 11 13 11 10 11
11 0 0 8 15 0 15 0 14 8 1 1 15 1 1 3 9 0 15 7 7 6 9 4 9 3 9 9 2 15 3 6 2 2 15 3 2 3 2 2 2 0 0 2 15 0 2 0 7 4 6 1 15 1 15 2 1 7 1 7 11 10 5 11 11 3 11 15 10 10 10 15 11 10 11 9 10 10 10 12
