9 15 11 0 0 15 15 15 15 12 14 9 1 11 10 15 9 10 15 3 12 0 1 3 3 8 3 3 15 3 3 3 3 2 11 3 9 2 2 9 3 15 9 15 11 2 1 6 2 4 7 1 11 0 0 11 2 2 15 11 3 3 3 15 15 2 15 3 15 3 0 0 1 3 2 6 3 3 10 14 11 3 14 11 10 14 10 12 10 9 3 10 5 11 10 12 10 12 12 10
15 9 0 8 15 13 15 11 0 11 15 15 9 8 15 2 2 3 3 3 15 7 7 7 7 4 3 1 6 8 7 11 10 10 14 14 6 3 2 5 7 11 11 4 11 11 6 3 5 5 4 5 7 0 4 1 1 5 0 15 15 15 2 1 15 2 2 3 1 3 15 7 5 7 7 7 0 4 11 11 11 10 10 10 14 14 4 14 12 11 9 11 10 10 12 11 9 10 11 9
14 14 13 0 0 0 11 0 12 11 1 1 14 1 0 10 11 13 9 15 3 14 10 0 1 1 1 1 12 0 15 10 2 15 3 14 10 10 2 0 0 11 3 6 4 4 4 6 1 4 3 5 6 0 5 0 7 4 7 15 1 1 3 1 0 0 1 6 6 15 3 3 1 0 7 15 1 1 0 15 15 2 2 11 10 14 2 10 11 14 0 10 11 11 10 4 11 10 9 11
15 15 15 0 15 14 0 0 13 0 9 15 0 15 1 3 3 11 3 10 15 0 11 11 1 13 3 2 6 3 2 1 2 7 1 7 5 3 5 7 3 6 2 5 7 6 4 1 4 5 15 15 2 15 15 2 3 0 3 2 15 3 3 15 1 3 3 1 3 15 15 0 3 14 1 2 11 9 6 11 2 11 2 10 10 10 5 11 11 11 3 6 10 14 12 6 9 6 12 5
15 14 15 0 13 13 14 13 13 10 0 8 1 11 1 8 1 1 12 1 1 6 7 6 7 6 13 11 9 11 5 3 7 6 9 4 4 9 6 13 7 9 9 4 9 9 13 13 13 5 13 3 15 7 13 13 7 13 13 13 4 6 4 7 1 3 7 5 2 4 0 2 7 6 2 6 10 10 10 10 10 5 7 10 10 10 7 12 12 11 4 9 10 11 9 11 11 9 9 10
13 0 13 0 13 12 13 13 15 8 15 0 11 13 14 8 0 15 3 3 0 3 9 9 3 3 11 7 7 6 6 7 13 6 7 5 9 4 15 4 9 5 6 9 6 9 7 13 9 13 7 3 6 0 13 13 13 13 13 5 15 0 15 5 2 15 7 7 3 3 15 3 0 3 3 3 15 7 2 11 11 10 10 6 7 10 11 4 11 10 3 9 10 9 9 10 10 11 9 9
8 8 13 8 10 15 15 13 15 11 1 1 0 0 1 10 10 12 9 0 0 3 1 3 2 13 15 13 11 0 3 3 3 3 3 3 2 2 3 11 11 3 4 10 10 10 14 10 15 11 5 0 15 1 0 15 1 15 1 0 2 2 0 0 0 0 3 3 3 15 0 3 1 15 2 3 10 11 11 10 3 10 11 15 11 10 10 10 10 15 12 12 9 10 9 10 12 9 11 10
11 15 8 11 15 0 11 0 11 0 15 8 11 0 15 1 1 0 1 12 14 1 0 14 0 1 1 14 1 10 6 6 6 10 6 7 14 5 12 5 7 5 5 3 7 6 7 4 6 0 11 0 15 2 11 1 11 3 1 0 0 3 1 0 2 1 2 0 1 2 0 1 0 0 15 0 1 14 11 10 6 10 11 4 10 11 14 10 11 14 12 10 11 11 10 1 9 10 11 0
0 0 10 0 0 12 11 10 0 15 8 15 1 1 1 1 1 12 1 2 3 15 2 1 9 2 0 6 7 6 4 6 11 7 9 5 4 9 6 13 13 9 2 0 2 3 3 3 2 1 0 4 4 0 4 6 0 1 4 7 0 15 4 7 1 1 1 0 1 2 3 15 2 1 0 10 11 11 10 6 11 11 11 9 9 10 10 10 11 11 5 9 12 11 10 10 12 12 11 12
12 0 12 14 15 0 14 11 11 11 15 15 11 1 9 1 14 3 2 0 7 6 6 12 4 10 10 4 9 11 4 5 6 6 9 7 11 13 1 9 9 13 15 13 3 9 7 3 13 2 12 0 12 14 12 0 10 11 2 11 1 2 1 1 0 1 1 3 2 0 7 6 6 2 11 10 10 11 8 10 9 12 10 11 9 11 11 11 11 11 10 11 11 10 9 12 11 9 10 10
