14 0 9 13 13 15 13 13 9 11 10 15 15 15 15 15 15 0 2 1 3 12 15 14 8 12 11 0 6 11 9 0 0 13 15 12 2 9 11 13 3 3 11 13 1 4 5 7 6 9 4 9 4 9 11 5 2 5 2 1 13 13 6 13 0 0 13 13 9 0 9 5 4 0 1 1 15 0 2 1 3 4 15 5 3 1 4 3 6 6 6 0 0 2 7 2 2 10 11 10 11 10 11 11 10 0 8 7 12 10 11 11 10 12 12 12 12 12 12 11
15 10 12 15 11 11 11 11 8 15 15 12 1 1 15 2 3 15 2 1 9 1 3 2 14 8 3 3 2 1 10 2 13 2 13 3 3 7 2 15 2 14 10 2 2 3 14 14 10 2 3 10 10 10 10 14 12 11 11 11 5 11 7 11 11 11 11 11 1 3 15 1 1 1 1 2 3 15 2 1 3 1 3 2 14 1 10 10 10 1 11 2 14 10 15 10 10 14 10 11 10 10 10 2 10 10 15 12 10 12 11 10 11 10 12 11 10 12 11 12
12 11 12 0 11 8 9 15 15 0 15 15 8 15 8 11 11 1 1 1 0 1 0 1 13 15 7 6 7 11 7 6 8 15 10 1 10 7 7 7 9 6 6 6 9 4 5 3 11 5 7 11 11 15 11 15 11 11 11 11 11 2 11 0 11 15 2 11 11 0 15 11 11 2 0 11 1 11 0 1 0 1 15 1 3 15 7 6 7 0 7 10 10 2 10 1 10 10 11 10 14 6 10 6 11 11 10 10 11 3 11 11 11 10 12 12 12 11 9 11
8 14 14 12 9 15 9 9 15 12 13 12 1 0 10 3 3 10 15 8 7 1 1 9 1 1 0 2 11 10 3 5 4 12 4 4 4 4 12 7 4 8 4 10 5 10 12 12 10 12 10 10 10 8 12 10 10 10 12 1 8 14 14 10 9 7 9 9 5 5 1 3 1 2 0 1 3 2 15 6 6 1 1 2 15 1 15 11 11 10 10 14 4 10 11 5 11 10 10 11 4 11 10 10 9 9 12 12 11 10 10 10 11 11 11 10 11 14 10 10
12 9 14 14 0 10 15 12 11 13 13 10 8 8 9 8 0 0 0 3 7 7 7 7 14 7 7 4 2 11 9 5 10 4 8 1 1 11 15 15 2 3 10 10 10 0 14 10 4 5 3 11 11 7 4 15 2 1 2 0 3 1 0 0 0 15 3 1 0 3 3 1 3 1 0 1 15 15 0 3 7 2 7 5 15 7 7 4 3 4 11 5 10 4 0 14 2 10 10 10 12 9 10 10 10 11 2 12 10 10 10 11 9 10 12 12 11 11 11 12
9 13 14 11 9 11 12 10 15 11 1 11 1 15 11 0 15 13 11 3 15 9 0 0 15 2 3 15 10 10 2 3 3 9 15 2 2 10 2 2 14 0 11 11 8 3 14 10 11 2 4 15 2 11 0 2 1 11 1 2 1 6 0 11 15 11 4 6 15 1 15 11 1 11 11 0 15 7 3 7 15 6 0 0 5 3 3 4 10 10 11 11 10 11 0 2 10 10 10 2 11 14 11 11 7 12 11 10 10 11 10 12 12 9 10 9 9 9 10 10
13 15 9 11 11 15 8 8 10 14 0 8 14 10 0 1 1 1 1 15 6 6 6 7 6 12 0 1 1 15 0 1 3 2 1 2 3 3 12 2 12 10 2 2 3 13 2 13 9 3 9 11 3 9 11 3 13 9 11 3 13 0 13 11 15 15 7 4 10 14 0 14 14 10 0 11 11 2 1 0 6 6 15 7 6 7 2 1 5 1 1 1 3 15 1 0 10 14 11 14 1 10 12 2 11 10 11 14 11 11 11 10 11 9 12 10 11 10 12 10
15 15 13 11 0 9 11 9 15 12 15 1 11 8 0 15 11 0 10 0 10 7 15 11 15 2 3 3 3 0 10 3 3 9 10 4 8 4 2 7 11 5 11 9 4 2 11 9 1 9 1 15 1 0 3 15 3 3 0 3 15 15 3 3 0 6 15 0 15 6 15 0 7 1 7 0 6 0 4 0 2 4 2 0 0 2 3 3 3 4 7 3 3 11 10 11 10 4 6 10 11 14 11 9 11 10 11 11 1 10 11 10 11 11 11 11 10 12 9 12
13 13 13 11 12 9 15 13 0 13 13 8 0 12 15 3 3 0 3 8 14 3 3 13 0 14 3 3 3 10 0 3 3 11 15 2 13 2 9 2 11 3 9 9 9 9 3 7 9 11 9 11 13 7 9 9 13 13 9 9 13 13 9 15 9 9 15 13 4 13 13 1 0 6 6 3 1 5 3 1 4 3 15 6 0 3 3 11 11 10 10 14 3 11 10 14 10 10 10 2 12 9 11 15 9 9 11 11 9 11 11 6 12 7 12 9 11 9 9 9
10 11 12 10 12 15 11 13 13 0 13 12 15 0 15 1 15 3 15 2 2 0 15 6 7 15 11 14 9 1 6 3 3 10 0 3 11 11 3 5 0 0 0 9 11 2 11 9 9 13 13 13 9 9 3 15 0 2 3 15 1 0 1 3 2 0 1 0 3 0 6 15 15 15 15 15 15 3 0 4 15 0 15 6 1 15 15 0 15 2 3 14 10 10 10 11 11 11 3 3 11 11 11 11 11 2 11 9 13 12 12 11 11 11 3 15 11 12 12 10
