9 13 11 10 12 14 11 11 8 13 14 10 13 13 13 10 15 15 15 13 12 0 9 13 7 7 7 7 7 15 0 0 1 7 7 6 8 7 7 11 6 11 6 3 2 9 7 13 3 9 11 9 11 2 9 0 2 9 11 9 9 9 9 13 9 9 9 9 9 9 9 4 0 0 2 9 11 13 2 2 13 4 13 13 5 4 15 1 15 3 6 5 15 1 7 5 6 5 7 3 15 0 15 9 11 11 10 10 11 10 10 11 14 1 2 10 11 11 10 10 11 11 11 11 9 12 10 10 10 10 11 10 11 7 9 9 9 9 9 9
10 12 12 8 12 10 0 10 8 14 10 0 14 13 3 3 3 5 5 4 2 5 5 15 3 2 3 3 2 3 3 2 2 2 0 2 8 6 10 4 10 6 3 4 15 11 12 9 12 2 10 10 2 14 8 3 10 10 8 12 12 12 5 10 9 12 12 10 12 12 10 8 10 8 15 10 14 10 11 14 14 10 14 10 3 3 11 5 11 11 2 5 3 7 15 1 6 3 2 1 0 2 4 4 6 3 11 11 10 10 10 11 14 4 15 1 12 9 9 8 10 5 10 14 9 9 11 10 11 11 11 11 10 10 11 12 9 10 12 12
8 11 10 15 11 11 15 8 9 0 9 13 13 2 3 8 11 2 14 14 0 3 3 2 2 3 0 0 3 3 1 2 3 2 2 9 2 1 11 2 12 11 2 10 2 3 3 10 3 12 3 12 2 12 0 3 10 12 10 3 12 1 15 8 7 8 3 4 15 4 11 11 0 11 4 11 1 6 1 7 5 0 2 2 3 1 7 6 4 15 15 3 2 2 2 5 0 15 3 15 1 2 1 2 2 4 10 11 14 7 11 10 1 10 11 10 10 10 3 12 14 9 12 10 11 12 9 10 9 9 11 5 12 14 11 9 11 11 12 12
8 10 8 14 14 11 10 11 14 10 0 0 9 11 15 10 3 3 14 2 0 15 3 13 1 3 5 6 3 7 14 12 3 3 10 8 2 2 5 4 5 6 9 3 10 14 8 9 8 1 3 10 10 10 10 2 8 0 10 14 14 10 10 10 10 14 12 8 6 10 8 10 15 14 14 11 10 11 14 10 0 0 15 11 1 4 7 11 5 2 0 3 3 4 2 3 3 5 3 7 0 15 11 11 10 10 2 10 10 11 11 11 10 6 10 11 6 9 11 9 9 11 10 10 10 10 10 11 10 11 9 12 11 10 10 11 9 9 9 12
14 10 12 8 0 10 13 11 10 12 10 8 8 1 1 1 13 1 15 1 15 15 13 2 3 10 9 4 4 0 0 7 14 15 3 0 2 2 9 11 11 2 8 13 2 12 13 2 15 2 9 3 11 15 9 3 0 9 13 15 11 10 10 13 8 3 11 10 10 11 10 10 14 15 11 15 15 11 10 14 4 2 6 1 13 13 13 6 7 1 15 7 1 0 3 0 0 4 15 15 6 6 2 2 1 15 15 1 10 14 11 2 14 11 2 10 3 2 4 9 12 11 11 10 10 6 10 10 9 10 12 10 10 10 12 9 10 10 11 10
9 13 10 15 14 0 8 15 9 14 0 1 1 1 10 1 0 8 14 15 1 0 13 15 2 3 3 1 0 2 0 2 11 3 3 2 2 15 2 15 3 9 2 15 2 11 3 0 3 0 11 1 3 11 1 3 1 3 2 11 3 11 3 1 2 1 2 3 0 2 6 6 7 1 3 0 1 0 0 3 1 1 1 2 15 3 0 0 3 3 1 3 7 4 2 3 3 1 2 2 0 2 15 5 3 2 2 7 2 2 15 12 12 11 4 10 2 2 3 11 10 10 3 11 2 3 11 3 10 2 3 9 11 10 10 11 9 12 10 11
13 0 14 14 8 12 11 9 15 8 1 1 10 1 13 2 3 3 3 0 3 15 4 5 7 7 4 7 3 7 0 4 7 13 3 3 9 3 3 14 2 8 2 8 3 3 10 2 10 2 14 3 2 12 11 2 1 0 5 1 11 9 7 9 13 6 9 9 13 13 13 0 5 1 7 7 5 15 0 3 6 0 5 1 2 4 3 4 3 6 15 15 6 7 7 7 4 1 3 7 0 4 6 7 15 3 1 15 3 11 10 10 11 14 3 14 10 11 14 12 10 11 11 11 11 9 11 12 10 10 11 9 12 10 9 9 9 11 9 9
15 15 9 10 11 9 9 0 0 9 14 15 0 14 1 3 0 2 2 4 6 7 15 5 4 3 12 8 3 3 2 14 0 2 11 3 1 3 9 3 9 3 0 11 2 14 12 12 3 12 10 3 15 10 2 12 11 12 15 10 10 11 11 3 7 4 1 0 3 15 15 0 15 7 7 3 4 3 0 7 4 0 0 0 1 0 0 5 15 7 6 15 4 5 4 3 4 5 1 3 2 6 2 4 11 10 1 10 5 11 14 3 0 11 10 14 12 12 12 9 10 10 10 10 11 11 9 12 9 10 12 11 11 12 9 12 10 9 9 9
10 12 13 14 0 8 11 12 14 15 10 8 1 1 1 13 1 7 6 15 5 10 7 4 1 1 2 2 13 3 1 3 1 3 3 2 12 2 8 1 15 4 6 6 7 11 5 12 11 5 13 12 4 12 10 3 10 10 12 12 10 8 2 11 11 11 11 3 11 11 3 11 1 11 1 15 11 6 11 15 2 15 1 3 1 5 4 2 6 15 5 5 4 4 1 15 15 2 3 3 15 4 1 3 7 2 0 3 10 10 11 11 14 6 11 10 5 10 11 5 12 11 9 9 9 10 11 9 9 11 11 11 10 12 12 12 12 12 11 10
10 15 13 15 15 8 9 9 15 14 14 8 8 14 11 15 3 15 3 3 2 2 8 1 11 1 1 14 1 1 0 3 1 3 9 3 3 2 2 11 2 8 4 6 6 10 5 14 10 13 8 2 12 12 14 10 12 10 4 12 7 12 12 12 10 14 8 11 10 8 14 9 13 0 3 0 1 11 11 14 14 14 10 14 5 7 3 1 15 6 2 3 4 1 1 0 1 1 1 1 4 1 1 6 0 3 7 2 10 11 11 10 11 10 5 10 11 3 9 11 11 10 10 10 11 0 12 10 10 10 12 12 12 12 10 10 10 10 10 11
