10 11 11 11 11 9 8 8 8 14 14 14 14 1 14 14 9 9 9 9 9 3 7 6 6 1 1 1 1 1 7 1 1 1 1 1 11 11 11 11 3 3 5 5 3 3 0 0 5 3 3 15 1 1 15 0 5 5 5 5 10 10 4 10 10 10 8 1 1 1 10 1 1 10 1 1 11 4 11 11
15 10 10 10 10 10 9 10 10 10 11 12 12 1 12 1 12 12 3 3 3 3 3 4 4 3 14 14 3 14 14 4 4 4 9 9 9 9 15 5 15 15 15 1 1 1 1 1 1 1 1 15 4 4 4 4 2 2 2 2 2 11 14 10 15 14 14 11 15 11 11 1 5 5 9 5 12 10 10 10
4 10 10 10 10 10 9 9 9 9 9 9 1 1 1 12 12 12 3 3 3 3 4 4 4 3 1 1 15 4 4 4 4 4 4 4 3 3 3 3 3 3 3 3 3 3 7 7 6 7 6 6 6 7 6 6 6 6 6 6 6 10 10 4 11 11 14 8 4 4 11 11 10 2 2 10 10 10 10 10
10 10 10 9 10 14 14 14 12 11 14 9 9 13 13 13 8 8 3 14 14 11 7 13 7 6 8 15 12 12 9 11 11 11 11 11 1 1 1 1 1 5 5 0 0 0 0 0 0 0 0 0 0 15 2 0 4 4 4 3 10 10 10 4 4 10 10 0 0 9 9 10 1 9 9 9 9 9 9 9
9 14 14 14 14 14 9 9 9 9 9 9 9 9 9 9 1 9 9 9 2 2 2 6 2 9 8 10 10 10 8 7 7 7 7 3 3 3 3 3 3 7 7 3 15 6 3 5 4 6 4 0 0 0 0 5 5 5 11 10 14 14 4 4 11 10 7 11 15 11 15 5 5 11 15 15 15 10 4 4
14 14 13 13 13 13 13 10 10 10 10 10 1 1 10 10 1 10 0 0 0 0 0 6 0 15 4 11 11 2 4 13 1 1 3 13 9 9 11 11 11 11 1 11 11 2 2 2 2 2 5 5 7 5 7 7 7 7 7 7 7 13 5 10 5 7 4 11 3 11 11 11 11 4 4 4 5 11 3 11
15 14 14 14 14 14 14 14 14 14 14 14 1 1 1 10 10 10 10 3 3 1 1 7 9 8 5 11 14 14 14 7 12 14 7 7 11 11 11 11 11 11 11 4 6 6 0 0 0 6 6 0 0 0 0 0 1 1 1 1 1 11 10 15 15 11 4 10 14 15 10 11 11 10 1 11 10 0 9 0
14 0 0 0 0 0 11 11 11 13 14 13 13 1 14 14 1 11 11 9 9 9 9 9 6 14 14 14 2 2 2 2 7 2 13 13 11 11 11 11 7 6 15 3 3 3 2 2 2 2 2 2 2 2 2 15 4 15 11 11 15 15 5 8 5 5 9 0 0 10 5 3 8 8 9 3 0 10 3 3
13 10 11 11 11 11 0 0 0 0 0 9 9 9 1 9 9 9 9 5 7 3 3 3 3 3 3 9 14 14 11 14 14 14 14 14 1 1 1 6 6 6 6 6 6 6 6 6 6 6 6 2 2 3 15 2 2 2 2 2 2 11 1 10 14 7 10 10 0 10 10 10 0 1 1 10 13 9 8 11
0 0 0 0 0 0 12 10 12 12 13 13 1 13 13 9 14 13 13 13 13 6 6 11 3 11 3 3 3 3 3 3 3 3 3 3 3 6 6 6 6 6 6 6 6 6 6 6 6 6 6 6 4 6 6 0 3 3 3 0 11 10 2 10 11 5 1 1 1 8 0 10 1 1 9 1 0 12 7 10
