10 10 10 10 10 10 10 10 10 10 10 15 8 1 9 1 1 1 3 3 3 15 11 11 11 11 11 6 0 0 0 6 6 6 6 6 3 3 3 3 3 4 4 15 2 2 2 8 2 8 8 12 3 3 11 11 11 15 5 8
10 12 0 0 10 10 12 10 10 10 10 15 12 12 12 11 11 3 3 3 3 8 8 4 4 4 1 1 1 1 1 15 4 15 15 15 2 2 2 2 2 2 2 2 2 2 2 10 2 11 2 6 11 10 6 10 10 1 10 1
12 12 12 12 12 12 9 9 9 12 12 15 12 12 1 12 8 8 8 8 8 9 7 7 7 7 6 6 6 6 6 7 7 7 7 7 6 6 6 6 6 7 0 0 0 0 11 10 7 7 11 11 11 11 11 1 1 10 10 1
8 8 13 13 8 8 14 0 14 14 14 8 8 8 8 8 1 8 8 8 8 8 5 5 5 5 2 2 15 15 15 15 15 15 15 15 15 15 15 15 15 15 15 15 15 4 11 10 15 15 11 11 11 11 11 15 11 11 11 2
14 12 12 12 12 12 12 12 12 12 12 12 1 1 1 1 1 10 10 10 10 13 7 7 7 7 5 5 5 5 5 5 5 5 5 5 5 5 5 5 5 5 5 5 5 5 11 10 5 5 10 10 10 5 11 5 5 10 5 11
0 13 13 0 0 13 12 12 12 12 13 13 13 13 1 13 11 11 11 11 11 11 11 7 11 1 1 1 1 1 1 1 1 1 1 1 1 1 1 0 0 0 0 0 0 11 2 10 6 6 6 2 2 11 11 11 11 11 11 11
12 10 10 15 12 10 9 9 9 9 9 9 9 9 1 1 9 13 13 13 13 13 6 6 6 6 0 0 0 0 0 1 1 1 1 1 0 0 0 0 1 1 1 1 1 1 0 10 10 0 10 0 0 10 10 0 2 11 10 10
14 9 9 9 9 9 13 13 13 13 13 9 9 1 1 1 1 15 9 9 9 9 9 6 9 6 15 6 6 6 15 0 0 0 0 0 15 15 15 15 3 3 3 3 6 6 6 10 15 15 10 15 15 11 12 15 15 3 8 8
13 14 14 12 12 12 12 12 12 12 12 12 1 1 12 12 12 12 13 13 13 12 12 6 11 11 0 1 1 1 2 15 15 4 4 4 3 3 3 15 3 3 3 3 3 15 11 10 15 11 10 11 10 3 3 10 11 11 11 11
12 12 12 10 10 10 10 10 10 10 0 11 11 1 1 1 1 11 11 11 11 11 11 6 6 6 6 15 15 15 15 15 15 15 7 7 5 5 4 4 4 7 7 7 0 11 7 10 4 4 4 11 9 5 11 10 11 12 5 11
