n,sample_index,max_fidelity,ttime,cpu_time,generations
16,0,0.9907001356256052,69.00000000,31.91404915,20
16,1,0.9901513377416021,74.00000000,24.44485378,26
16,2,0.991187975293695,73.00000000,23.39806199,25
16,3,0.9908320119162791,72.00000000,18.73201084,20
16,4,0.9911904910559437,72.00000000,20.80518794,22
16,5,0.9906230863591976,65.00000000,17.86676884,19
16,6,0.9916631718387392,70.00000000,19.89734745,21
16,7,0.9902403072631063,75.00000000,24.68414330,26
16,8,0.9900086763189518,76.00000000,18.83213878,20
16,9,0.9902376468303689,68.00000000,19.97856522,21
16,10,0.9903875663365795,65.00000000,24.90185785,26
16,11,0.9912417164810763,69.00000000,22.80720735,24
16,12,0.9925910882199573,74.00000000,23.00982332,24
16,13,0.9921730777833324,68.00000000,24.81209207,26
16,14,0.990875219480105,68.00000000,22.07597256,23
16,15,0.9901307635481926,65.00000000,19.94359183,21
16,16,0.9916783708894704,77.00000000,21.78800273,23
16,17,0.9905541933212465,71.00000000,17.07507992,18
16,18,0.9904619990857453,73.00000000,22.03051615,23
16,19,0.9901928777896766,68.00000000,22.00234771,23
16,20,0.9900401407864887,73.00000000,20.23908401,21
16,21,0.9902569779953831,65.00000000,16.25196123,17
16,22,0.9909964073844546,76.00000000,23.22901535,24
16,23,0.9902931326741794,71.00000000,23.91925406,25
16,24,0.990161297373678,66.00000000,20.98368359,22
16,25,0.9917836758740959,76.00000000,20.05130529,21
16,26,0.990917337532861,73.00000000,22.07801223,23
16,27,0.9905432654859462,73.00000000,22.04554009,23
16,28,0.9902097713740652,69.00000000,21.12553167,22
16,29,0.9910606675825531,77.00000000,22.12702060,23
16,30,0.9905109449722898,79.00000000,22.01466703,23
16,31,0.9905049203204717,71.00000000,20.19435310,21
16,32,0.991113154607956,69.00000000,20.36215615,21
16,33,0.9927662972723638,66.00000000,19.24976325,20
16,34,0.9943442057721615,72.00000000,21.11783671,22
16,35,0.9921316574145367,67.00000000,26.14065671,27
16,36,0.9903634463053053,69.00000000,23.25866914,24
16,37,0.9912032187950679,73.00000000,24.45797205,25
16,38,0.9912128585588266,65.00000000,18.26797605,19
16,39,0.9919165359322009,65.00000000,20.27549672,21
16,40,0.9901432723454162,72.00000000,22.57683349,23
16,41,0.9919548775036591,72.00000000,22.32642317,23
16,42,0.9931364426259497,73.00000000,22.21979547,23
16,43,0.9912676507469059,71.00000000,25.31963539,26
16,44,0.9918410149194823,67.00000000,23.45543122,24
16,45,0.9903984388671578,73.00000000,20.40813327,21
16,46,0.9914224202929051,79.00000000,26.27394462,27
16,47,0.9912462889141891,72.00000000,17.62481141,18
16,48,0.9901852779834435,75.00000000,23.27159739,24
16,49,0.9901876401013139,67.00000000,20.68372440,21
16,50,0.9910309093105376,77.00000000,20.36623573,21
16,51,0.990260826866676,65.00000000,16.46888518,17
16,52,0.9925158828365311,66.00000000,23.16471648,24
16,53,0.9933631256542889,78.00000000,25.32808423,26
16,54,0.9906642437617506,70.00000000,21.47392058,22
16,55,0.9908173027679827,71.00000000,23.35084581,24
16,56,0.9906662951597294,67.00000000,23.26562405,24
16,57,0.9924697541930748,70.00000000,19.60013247,20
16,58,0.9910335531464338,65.00000000,24.50361156,25
16,59,0.9914102660722565,70.00000000,25.54152107,26
16,60,0.9917633704718696,68.00000000,19.53307748,20
16,61,0.9908060459417646,65.00000000,18.71115613,19
16,62,0.9904765251625421,69.00000000,22.51483417,23
16,63,0.9900173032297375,68.00000000,21.66016507,22
16,64,0.9912246894543,76.00000000,21.39411783,22
16,65,0.9905468923102483,77.00000000,23.30492806,24
16,66,0.9912893716698385,74.00000000,23.51483464,24
16,67,0.9901266597864722,66.00000000,22.55512547,23
16,68,0.9917018237841013,67.00000000,20.56450725,21
16,69,0.991603849554425,68.00000000,22.75881696,23
16,70,0.9908254327411348,69.00000000,24.59512687,25
16,71,0.9907179694713636,65.00000000,21.59399939,22
16,72,0.9908606657062475,67.00000000,22.51163459,23
16,73,0.9917025775652845,66.00000000,20.50599599,21
16,74,0.9902519716154139,72.00000000,22.55241323,23
16,75,0.9905102428172261,74.00000000,22.47775126,23
16,76,0.991218683507453,66.00000000,22.55974030,23
16,77,0.9920279822042258,67.00000000,20.59977055,21
16,78,0.9918150648981862,66.00000000,20.59855318,21
16,79,0.9923661116089917,71.00000000,20.42049170,21
16,80,0.9910957828621874,69.00000000,22.44701385,23
16,81,0.9906535068850235,68.00000000,23.45250630,24
16,82,0.991848190227433,69.00000000,21.34273601,22
16,83,0.9913225401974044,75.00000000,20.49854803,21
16,84,0.9902559141823876,65.00000000,19.48676538,20
16,85,0.9904882571661502,67.00000000,19.48940516,20
16,86,0.9902871190902898,68.00000000,21.52672958,22
16,87,0.9918580695381782,65.00000000,17.61147547,18
16,88,0.9900549462137704,71.00000000,19.47470832,20
16,89,0.9904375114512085,69.00000000,21.50215983,22
16,90,0.990638321434339,75.00000000,23.68896723,24
16,91,0.9910900973931313,71.00000000,24.35174060,25
16,92,0.9915686188556203,69.00000000,22.60954690,23
16,93,0.9922908416734953,71.00000000,21.44116116,22
16,94,0.9908201030874969,70.00000000,20.58853793,21
16,95,0.9932901171277119,74.00000000,27.51059413,28
16,96,0.9910822667989818,68.00000000,22.45348549,23
16,97,0.990237932563915,72.00000000,25.54446936,26
16,98,0.9906236870387424,71.00000000,24.48032618,25
16,99,0.9923333108452899,70.00000000,26.46156859,27
16,100,0.9905140616194437,75.00000000,22.34880590,23
16,101,0.9907309738662053,78.00000000,23.46196938,24
16,102,0.9901359612132026,67.00000000,22.57423806,23
16,103,0.9915137095168033,69.00000000,22.48068595,23
16,104,0.990279277392101,65.00000000,18.51580191,19
16,105,0.9904198868931464,74.00000000,20.50893092,21
16,106,0.9907255582295977,65.00000000,19.50515032,20
16,107,0.9909018728363728,72.00000000,22.46013856,23
16,108,0.991794458588068,78.00000000,22.47505140,23
16,109,0.9905585139828581,65.00000000,21.44253159,22
16,110,0.9903763277267085,72.00000000,22.46553588,23
16,111,0.9924213027476839,70.00000000,24.43969321,25
16,112,0.9909803879085273,75.00000000,19.57458973,20
16,113,0.9907233063885037,69.00000000,22.73576307,23
16,114,0.9901303337039882,65.00000000,20.59807467,21
16,115,0.9900086839835842,68.00000000,19.57724929,20
16,116,0.9906365587051749,66.00000000,22.80785847,23
16,117,0.9908938934959364,68.00000000,24.42461729,25
16,118,0.9917019076832053,66.00000000,20.70880294,21
16,119,0.9905224827695323,76.00000000,19.60426545,20
16,120,0.9903028867761254,67.00000000,21.60990787,22
16,121,0.9908202253436833,67.00000000,19.57154751,20
16,122,0.9915928047530329,69.00000000,25.53097343,26
16,123,0.9904978780126509,68.00000000,22.53856230,23
16,124,0.9919068855565444,73.00000000,21.56553555,22
16,125,0.9902471472840038,74.00000000,24.54579043,25
16,126,0.9904118940556395,65.00000000,21.40487194,22
16,127,0.9902110943965572,75.00000000,21.58558583,22
16,128,0.9902164294385958,67.00000000,20.36508703,21
16,129,0.9907837460431861,66.00000000,21.25378489,22
16,130,0.9918122513276519,67.00000000,20.38754392,21
16,131,0.9902146992754964,78.00000000,23.17794156,24
16,132,0.9906027713760459,69.00000000,24.32423449,25
16,133,0.9924693541725176,72.00000000,19.27615833,20
16,134,0.9913542934728874,68.00000000,27.93094683,29
16,135,0.9900825190573612,76.00000000,21.60180187,22
16,136,0.9912259334681476,73.00000000,23.37501740,24
16,137,0.9935173501642385,69.00000000,22.54105330,23
16,138,0.9902034971438504,64.00000000,19.42546511,20
16,139,0.9915482802939812,71.00000000,23.52547669,24
16,140,0.9902184082968488,74.00000000,22.13379765,23
16,141,0.9905698115914838,65.00000000,24.19283247,25
16,142,0.9904398575870497,73.00000000,21.13461852,22
16,143,0.9912143709737158,65.00000000,22.10065317,23
16,144,0.9903858047293912,65.00000000,21.29185772,22
16,145,0.9919049017349966,70.00000000,24.46039438,25
16,146,0.9903598931830515,69.00000000,22.39064217,23
16,147,0.9912483788130739,73.00000000,23.67830777,24
16,148,0.990029671153444,66.00000000,21.36876535,22
16,149,0.9901613762945757,70.00000000,20.36147118,21
16,150,0.9911847088783752,76.00000000,17.39347076,18
16,151,0.9905897972887361,71.00000000,23.62265563,24
16,152,0.9917761056139945,74.00000000,21.50296140,22
16,153,0.9902069612505902,74.00000000,22.56169462,23
16,154,0.9902619835905929,65.00000000,20.41162229,21
16,155,0.9910074194348412,66.00000000,18.48630404,19
16,156,0.9906132285127349,74.00000000,23.52872252,24
16,157,0.9911144500073493,64.00000000,25.34261584,26
16,158,0.9913890382026387,68.00000000,18.41879106,19
16,159,0.9907212162599143,74.00000000,23.33360815,24
16,160,0.9903291306015165,74.00000000,24.35813594,25
16,161,0.9912838931896828,66.00000000,18.30478835,19
16,162,0.991558149211202,66.00000000,21.14890647,22
16,163,0.9914929008756711,78.00000000,23.26740408,24
16,164,0.9929167590425582,67.00000000,22.28502607,23
16,165,0.9912463297118862,70.00000000,21.37737751,22
16,166,0.9903339998337375,78.00000000,21.25130892,22
16,167,0.9900969211174913,76.00000000,21.45175338,22
16,168,0.9912464357555331,74.00000000,20.41063690,21
16,169,0.9907084587121587,79.00000000,21.31788874,22
16,170,0.9943882695080777,69.00000000,18.40942383,19
16,171,0.9906897796602367,69.00000000,19.39211655,20
16,172,0.9902051296516141,67.00000000,20.44497681,21
16,173,0.9907957774105521,78.00000000,23.15845251,24
16,174,0.9903062672356606,66.00000000,21.23407578,22
16,175,0.9903556419246753,74.00000000,20.15605164,21
16,176,0.9921203278766619,71.00000000,20.21363950,21
16,177,0.9902431026557765,67.00000000,17.53137136,18
16,178,0.9915671008191247,69.00000000,20.41030025,21
16,179,0.9906413493302471,66.00000000,26.23912907,27
16,180,0.9909734868439065,73.00000000,21.28548360,22
16,181,0.9903628205286995,75.00000000,21.47711492,22
16,182,0.9906753576554617,68.00000000,23.45814657,24
16,183,0.9900517678961676,77.00000000,21.29185629,22
16,184,0.9901511454253209,66.00000000,21.14210510,22
16,185,0.9909904373412259,72.00000000,19.98926258,21
16,186,0.9934805031467343,65.00000000,19.94473338,21
16,187,0.9913211048000943,69.00000000,17.14909291,18
16,188,0.992136072444191,70.00000000,23.78669047,25
16,189,0.9902217387450426,65.00000000,19.99796987,21
16,190,0.991228950143073,77.00000000,21.92786169,23
16,191,0.991552839925871,66.00000000,21.87909508,23
16,192,0.9900424278056991,77.00000000,17.92383862,19
16,193,0.9911833629859489,75.00000000,20.90685916,22
16,194,0.9915307649512395,79.00000000,20.90083337,22
16,195,0.990096865333445,78.00000000,20.88882136,22
16,196,0.9916915319326965,65.00000000,17.96723962,19
16,197,0.9918977885632969,73.00000000,23.92741871,25
16,198,0.9921484748499048,67.00000000,22.71649575,24
16,199,0.9901513294167106,70.00000000,23.01973176,24
16,200,0.9901996011924571,69.00000000,21.11672235,22
16,201,0.9901526818143684,70.00000000,24.83053160,26
16,202,0.9906905733146727,74.00000000,21.94295025,23
16,203,0.9905543580528307,65.00000000,22.89367795,24
16,204,0.9908367822363793,68.00000000,22.06450152,23
16,205,0.9900240025209366,72.00000000,20.07908273,21
16,206,0.9903554315756649,79.00000000,22.02590823,23
16,207,0.9905510377843537,72.00000000,20.96393991,22
16,208,0.9912200536762968,67.00000000,21.36090684,22
16,209,0.9925781529473462,71.00000000,21.12644267,22
16,210,0.9911970487807374,68.00000000,19.18117070,20
16,211,0.9902290384370651,76.00000000,19.99988747,21
16,212,0.9907237814693304,71.00000000,24.85576677,26
16,213,0.9901058205035591,67.00000000,17.11939859,18
16,214,0.990509948498996,79.00000000,20.99022794,22
16,215,0.9905488220406187,68.00000000,20.87603974,22
16,216,0.9910665007241035,65.00000000,18.13714743,19
16,217,0.9920163190796755,65.00000000,21.09956408,22
16,218,0.9907432450492255,79.00000000,22.07467175,23
16,219,0.9911685778580052,69.00000000,23.13399053,24
16,220,0.9903666386305844,73.00000000,24.90712404,26
16,221,0.9904960581325801,72.00000000,28.04708409,29
16,222,0.9902799785763714,71.00000000,23.86471605,25
16,223,0.9908891093696355,72.00000000,22.01200318,23
16,224,0.9907613387078392,69.00000000,23.03885102,24
16,225,0.9902067455930403,67.00000000,23.10886288,24
16,226,0.99212468108965,73.00000000,22.24286723,23
16,227,0.9935619377847354,70.00000000,24.00376511,25
16,228,0.9909423741090753,70.00000000,24.11784148,25
16,229,0.9901217717864917,67.00000000,25.05912113,26
16,230,0.9910060275758392,69.00000000,20.83531213,22
16,231,0.9923892409567552,65.00000000,16.20167446,17
16,232,0.9904920001574552,67.00000000,23.76782465,25
16,233,0.9903411649788264,73.00000000,21.00420952,22
16,234,0.9915455164642328,70.00000000,20.12832046,21
16,235,0.9901067523429095,70.00000000,19.10753798,20
16,236,0.9923666825342505,74.00000000,21.99599028,23
16,237,0.9906541389367451,65.00000000,19.05285382,20
16,238,0.9901393203183734,67.00000000,24.93815708,26
16,239,0.9905560171439677,71.00000000,22.25259066,23
16,240,0.9908272283199926,73.00000000,21.98475695,23
16,241,0.9926774557755833,75.00000000,20.11672759,21
16,242,0.9905377495413787,67.00000000,20.04911304,21
16,243,0.9929675401865636,67.00000000,21.09020352,22
16,244,0.9903632043475568,71.00000000,25.02981687,26
16,245,0.990704318402636,65.00000000,21.01616621,22
16,246,0.9916792070381912,65.00000000,20.02287602,21
16,247,0.9908008621184345,72.00000000,20.89707112,22
16,248,0.9907215763177905,68.00000000,17.18693209,18
16,249,0.9900428703228695,71.00000000,22.78660083,24
16,250,0.9916109731171869,75.00000000,18.90654325,20
16,251,0.9918040579577252,65.00000000,23.90862274,25
16,252,0.9901782314471514,71.00000000,19.09034419,20
16,253,0.992710783391991,78.00000000,21.09025145,22
16,254,0.9915066878642023,79.00000000,21.92981625,23
16,255,0.9914163551807564,68.00000000,24.86296868,26
16,256,0.9915181721320029,66.00000000,22.02343583,23
16,257,0.9913452858938815,74.00000000,21.07348561,22
16,258,0.9905732462547229,74.00000000,23.98899436,25
16,259,0.9901435724848621,65.00000000,22.85991025,24
16,260,0.9901689443273699,66.00000000,19.10458708,20
16,261,0.9933809486773961,65.00000000,23.08872390,24
16,262,0.9918737284328,74.00000000,21.00744724,22
16,263,0.9905213261376509,70.00000000,22.14151406,23
16,264,0.9900877253070536,68.00000000,22.87402129,24
16,265,0.9923260413259216,75.00000000,22.92626500,24
16,266,0.9916532963885895,69.00000000,25.70779586,27
16,267,0.9914360561401259,72.00000000,20.94197178,22
16,268,0.9906232699171872,66.00000000,19.07435346,20
16,269,0.9903081147800258,69.00000000,22.90462661,24
16,270,0.990773350577202,65.00000000,21.97781324,23
16,271,0.9908629871210022,67.00000000,19.15423465,20
16,272,0.9907820565554303,70.00000000,20.04703236,21
16,273,0.9908959148515942,74.00000000,22.04927826,23
16,274,0.9906131811095047,70.00000000,20.05222154,21
16,275,0.9904414005245743,71.00000000,20.97256780,22
16,276,0.9900425113972486,75.00000000,24.12761927,25
16,277,0.9907112854724961,67.00000000,19.05906844,20
16,278,0.9913189282628743,67.00000000,20.15799904,21
16,279,0.9905083848403735,70.00000000,22.88752580,24
16,280,0.9906372664985447,65.00000000,20.16163564,21
16,281,0.9913975209141277,74.00000000,24.88903260,26
16,282,0.9914593110396278,66.00000000,20.08338261,21
16,283,0.9907280637285799,65.00000000,19.09420705,20
16,284,0.9903085384689354,70.00000000,20.00453544,21
16,285,0.9907104033693895,72.00000000,26.80190945,28
16,286,0.9904146398651028,66.00000000,20.04472756,21
16,287,0.9905716826811174,71.00000000,23.03468275,24
16,288,0.9911668299249414,65.00000000,20.00893140,21
16,289,0.9909038544837377,66.00000000,20.08267951,21
16,290,0.9902804480948373,66.00000000,21.22548127,22
16,291,0.9908063998565427,67.00000000,21.83821344,23
16,292,0.9918923894277237,65.00000000,19.12143636,20
16,293,0.990409288717488,68.00000000,23.92123914,25
16,294,0.990114041179242,78.00000000,21.08304262,22
16,295,0.9907207938200634,75.00000000,24.03987980,25
16,296,0.9908530034095575,65.00000000,20.08968806,21
16,297,0.9920095008050613,68.00000000,26.03720140,27
16,298,0.990424488777462,69.00000000,22.20401335,23
16,299,0.9904477029698863,77.00000000,21.17751527,22
16,300,0.9904587214642357,68.00000000,20.87177587,22
16,301,0.9913727454666686,73.00000000,23.04891825,24
16,302,0.9912486832503494,65.00000000,24.94690418,26
16,303,0.9905420303953517,65.00000000,17.23263335,18
16,304,0.9900790570535312,65.00000000,23.09685111,24
16,305,0.9916175118226291,67.00000000,22.01512480,23
16,306,0.9906335769430762,76.00000000,22.09820676,23
16,307,0.9920976233159111,66.00000000,20.21418047,21
16,308,0.9903629281597599,67.00000000,16.45007420,17
16,309,0.9910866539628873,75.00000000,22.09894705,23
16,310,0.9904514778277528,71.00000000,23.97810459,25
16,311,0.9902730640108549,70.00000000,20.14028382,21
16,312,0.9921839435307175,67.00000000,19.40400076,20
16,313,0.9913802318098984,71.00000000,23.12608266,24
16,314,0.9903678237381869,76.00000000,20.23011851,21
16,315,0.9915227148857605,65.00000000,23.14224505,24
16,316,0.9903717382565157,65.00000000,21.00334311,22
16,317,0.9900047820358405,71.00000000,21.09825063,22
16,318,0.9906912377297962,67.00000000,20.94285727,22
16,319,0.9921130075607978,67.00000000,19.98480773,21
16,320,0.9914168011029825,66.00000000,18.16695523,19
16,321,0.9902008744896829,67.00000000,21.24054790,22
16,322,0.9903775346516398,66.00000000,22.97989535,24
16,323,0.9927933929055487,73.00000000,23.07924175,24
16,324,0.9903048168414147,65.00000000,19.39360332,20
16,325,0.9903790489708268,72.00000000,25.86704087,27
16,326,0.9900678441821866,67.00000000,20.09878898,21
16,327,0.9906844883398146,67.00000000,21.14656019,22
16,328,0.9911616954582292,66.00000000,19.17736244,20
16,329,0.9904449831024261,68.00000000,28.17703557,29
16,330,0.9916710756987437,71.00000000,25.25132465,26
16,331,0.9900840557757378,71.00000000,23.93572640,25
16,332,0.9903872140308618,78.00000000,23.18404102,24
16,333,0.9901609018888368,73.00000000,23.24424887,24
16,334,0.9904650842395935,78.00000000,25.05165124,26
16,335,0.9901094763064576,76.00000000,25.95764136,27
16,336,0.99039629533996,65.00000000,17.18978024,18
16,337,0.9903763300431315,72.00000000,22.11900496,23
16,338,0.9900684161796219,65.00000000,21.07322192,22
16,339,0.9908147344439497,68.00000000,18.30506682,19
16,340,0.9902297327222707,65.00000000,18.19138169,19
16,341,0.9911115102357316,69.00000000,22.10902357,23
16,342,0.9904255749148855,67.00000000,20.19608188,21
16,343,0.9908917035462638,66.00000000,20.11707687,21
16,344,0.9904671509320429,65.00000000,17.21663022,18
16,345,0.9907507843185598,69.00000000,21.11276793,22
16,346,0.9902814678835323,70.00000000,22.25967979,23
16,347,0.9913625595261157,72.00000000,24.87717080,26
16,348,0.9905850880467786,69.00000000,27.96021390,29
16,349,0.990514598873784,68.00000000,24.24673891,25
16,350,0.9907218688556723,67.00000000,21.17271996,22
16,351,0.9909546594141954,78.00000000,19.26823473,20
16,352,0.9913231488558863,77.00000000,22.87835908,24
16,353,0.9916890014815041,67.00000000,18.03829384,19
16,354,0.9904222411923089,70.00000000,22.82861519,24
16,355,0.9900850267875195,73.00000000,19.03865242,20
16,356,0.992646912131034,68.00000000,21.87506032,23
16,357,0.9906177304462513,71.00000000,21.15844822,22
16,358,0.991211934831418,72.00000000,22.05469775,23
16,359,0.9907510116879459,68.00000000,22.15999579,23
16,360,0.9914342675845607,76.00000000,21.13038301,22
16,361,0.9909476899108529,74.00000000,21.89386892,23
16,362,0.9917630459885243,74.00000000,25.08648300,26
16,363,0.9936231576121317,68.00000000,16.22744322,17
16,364,0.990059758651114,70.00000000,23.13585663,24
16,365,0.9909808674506115,71.00000000,22.03472066,23
16,366,0.991612521828882,66.00000000,21.02815437,22
16,367,0.9903554030589061,73.00000000,19.10956955,20
16,368,0.990121514582416,68.00000000,23.02379656,24
16,369,0.9910293349723428,71.00000000,22.10777044,23
16,370,0.9917980232046633,76.00000000,23.91263843,25
16,371,0.9901897579881531,69.00000000,18.18021774,19
16,372,0.9910002106797619,69.00000000,23.29771590,24
16,373,0.9902505083587704,65.00000000,18.07010078,19
16,374,0.9901728043206949,72.00000000,18.13228345,19
16,375,0.9906235355751496,69.00000000,22.93856573,24
16,376,0.9908426299794346,74.00000000,24.89884853,26
16,377,0.9905241612176722,71.00000000,22.03381133,23
16,378,0.993762704503108,77.00000000,22.05352783,23
16,379,0.990256923938132,65.00000000,19.14956307,20
16,380,0.9928539602444648,74.00000000,19.10941792,20
16,381,0.9907385739854057,75.00000000,19.09789324,20
16,382,0.9900259056667373,67.00000000,26.09466982,27
16,383,0.9918216145989055,69.00000000,24.21469688,25
16,384,0.9902090502723808,77.00000000,22.07314372,23
16,385,0.9900829827496314,79.00000000,22.98125386,24
16,386,0.9919935560244117,72.00000000,20.07477450,21
16,387,0.9911389037328859,71.00000000,21.00026441,22
16,388,0.9909159951851754,69.00000000,25.82184458,27
16,389,0.9905095273072082,68.00000000,15.21143293,16
16,390,0.9917937831632399,66.00000000,20.01193333,21
16,391,0.9925306677396389,65.00000000,22.91872168,24
16,392,0.9901884455924729,67.00000000,20.99878979,22
16,393,0.9906819260749218,73.00000000,24.05974054,25
16,394,0.9900224852114075,70.00000000,19.12890339,20
16,395,0.9907278225018847,77.00000000,23.96143126,25
16,396,0.9911357247483134,65.00000000,17.15917587,18
16,397,0.9911988059206773,71.00000000,20.11909199,21
16,398,0.9907046156734047,73.00000000,21.01582193,22
16,399,0.9908315427677484,69.00000000,17.11841846,18
16,400,0.9907996904074876,72.00000000,18.32788014,19
16,401,0.9913069950314156,65.00000000,22.11099005,23
16,402,0.9917738924446127,77.00000000,22.23190808,23
16,403,0.9920440809968737,65.00000000,16.27105498,17
16,404,0.9900730655723924,69.00000000,21.99856448,23
16,405,0.9915996390428723,75.00000000,23.05554366,24
16,406,0.9904357582536982,70.00000000,25.90085149,27
16,407,0.990753549299034,65.00000000,20.00121784,21
16,408,0.9916898494415338,73.00000000,24.03218079,25
16,409,0.9907542213237037,66.00000000,24.32386160,25
16,410,0.9917379622421515,65.00000000,24.95164967,26
16,411,0.9904145717228326,65.00000000,20.40189338,21
16,412,0.9914975761301319,68.00000000,18.32033300,19
16,413,0.9913235910176429,75.00000000,23.19900918,24
16,414,0.9906636409151779,75.00000000,25.12944269,26
16,415,0.9917980360798222,68.00000000,24.39117432,25
16,416,0.990415695790206,74.00000000,22.26217985,23
16,417,0.9906642771172244,72.00000000,21.11675286,22
16,418,0.9914008170518285,65.00000000,19.46447968,20
16,419,0.9908040592279255,66.00000000,20.26393104,21
16,420,0.9910472122090663,69.00000000,23.25282717,24
16,421,0.990241000109926,65.00000000,20.20319772,21
16,422,0.9905763156611112,69.00000000,22.43454075,23
16,423,0.990953905914888,67.00000000,20.18191767,21
16,424,0.9925998003763196,68.00000000,21.07717752,22
16,425,0.990003727539129,65.00000000,22.95923662,24
16,426,0.9924675229735589,70.00000000,25.13622069,26
16,427,0.9900462113050015,65.00000000,18.20674682,19
16,428,0.9901713742125402,70.00000000,25.05891776,26
16,429,0.9910605661404894,67.00000000,24.10236645,25
16,430,0.9922143806198241,76.00000000,24.13907957,25
16,431,0.9908750696826262,76.00000000,17.26431084,18
16,432,0.9906203322164371,74.00000000,20.22790051,21
16,433,0.9903213616455362,72.00000000,21.26081944,22
16,434,0.992151531560937,69.00000000,20.26874065,21
16,435,0.991184228440518,79.00000000,20.12388039,21
16,436,0.9900964658046564,66.00000000,21.14222693,22
16,437,0.9909983775734539,74.00000000,22.48748374,23
16,438,0.9904717741024098,67.00000000,20.17526674,21
16,439,0.9901542732921746,67.00000000,22.96103215,24
16,440,0.9903996741303613,78.00000000,22.19464850,23
16,441,0.9936991200121393,67.00000000,17.22520089,18
16,442,0.9907590639852378,66.00000000,20.97718835,22
16,443,0.9913460073814526,72.00000000,19.18082976,20
16,444,0.9902803041801789,67.00000000,21.06992126,22
16,445,0.9902462326244723,71.00000000,24.05160642,25
16,446,0.991785640395762,65.00000000,23.07273722,24
16,447,0.9904987043414788,74.00000000,24.07271242,25
16,448,0.9904655390978007,73.00000000,27.00522065,28
16,449,0.9907821591064437,67.00000000,16.38998985,17
16,450,0.9900061186766717,64.00000000,23.34903049,24
16,451,0.9909610579614698,74.00000000,17.20780182,18
16,452,0.9904556053567685,67.00000000,21.10925603,22
16,453,0.9905947216003204,72.00000000,22.30841780,23
16,454,0.9904652037153309,78.00000000,24.01432848,25
16,455,0.9926892815323974,65.00000000,20.19903564,21
16,456,0.9912127712674872,70.00000000,20.25601149,21
16,457,0.9914469583818013,80.00000000,29.05492139,30
16,458,0.990997521969806,80.00000000,21.20778370,22
16,459,0.990171371931702,75.00000000,19.15673089,20
16,460,0.9900410544871634,67.00000000,21.11816216,22
16,461,0.9921922101427132,79.00000000,25.12453890,26
16,462,0.99249222149393,73.00000000,23.18453646,24
16,463,0.9906688309100069,72.00000000,24.12528515,25
16,464,0.991195411917186,68.00000000,19.30198812,20
16,465,0.9901293965133027,66.00000000,24.03704906,25
16,466,0.9904878555643614,68.00000000,20.15237093,21
16,467,0.9903220224021912,69.00000000,21.09490037,22
16,468,0.9905489966530582,65.00000000,19.31003642,20
16,469,0.992470117206567,69.00000000,22.31650949,23
16,470,0.9900974582870177,69.00000000,20.29195786,21
16,471,0.9913219903015591,73.00000000,21.37953210,22
16,472,0.9901847072022179,71.00000000,21.16127658,22
16,473,0.9907724971826458,74.00000000,21.27083468,22
16,474,0.9934479655702264,74.00000000,17.47583723,18
16,475,0.9910480850890124,80.00000000,24.12767172,25
16,476,0.9916998171504039,65.00000000,24.03906298,25
16,477,0.9902528349041858,73.00000000,23.01824284,24
16,478,0.9903051483059684,73.00000000,20.21207309,21
16,479,0.9920083247625137,69.00000000,23.95261002,25
16,480,0.9905481911828572,75.00000000,21.99979615,23
16,481,0.9906317054479985,77.00000000,22.05305076,23
16,482,0.9921351597362595,73.00000000,21.32949805,22
16,483,0.9903384726089827,67.00000000,19.26479435,20
16,484,0.9904580228466877,67.00000000,18.11291313,19
16,485,0.9900416471567366,67.00000000,20.18481684,21
16,486,0.9900880625622728,68.00000000,22.19314742,23
16,487,0.9910593615554173,74.00000000,24.18680668,25
16,488,0.9904091791323204,70.00000000,27.04461360,28
16,489,0.9906093294977325,74.00000000,24.44692302,25
16,490,0.9922690046737559,74.00000000,23.19599104,24
16,491,0.9900861578779295,76.00000000,21.31800723,22
16,492,0.9910870941192074,78.00000000,22.15427828,23
16,493,0.9901194764038524,79.00000000,23.15378833,24
16,494,0.9908167182948027,65.00000000,17.21352386,18
16,495,0.991184300861251,65.00000000,20.91554832,22
16,496,0.9909164281985444,68.00000000,24.02998805,25
16,497,0.991700253130599,68.00000000,23.07602382,24
16,498,0.9911514572514574,78.00000000,23.21621323,24
16,499,0.9923368521297692,66.00000000,21.08531928,22
