11 0 0 8 8 8 9 9 9 9 9 10 10 10 10 1 0 0 0 0 0 8 8 4 8 8 8 8 8 8 8 13 1 1 1 1 1 13 13 13 13 14 14 14 14 14 5 5 5 5 5 11 11 11 11 11 11 11 11 11 11 11 11 11 11 11 7 7 7 7 7 2 7 7 7 7 7 7 7 7 7 7 7 7 7 7 5 5 5 5 5 11 11 11 11 11 7 7 7 7 7 7 7 7 7 7 3 3 4 3 3 5 5 11 5 5 11 10 10 3 3 12 9 9 11 5 5 5 9 11 15 9 9 9 9 2 11 11 11 11 1 11 2 11 0 0 11 15 11 15 10 15 15 11 15 15 15 11 15 15
11 8 8 8 8 11 8 8 8 8 8 8 8 1 8 8 12 12 12 2 12 2 2 3 4 12 11 11 11 11 11 14 14 0 0 0 0 0 0 0 0 10 10 10 4 10 10 10 10 10 10 0 0 0 0 0 0 0 0 0 0 0 0 0 0 0 10 10 10 10 10 10 10 10 10 6 10 10 10 10 10 8 8 8 8 10 7 11 11 11 11 11 11 11 11 11 11 3 3 3 3 5 4 4 4 4 4 4 4 4 4 4 3 11 3 11 10 10 7 4 4 4 4 10 9 4 9 7 0 9 0 5 9 5 5 10 5 5 10 10 10 11 11 11 11 5 11 11 5 5 10 5 6 12 6 5 11 5 5 11
8 14 14 13 14 14 14 14 14 14 14 14 14 14 14 14 14 14 14 14 3 14 14 4 14 14 14 14 14 14 14 14 3 14 14 14 11 11 14 5 5 3 4 0 0 0 1 1 1 1 1 3 3 3 3 3 3 9 9 9 9 2 2 11 11 11 0 0 0 0 0 7 7 7 7 7 12 12 12 12 12 12 12 12 12 12 12 12 12 7 7 5 5 5 5 5 5 5 5 5 5 5 5 5 5 5 5 5 5 5 5 7 7 11 5 11 5 10 10 5 5 7 7 14 11 14 10 9 7 11 7 11 11 11 7 10 9 6 9 9 4 11 0 11 11 11 11 11 11 11 11 7 11 10 10 11 11 8 11 10
13 10 10 10 10 10 10 10 10 10 10 13 13 13 13 13 9 0 3 9 0 0 0 0 0 0 4 11 11 11 11 2 8 8 8 8 8 8 8 8 6 0 0 0 1 1 1 0 0 0 0 12 12 12 12 12 5 5 5 5 5 5 5 5 5 5 10 10 10 7 13 8 8 8 8 8 1 1 12 12 1 12 12 12 12 12 14 14 13 13 5 13 13 1 1 1 11 6 1 1 1 3 1 1 1 3 6 6 6 6 6 6 6 6 11 6 11 6 10 10 6 6 2 2 2 9 2 9 2 9 2 9 2 9 2 9 2 10 2 9 2 11 11 11 11 4 11 4 11 4 4 10 7 7 11 1 11 9 9 9
14 0 0 0 0 0 12 12 12 12 12 8 8 8 1 12 14 9 14 2 2 2 6 6 6 12 14 14 14 14 14 9 9 9 9 9 0 0 0 0 0 14 14 14 14 14 13 13 13 13 13 13 13 13 13 13 13 13 13 13 13 7 13 13 13 13 7 7 7 7 7 7 7 7 7 14 14 14 14 14 14 14 14 14 14 14 7 13 7 7 7 9 9 11 11 11 11 3 3 0 0 0 0 0 0 0 0 0 0 0 0 0 0 11 0 11 10 10 2 5 5 14 14 14 11 14 11 15 2 11 2 11 9 15 2 11 15 15 10 9 15 15 9 13 9 15 15 10 15 10 15 4 11 15 9 15 10 10 5 11
0 10 10 10 10 10 9 9 9 9 9 9 9 9 13 13 14 14 14 2 14 13 4 4 4 4 6 13 13 2 2 13 13 2 2 5 9 9 9 9 9 9 9 9 1 1 1 14 14 14 14 9 9 9 9 9 14 14 9 9 9 7 8 8 8 8 10 10 10 10 10 13 13 13 2 13 9 1 9 9 1 1 0 0 0 0 2 7 7 5 5 11 11 11 11 11 5 5 5 5 5 5 5 5 5 4 4 4 4 4 4 0 0 1 11 11 10 10 15 15 15 10 10 15 9 15 11 9 4 11 15 0 9 10 10 10 1 11 15 11 10 9 15 11 7 7 11 7 7 7 9 10 10 11 11 10 10 10 13 15
13 0 0 0 0 0 13 13 13 13 13 0 0 0 0 0 0 0 0 0 3 0 0 0 0 0 13 13 13 13 13 13 13 13 7 13 13 13 13 13 13 1 1 1 1 1 1 1 1 1 1 12 12 12 12 12 5 6 12 12 12 12 12 12 12 12 14 14 14 14 14 8 8 8 8 8 8 8 8 8 8 9 9 9 9 9 9 9 9 9 9 6 3 3 3 3 3 3 3 3 7 1 1 1 1 1 3 3 3 3 3 1 1 1 1 11 11 10 10 14 14 1 1 1 11 1 1 10 1 10 1 11 1 1 1 11 2 10 6 11 1 2 11 2 11 2 6 11 1 11 1 10 10 0 0 11 0 10 0 10
11 0 0 0 0 0 9 10 13 10 10 9 9 9 9 9 14 14 3 14 14 14 14 6 6 6 9 9 9 9 9 8 8 6 6 6 6 6 6 6 6 6 6 6 6 6 8 8 8 6 8 8 8 8 8 8 8 8 8 8 8 8 8 8 8 8 4 4 4 4 4 4 4 4 4 5 4 4 4 4 4 14 8 14 14 8 1 1 1 1 1 1 2 2 2 2 11 6 6 6 6 6 6 6 6 6 4 4 4 4 4 2 2 2 2 2 11 2 10 10 2 10 10 12 12 12 10 11 15 9 11 2 2 2 11 4 7 9 0 0 11 9 9 9 9 9 6 9 6 10 6 10 6 10 6 6 10 6 10 6
12 9 9 9 9 14 13 13 13 13 13 0 0 1 13 13 13 13 13 13 13 2 13 13 4 13 13 13 13 13 13 10 10 10 10 10 2 13 13 13 13 5 5 4 4 4 4 1 1 0 0 0 0 0 0 1 1 14 14 14 14 12 12 12 12 12 6 2 2 2 2 8 8 8 8 8 8 8 8 8 8 4 1 1 9 9 12 12 1 1 1 6 6 6 6 6 6 6 6 6 6 5 5 5 5 5 6 5 5 5 6 5 5 5 11 5 11 10 10 15 15 2 2 4 9 5 9 6 9 6 9 6 6 11 6 11 14 1 9 1 1 11 2 2 2 9 5 5 5 10 5 5 10 11 5 10 10 5 9 10
10 10 10 10 10 10 11 11 11 11 11 11 11 11 11 11 11 11 2 11 2 14 14 2 4 14 14 14 14 14 14 11 11 11 11 11 13 13 13 13 13 13 13 13 13 13 10 10 10 10 10 0 0 0 5 5 2 2 2 2 2 4 0 0 0 0 4 4 4 4 4 4 4 4 4 4 8 8 8 8 8 4 4 4 4 4 4 4 4 4 4 5 5 5 5 5 6 6 6 6 6 6 1 3 1 1 6 6 6 6 6 6 6 6 6 11 6 10 6 6 6 6 10 6 6 11 15 15 15 15 9 6 6 9 6 6 10 10 10 10 6 15 11 15 7 2 11 15 11 15 15 5 10 5 9 5 6 6 11 15
